2277857800;92801,44904,1,9425,10422,417,132037,0,0,32240,6927,0,33301,4866,9,132105,0,0,32408,0,0,33310,4467,1,34532,6498,0,34534,6852,0,34452,8432,1,33311,9368,0;
2308686000;92884,44904,1,8923,10167,322,132037,0,0,32240,6819,3,33301,4889,32,132105,14389,0,32408,0,0,33310,4462,5,34532,6561,0,34534,6581,0,34452,8442,2,33311,9887,4;
2331779100;92970,44904,1,9164,10821,694,132037,0,0,32240,6819,3,33301,4888,34,132105,0,0,32408,0,0,33310,4439,7,34532,6331,0,34534,6668,0,34452,8675,0,33311,9916,1;
2353659400;93090,44904,1,10231,10468,986,132037,0,0,32240,6847,2,33301,4865,17,132105,0,0,32408,0,0,33310,4464,3,34532,6876,0,34534,6956,0,34452,8395,1,33311,10138,1;
2375359600;93141,44904,1,10194,10446,959,132037,0,0,32240,6890,1,33301,4866,17,132105,567,0,32408,0,0,33310,4448,10,34532,6849,0,34534,6837,0,34452,8376,0,33311,9715,2;
2395149700;93230,44904,1,9761,10512,708,132037,0,0,32240,8280,3,33301,4795,9,132105,0,0,32408,0,0,33310,4445,12,34532,6641,0,34534,7077,44,34452,8448,1,33311,8940,0;
2414330300;93312,44904,1,10677,10508,1571,132037,0,0,32240,6913,2,33301,4790,6,132105,3155,0,32408,0,0,33310,4427,11,34532,7047,38,34534,6857,0,34452,8363,0,33311,10096,0;
2441306400;93408,44904,1,10927,10789,2508,132037,445,0,32240,8081,0,33301,4818,2,132105,2857,0,32408,0,0,33310,4420,13,34532,7129,41,34534,6549,0,34452,8508,0,33311,10774,0;
2458808600;93564,44904,1,7529,10284,-2163,132037,0,0,32240,8445,0,33301,4824,5,132105,14160,0,32408,0,0,33310,4402,15,34532,7103,33,34534,7159,58,34452,8264,0,33311,9762,1;
2478918200;93653,44904,1,7698,10106,-1989,132037,0,0,32240,9492,3,33301,4824,6,132105,14127,1,32408,0,0,33310,4393,21,34532,5728,0,34534,7041,47,34452,8227,2,33311,9850,1;
2497110600;93735,44904,1,10414,10262,1089,132037,0,0,32240,8589,0,33301,4829,7,132105,14098,2,32408,0,0,33310,4385,18,34532,6912,1,34534,6589,0,34452,8212,5,33311,9797,1;
2515788100;93828,44904,1,8649,10021,245,132037,0,0,32240,8445,1,33301,4830,12,132105,14108,2,32408,0,0,33310,4378,46,34532,5715,0,34534,6271,0,34452,8192,3,33311,9709,2;
2533604000;93998,44904,1,8748,9962,263,132037,0,0,32240,8158,1,33301,4837,30,132105,14156,3,32408,0,0,33310,4360,102,34532,5398,0,34534,5757,0,34452,8161,3,33311,9810,11;
2560550100;94076,44904,1,8729,9946,254,132037,0,0,32240,6858,0,33301,4838,40,132105,14135,2,32408,0,0,33310,4354,130,34532,5372,1,34534,5424,0,34452,8154,4,33311,9801,8;
2669181300;94182,44904,1,7531,9814,-150,132037,0,0,32240,6839,0,33301,4843,59,132105,14179,0,32408,0,0,33310,4351,184,34532,5384,5,34534,5418,3,34452,8147,2,33311,9799,1;
2729002600;94244,44904,1,7525,9833,-134,132037,0,0,32240,6755,2,33301,4848,74,132105,14031,0,32408,0,0,33310,4346,196,34532,5374,8,34534,5413,5,34452,8156,6,33311,9756,5;
2819396600;94334,44904,1,7526,9830,-127,132037,0,0,32240,6753,1,33301,4854,85,132105,14168,1,32408,0,0,33310,4338,140,34532,5368,10,34534,5407,7,34452,8150,5,33311,9755,7;
2898647600;94413,44904,1,7534,9899,-85,132037,0,0,32240,6777,4,33301,4859,69,132105,14313,0,32408,0,0,33310,4334,159,34532,5367,15,34534,5405,11,34452,8190,1,33311,9814,3;
2989263500;94504,44904,1,7519,9797,-134,132037,0,0,32240,6748,3,33301,4865,58,132105,0,0,32408,0,0,33310,4330,215,34532,5358,18,34534,5401,13,34452,8126,10,33311,9961,0;
3070797000;94586,44904,1,7532,9798,-124,132037,0,0,32240,6764,2,33301,4872,76,132105,0,0,32408,0,0,33310,4321,133,34532,5358,18,34534,5398,13,34452,8121,4,33311,10152,0;
3159648600;94675,44904,1,7530,9775,-132,132037,0,0,32240,6776,1,33301,4879,74,132105,14354,0,32408,0,0,33310,4318,197,34532,5355,18,34534,5396,13,34452,8104,6,33311,9909,2;
3243404700;94758,44904,1,7527,9726,-149,132037,0,0,32240,6798,1,33301,4882,65,132105,14304,0,32408,0,0,33310,4311,159,34532,5349,21,34534,5389,16,34452,8070,3,33311,9784,2;
3752853200;95268,44904,1,7537,9653,-152,132037,0,0,32240,6802,2,33301,4920,67,132105,0,0,32408,0,0,33310,4282,179,34532,5333,50,34534,5375,41,34452,8007,3,33311,10690,4;
3837283300;95352,44904,1,7543,9640,-152,132037,0,0,32240,6809,2,33301,4928,70,132105,3766,0,32408,0,0,33310,4276,180,34532,5332,52,34534,5371,43,34452,7995,4,33311,10792,2;
3924553800;95440,44904,1,7540,9628,-152,132037,0,0,32240,6810,3,33301,4934,68,132105,3749,0,32408,0,0,33310,4270,179,34532,5326,56,34534,5368,48,34452,7985,2,33311,10294,0;
4007338500;95522,44904,1,7547,9614,-154,132037,0,0,32240,6848,7,33301,4939,70,132105,0,0,32408,0,0,33310,4265,189,34532,5327,56,34534,5366,48,34452,7973,4,33311,9928,0;
4090554000;95605,44904,1,7547,9598,-158,132037,0,0,32240,6853,6,33301,4945,67,132105,3675,0,32408,0,0,33310,4262,189,34532,5325,55,34534,5363,48,34452,7961,1,33311,9463,0;
4264674800;95780,44904,1,7555,9590,-149,132037,0,0,32240,6864,5,33301,4958,60,132105,0,0,32408,0,0,33310,4250,169,34532,5320,47,34534,5363,41,34452,7949,1,33311,8824,0;
4346161500;95861,44904,1,7557,9570,-154,132037,0,0,32240,6873,11,33301,4965,67,132105,3682,0,32408,0,0,33310,4246,190,34532,5318,57,34534,5359,50,34452,7933,3,33311,8931,0;
4432480300;95947,44904,1,7563,9560,-152,132037,0,0,32240,6878,11,33301,4970,64,132105,3657,0,32408,0,0,33310,4240,187,34532,5317,54,34534,5355,48,34452,7923,2,33311,8831,0;
4516743500;96032,44904,1,7564,9545,-155,132037,0,0,32240,6880,8,33301,4977,63,132105,3622,0,32408,0,0,33310,4236,188,34532,5315,57,34534,5354,50,34452,7911,3,33311,8800,1;
4689455300;96204,44904,1,7566,9523,-154,132037,0,0,32240,6898,12,33301,4990,62,132105,3619,0,32408,0,0,33310,4227,192,34532,5309,57,34534,5350,53,34452,7892,3,33311,8805,1;
4771135700;96286,44904,1,7573,9509,-155,132037,0,0,32240,6907,12,33301,4996,60,132105,3712,0,32408,0,0,33310,4222,190,34532,5310,55,34534,5349,51,34452,7880,3,33311,8845,0;
4859609100;96375,44904,1,7575,9499,-154,132037,0,0,32240,6913,13,33301,5001,56,132105,3603,0,32408,0,0,33310,4217,193,34532,5307,51,34534,5346,47,34452,7871,2,33311,8842,1;
4940680500;96456,44904,1,7581,9493,-151,132037,0,0,32240,6919,12,33301,5008,58,132105,3541,0,32408,0,0,33310,4211,208,34532,5306,55,34534,5344,52,34452,7863,3,33311,9034,0;
5028113200;96543,44904,1,7581,9481,-150,132037,0,0,32240,6927,11,33301,5014,54,132105,3677,0,32408,0,0,33310,4206,193,34532,5302,54,34534,5344,51,34452,7852,2,33311,8862,1;
5110441400;96625,44904,1,7583,9460,-155,132037,0,0,32240,6935,15,33301,5024,56,132105,4438,0,32408,0,0,33310,4202,202,34532,5301,50,34534,5341,48,34452,7836,3,33311,8858,0;
5196470800;96711,44904,1,7585,9448,-156,132037,0,0,32240,6941,14,33301,5027,54,132105,14613,0,32408,0,0,33310,4198,199,34532,5299,50,34534,5341,49,34452,7826,3,33311,8925,0;
5280631900;96796,44904,1,7588,9491,-134,132037,0,0,32240,6946,13,33301,5033,53,132105,3544,0,32408,0,0,33310,4194,203,34532,5295,48,34534,5337,46,34452,7851,4,33311,8861,1;
5365972300;96881,44904,1,7592,9436,-152,132037,0,0,32240,6957,14,33301,5039,54,132105,3560,0,32408,0,0,33310,4189,214,34532,5295,48,34534,5336,46,34452,7813,2,33311,10707,0;
5451318000;96966,44904,1,7594,9469,-135,132037,0,0,32240,6963,14,33301,5046,51,132105,14019,0,32408,0,0,33310,4185,222,34532,5293,43,34534,5336,41,34452,7832,5,33311,9095,0;
5535219100;97050,44904,1,7600,9462,-129,132037,0,0,32240,6970,14,33301,5055,52,132105,3606,0,32408,0,0,33310,4177,195,34532,5290,46,34534,5336,43,34452,7823,6,33311,9442,0;
5623449300;97138,44904,1,7603,9449,-133,132037,0,0,32240,6977,16,33301,5062,52,132105,3649,0,32408,0,0,33310,4175,202,34532,5291,40,34534,5333,37,34452,7813,5,33311,10170,0;
5710478700;97225,44904,1,7603,9390,-153,132037,0,0,32240,6981,13,33301,5067,48,132105,3546,0,32408,0,0,33310,4171,206,34532,5289,45,34534,5331,42,34452,7772,2,33311,8946,0;
5794426600;97309,44904,1,7605,9374,-153,132037,14714,0,32240,6991,14,33301,5073,49,132105,3626,0,32408,0,0,33310,4165,207,34532,5286,44,34534,5330,40,34452,7758,1,33311,8924,0;
5879560900;97394,44904,1,7606,9364,-154,132037,0,0,32240,6998,14,33301,5080,52,132105,0,0,32408,0,0,33310,4162,213,34532,5284,45,34534,5326,42,34452,7750,2,33311,8960,0;
5965991100;97481,44904,1,7609,9357,-153,132037,0,0,32240,7003,14,33301,5085,51,132105,0,0,32408,0,0,33310,4158,211,34532,5283,46,34534,5327,42,34452,7743,2,33311,8922,1;
6050546600;97565,44904,1,7612,9342,-154,132037,0,0,32240,7013,15,33301,5093,51,132105,13904,0,32408,0,0,33310,4154,222,34532,5282,49,34534,5325,46,34452,7731,2,33311,8930,0;
6134887700;97650,44904,1,7616,9329,-153,132037,0,0,32240,7023,17,33301,5099,51,132105,14139,0,32408,0,0,33310,4148,223,34532,5280,49,34534,5323,47,34452,7719,2,33311,8930,1;
6219228000;97734,44904,1,7617,9321,-153,132037,0,0,32240,7026,18,33301,5105,52,132105,3753,0,32408,0,0,33310,4145,228,34532,5278,50,34534,5322,48,34452,7712,2,33311,8967,0;
6304169600;97819,44904,1,7622,9310,-151,132037,0,0,32240,7032,19,33301,5112,51,132105,0,0,32408,0,0,33310,4139,224,34532,5277,49,34534,5319,47,34452,7701,2,33311,8991,0;
6390190100;97905,44904,1,7626,9305,-148,132037,0,0,32240,7044,19,33301,5119,47,132105,3945,0,32408,0,0,33310,4134,209,34532,5275,45,34534,5319,43,34452,7695,1,33311,8978,0;
6473765200;97989,44904,1,7626,9286,-152,132037,14631,0,32240,7050,20,33301,5125,50,132105,3661,0,32408,0,0,33310,4131,223,34532,5273,50,34534,5316,48,34452,7680,2,33311,8969,1;
6560101200;98075,44904,1,7630,9276,-152,132037,14794,0,32240,7055,21,33301,5135,48,132105,0,0,32408,0,0,33310,4127,224,34532,5273,52,34534,5314,52,34452,7671,1,33311,8992,0;
6643886500;98159,44904,1,7634,9270,-150,132037,115,0,32240,7064,20,33301,5140,46,132105,14531,0,32408,0,0,33310,4123,221,34532,5272,50,34534,5314,50,34452,7664,1,33311,8984,0;
6730144500;98245,44904,1,7635,9256,-151,132037,0,0,32240,7069,20,33301,5147,46,132105,14425,0,32408,0,0,33310,4119,227,34532,5270,49,34534,5311,49,34452,7653,1,33311,9054,0;
6814989700;98330,44904,1,7639,9245,-151,132037,14699,0,32240,7078,21,33301,5153,45,132105,14702,0,32408,0,0,33310,4115,230,34532,5269,51,34534,5311,51,34452,7643,2,33311,9041,0;
6899772600;98415,44904,1,7643,9233,-150,132037,14704,0,32240,7083,20,33301,5162,45,132105,0,0,32408,0,0,33310,4110,229,34532,5268,49,34534,5311,50,34452,7632,1,33311,9008,0;
6984207900;98499,44904,1,7645,9223,-150,132037,0,0,32240,7093,21,33301,5169,41,132105,0,0,32408,0,0,33310,4106,228,34532,5266,48,34534,5310,50,34452,7623,0,33311,8973,1;
7067139000;98582,44904,1,7648,9209,-152,132037,0,0,32240,7102,22,33301,5175,43,132105,0,0,32408,0,0,33310,4103,236,34532,5266,50,34534,5308,52,34452,7612,1,33311,8970,1;
7153756800;98669,44904,1,7648,9201,-149,132037,14598,0,32240,7105,20,33301,5181,41,132105,0,0,32408,13822,0,33310,4097,229,34532,5262,47,34534,5308,48,34452,7603,1,33311,9010,0;
7239070900;98754,44904,1,7653,9186,-152,132037,0,0,32240,7113,24,33301,5187,41,132105,0,0,32408,13506,0,33310,4094,231,34532,5263,48,34534,5305,50,34452,7591,1,33311,9193,1;
7324100400;98839,44904,1,7662,9221,-134,132037,0,0,32240,7121,24,33301,5195,42,132105,13360,0,32408,12675,0,33310,4089,228,34532,5264,48,34534,5305,50,34452,7612,2,33311,9017,1;
7410564200;98926,44904,1,7661,9210,-135,132037,0,0,32240,7128,26,33301,5200,43,132105,0,0,32408,12684,0,33310,4086,226,34532,5261,47,34534,5303,49,34452,7602,3,33311,9096,0;
7495108900;99010,44904,1,7662,9150,-152,132037,14640,0,32240,7137,24,33301,5208,42,132105,0,0,32408,12592,2,33310,4082,229,34532,5260,45,34534,5302,46,34452,7560,2,33311,9020,1;
7576243700;99091,44904,1,7665,9142,-150,132037,14680,0,32240,7142,26,33301,5215,43,132105,0,0,32408,12644,0,33310,4078,236,34532,5259,48,34534,5299,49,34452,7552,1,33311,9071,0;
7665785400;99181,44904,1,7666,9179,-134,132037,0,0,32240,7148,23,33301,5221,40,132105,0,0,32408,12627,0,33310,4075,236,34532,5256,43,34534,5302,44,34452,7575,3,33311,9183,5;
7745978000;99261,44904,1,7669,9127,-148,132037,0,0,32240,7155,19,33301,5227,39,132105,14371,0,32408,12783,0,33310,4071,231,34532,5256,47,34534,5300,47,34452,7538,0,33311,9049,1;
7833406600;99348,44904,1,7672,9164,-134,132037,14647,0,32240,7163,28,33301,5233,43,132105,0,0,32408,12618,1,33310,4069,230,34532,5255,43,34534,5300,42,34452,7561,5,33311,9052,1;
7918945300;99434,44904,1,7676,9150,-133,132037,0,0,32240,7172,20,33301,5240,40,132105,0,0,32408,0,0,33310,4064,234,34532,5254,49,34534,5298,49,34452,7549,3,33311,9183,10;
8121981900;99529,44904,1,7673,9089,-150,132037,0,0,32240,7178,24,33301,5248,41,132105,0,0,32408,0,0,33310,4061,236,34532,5251,44,34534,5294,43,34452,7506,1,33311,9189,7;
8145115600;99628,44904,1,7681,9078,-151,132037,14688,0,32240,7186,28,33301,5254,42,132105,0,0,32408,12702,0,33310,4058,239,34532,5254,47,34534,5294,45,34452,7496,1,33311,9059,1;
8194113400;99692,44904,1,7684,9070,-150,132037,0,0,32240,7192,27,33301,5259,42,132105,0,0,32408,0,0,33310,4054,239,34532,5253,48,34534,5293,46,34452,7488,1,33311,9059,2;
8276225200;99791,44904,1,7686,9060,-150,132037,14729,0,32240,7199,25,33301,5266,40,132105,0,0,32408,0,0,33310,4051,237,34532,5252,48,34534,5296,46,34452,7480,2,33311,9089,1;
8366473500;99880,44904,1,7690,9054,-149,132037,0,0,32240,7208,25,33301,5272,38,132105,0,0,32408,12627,1,33310,4048,235,34532,5252,47,34534,5294,44,34452,7474,2,33311,9107,2;
8533589500;99962,44904,1,7690,9040,-149,132037,0,0,32240,7216,29,33301,5278,39,132105,0,0,32408,12617,1,33310,4044,241,34532,5249,48,34534,5292,47,34452,7462,2,33311,9090,1;
8576969700;100036,44904,1,7691,9029,-149,132037,14788,0,32240,7222,30,33301,5286,44,132105,0,0,32408,12627,0,33310,4041,244,34532,5248,49,34534,5289,47,34452,7453,3,33311,9095,0;
8623760700;100124,44904,1,7696,9014,-150,132037,0,0,32240,7229,27,33301,5292,40,132105,0,0,32408,12658,0,33310,4037,239,34532,5248,49,34534,5290,47,34452,7440,3,33311,9121,1;
8705636500;100220,44904,1,7701,9009,-148,132037,0,0,32240,7236,27,33301,5300,38,132105,0,0,32408,12643,0,33310,4033,240,34532,5248,48,34534,5289,47,34452,7433,3,33311,9114,0;
8833474600;100289,44904,1,7703,9037,-136,132037,14662,1,32240,7243,28,33301,5308,43,132105,0,0,32408,12656,0,33310,4030,243,34532,5246,49,34534,5287,48,34452,7451,3,33311,9112,1;
8882507100;100379,44904,1,7706,8989,-148,132037,14701,0,32240,7253,26,33301,5315,39,132105,13795,0,32408,0,0,33310,4027,226,34532,5247,43,34534,5290,42,34452,7416,2,33311,9349,0;
8949425200;100464,44904,1,7705,9017,-137,132037,0,0,32240,7258,29,33301,5321,36,132105,0,0,32408,0,0,33310,4025,241,34532,5244,47,34534,5288,46,34452,7435,3,33311,9157,1;
9106809900;100550,44904,1,7709,8957,-150,132037,14740,0,32240,7266,29,33301,5329,35,132105,0,0,32408,0,0,33310,4020,244,34532,5244,47,34534,5289,47,34452,7390,4,33311,9141,0;
9148634900;100639,44904,1,7713,8947,-149,132037,19,0,32240,7275,29,33301,5337,41,132105,0,0,32408,0,0,33310,4015,242,34532,5243,47,34534,5287,46,34452,7381,4,33311,9193,0;
9203243000;100718,44904,1,7714,8940,-148,132037,0,0,32240,7281,27,33301,5344,40,132105,0,0,32408,0,0,33310,4012,237,34532,5242,45,34534,5286,44,34452,7374,3,33311,9151,0;
9301269900;100816,44904,1,7719,8924,-150,132037,14760,0,32240,7290,27,33301,5351,43,132105,0,0,32408,0,0,33310,4009,238,34532,5243,47,34534,5285,45,34452,7361,3,33311,9141,1;
9375772600;100878,44904,1,7721,8960,-136,132037,0,0,32240,7297,27,33301,5357,46,132105,0,0,32408,0,0,33310,4006,237,34532,5241,45,34534,5283,43,34452,7384,5,33311,9157,0;
9484513600;100998,44904,1,7728,8953,-133,132037,0,0,32240,7305,27,33301,5364,45,132105,13738,0,32408,0,0,33310,4001,236,34532,5241,46,34534,5284,43,34452,7376,6,33311,9177,1;
9553315100;101068,44904,1,7728,8939,-135,132037,0,0,32240,7314,27,33301,5371,39,132105,0,0,32408,0,0,33310,3999,241,34532,5240,49,34534,5285,45,34452,7365,5,33311,9164,1;
9722633000;101131,44904,1,7736,8928,-134,132037,0,0,32240,7321,26,33301,5379,33,132105,0,0,32408,0,0,33310,3995,239,34532,5242,41,34534,5284,36,34452,7355,4,33311,9207,1;
9769528700;101222,44904,1,7730,8869,-148,132037,0,0,32240,7326,24,33301,5389,32,132105,0,0,32408,0,0,33310,3993,245,34532,5238,49,34534,5284,44,34452,7313,3,33311,9171,2;
9815038600;101305,44904,1,7732,8911,-134,132037,0,0,32240,7336,25,33301,5397,29,132105,0,0,32408,0,0,33310,3990,245,34532,5236,50,34534,5282,46,34452,7340,5,33311,9172,3;
9997056600;101396,44904,1,7743,8896,-133,132037,0,0,32240,7345,25,33301,5403,24,132105,13809,0,32408,0,0,33310,3985,240,34532,5239,40,34534,5284,36,34452,7326,5,33311,9259,0;
10041422800;101474,44904,1,7740,8834,-149,132037,0,0,32240,7352,20,33301,5414,27,132105,0,0,32408,0,0,33310,3984,247,34532,5238,54,34534,5281,49,34452,7283,3,33311,9192,2;
10082987800;101561,44904,1,7748,8876,-134,132037,0,0,32240,7359,26,33301,5419,27,132105,0,0,32408,0,0,33310,3980,250,34532,5239,53,34534,5280,48,34452,7309,3,33311,9198,1;
10260893000;101643,44904,1,7749,8863,-134,132037,0,0,32240,7367,24,33301,5427,25,132105,0,0,32408,0,0,33310,3977,244,34532,5237,49,34534,5282,46,34452,7298,4,33311,9238,0;
10308111500;101733,44904,1,7753,8850,-135,132037,0,0,32240,7376,23,33301,5433,24,132105,0,0,32408,0,0,33310,3974,249,34532,5238,50,34534,5281,46,34452,7287,4,33311,9255,0;
10351137300;101818,44904,1,7754,8844,-132,132037,0,0,32240,7385,22,33301,5442,23,132105,0,0,32408,0,0,33310,3970,250,34532,5235,50,34534,5282,47,34452,7281,5,33311,9223,1;
10523393000;101934,44904,1,7756,8832,-133,132037,0,0,32240,7390,22,33301,5448,24,132105,0,0,32408,0,0,33310,3968,248,34532,5235,48,34534,5280,45,34452,7271,5,33311,9238,1;
10563050500;102008,44904,1,7761,8814,-136,132037,0,0,32240,7402,23,33301,5456,28,132105,0,0,32408,0,0,33310,3966,253,34532,5237,49,34534,5280,45,34452,7256,5,33311,9237,1;
10606467300;102082,44904,1,7761,8802,-136,132037,0,0,32240,7406,23,33301,5461,31,132105,0,0,32408,0,0,33310,3963,253,34532,5235,48,34534,5281,45,34452,7246,5,33311,9236,3;
10811708700;102177,44904,1,7767,8796,-133,132037,0,0,32240,7414,21,33301,5466,33,132105,0,0,32408,0,0,33310,3959,254,34532,5236,48,34534,5280,45,34452,7239,5,33311,9240,4;
10853489400;102251,44904,1,7769,8783,-134,132037,0,0,32240,7420,23,33301,5476,35,132105,0,0,32408,0,0,33310,3956,253,34532,5235,47,34534,5278,44,34452,7228,5,33311,9246,4;
10896191600;102335,44904,1,7770,8775,-135,132037,0,0,32240,7432,23,33301,5484,35,132105,0,0,32408,0,0,33310,3955,251,34532,5235,48,34534,5279,43,34452,7222,6,33311,9255,3;
10936850200;102430,44904,1,7775,8762,-135,132037,0,0,32240,7438,22,33301,5491,35,132105,14592,0,32408,0,0,33310,3952,251,34532,5236,48,34534,5279,43,34452,7211,6,33311,9266,3;
11061397800;102505,44904,1,7778,8753,-133,132037,0,0,32240,7448,22,33301,5498,34,132105,0,0,32408,0,0,33310,3948,248,34532,5235,46,34534,5280,42,34452,7202,5,33311,9269,4;
11103785500;102588,44904,1,7778,8741,-133,132037,0,0,32240,7455,22,33301,5505,34,132105,0,0,32408,0,0,33310,3945,251,34532,5233,48,34534,5277,43,34452,7192,5,33311,9305,5;
11153271400;102668,44904,1,7787,8732,-133,132037,0,0,32240,7464,20,33301,5512,32,132105,0,0,32408,0,0,33310,3943,252,34532,5237,49,34534,5279,44,34452,7184,6,33311,9313,4;
11257627000;102772,44904,1,7783,8715,-135,132037,0,0,32240,7470,22,33301,5521,30,132105,0,0,32408,0,0,33310,3941,252,34532,5233,50,34534,5276,44,34452,7170,5,33311,9288,3;
11789127600;102835,44904,1,7789,8709,-133,132037,0,0,32240,7480,21,33301,5528,29,132105,0,0,32408,0,0,33310,3938,254,34532,5235,51,34534,5278,46,34452,7164,5,33311,9297,3;
11876338300;102923,44904,1,7790,8698,-133,132037,0,0,32240,7486,19,33301,5535,28,132105,0,0,32408,0,0,33310,3935,250,34532,5233,51,34534,5280,47,34452,7154,5,33311,9302,4;
11937817900;103003,44904,1,7793,8683,-134,132037,0,0,32240,7497,20,33301,5545,27,132105,0,0,32408,0,0,33310,3933,253,34532,5234,52,34534,5279,47,34452,7142,7,33311,9310,4;
11981531900;103093,44904,1,7798,8671,-135,132037,0,0,32240,7504,20,33301,5550,25,132105,13830,0,32408,0,0,33310,3931,251,34532,5236,51,34534,5279,46,34452,7132,8,33311,9320,3;
12064381900;103186,44904,1,7803,8662,-133,132037,0,0,32240,7512,20,33301,5558,20,132105,0,0,32408,0,0,33310,3926,241,34532,5236,50,34534,5280,45,34452,7123,4,33311,9335,0;
12102626200;103266,44904,1,7804,8651,-134,132037,0,0,32240,7516,16,33301,5568,21,132105,13665,0,32408,0,0,33310,3925,252,34532,5236,41,34534,5280,37,34452,7115,9,33311,9334,2;
12203622000;103352,44904,1,7804,8638,-134,132037,0,0,32240,7527,18,33301,5576,25,132105,13633,1,32408,0,0,33310,3922,255,34532,5234,54,34534,5279,49,34452,7104,6,33311,9342,2;
12228422800;103439,44904,1,7810,8627,-135,132037,0,0,32240,7536,20,33301,5581,24,132105,13804,0,32408,0,0,33310,3921,255,34532,5237,54,34534,5279,49,34452,7095,8,33311,9344,3;
12374353400;103534,44904,1,7813,8618,-134,132037,0,0,32240,7541,17,33301,5588,25,132105,0,0,32408,0,0,33310,3918,255,34532,5237,44,34534,5280,40,34452,7086,6,33311,9373,1;
12418788100;103603,44904,1,7817,8606,-134,132037,0,0,32240,7551,16,33301,5596,27,132105,0,0,32408,0,0,33310,3915,255,34532,5237,54,34534,5282,49,34452,7075,9,33311,9364,3;
12465536000;103712,44904,1,7819,8590,-136,132037,0,0,32240,7560,19,33301,5606,29,132105,0,0,32408,0,0,33310,3914,255,34532,5238,54,34534,5282,49,34452,7063,9,33311,9368,3;
12503530000;103765,44904,1,7823,8580,-135,132037,0,0,32240,7569,19,33301,5611,28,132105,0,0,32408,0,0,33310,3911,255,34532,5238,53,34534,5282,48,34452,7054,8,33311,9381,2;
12675987700;103872,44904,1,7825,8571,-135,132037,0,0,32240,7576,18,33301,5620,27,132105,0,0,32408,0,0,33310,3909,255,34532,5238,54,34534,5282,47,34452,7046,7,33311,9385,3;
12720348000;103961,44904,1,7829,8560,-135,132037,0,0,32240,7583,17,33301,5628,26,132105,0,0,32408,0,0,33310,3907,255,34532,5239,55,34534,5282,48,34452,7037,7,33311,9385,4;
12761236200;104033,44904,1,7829,8545,-135,132037,0,0,32240,7592,17,33301,5636,24,132105,0,0,32408,0,0,33310,3905,255,34532,5238,55,34534,5283,48,34452,7025,7,33311,9426,5;
12933794900;104115,44904,1,7830,8540,-135,132037,0,0,32240,7601,19,33301,5645,24,132105,0,0,32408,0,0,33310,3904,255,34532,5238,57,34534,5284,50,34452,7021,7,33311,9432,4;
12979871700;104218,44904,1,7837,8527,-135,132037,0,0,32240,7609,19,33301,5652,23,132105,0,0,32408,0,0,33310,3901,255,34532,5240,56,34534,5282,49,34452,7009,6,33311,9408,5;
13188672600;104303,44904,1,7839,8517,-136,132037,0,0,32240,7618,18,33301,5660,22,132105,0,0,32408,0,0,33310,3900,255,34532,5241,57,34534,5286,50,34452,7000,7,33311,9447,5;
13234760600;104365,44904,1,7840,8505,-136,132037,0,0,32240,7625,18,33301,5667,22,132105,0,0,32408,0,0,33310,3898,255,34532,5240,55,34534,5284,48,34452,6990,7,33311,9456,4;
13286760000;104451,44904,1,7847,8501,-133,132037,0,0,32240,7632,18,33301,5676,23,132105,0,0,32408,0,0,33310,3895,255,34532,5242,56,34534,5287,50,34452,6985,7,33311,9464,4;
13323127100;104534,44904,1,7847,8486,-134,132037,0,0,32240,7640,18,33301,5683,22,132105,0,0,32408,0,0,33310,3893,255,34532,5241,55,34534,5286,49,34452,6973,7,33311,9441,4;
13451547600;104644,44904,1,7851,8473,-134,132037,0,0,32240,7653,18,33301,5691,23,132105,0,0,32408,0,0,33310,3891,255,34532,5242,56,34534,5287,50,34452,6962,7,33311,9445,3;
13494641100;104701,44904,1,7854,8462,-134,132037,0,0,32240,7659,19,33301,5701,23,132105,0,0,32408,0,0,33310,3889,255,34532,5243,58,34534,5286,50,34452,6953,8,33311,9453,5;
13537236800;104797,44904,1,7855,8447,-136,132037,0,0,32240,7666,19,33301,5705,21,132105,0,0,32408,0,0,33310,3888,255,34532,5243,56,34534,5288,49,34452,6941,8,33311,9458,4;
13579756200;104874,44904,1,7859,8434,-135,132037,0,0,32240,7673,20,33301,5713,22,132105,0,0,32408,0,0,33310,3885,255,34532,5243,59,34534,5288,51,34452,6930,9,33311,9497,5;
13756672200;104958,44904,1,7861,8424,-135,132037,0,0,32240,7680,20,33301,5721,21,132105,0,0,32408,0,0,33310,3884,255,34532,5244,58,34534,5289,50,34452,6922,8,33311,9504,6;
13793453700;105127,44904,1,7868,8406,-135,132037,0,0,32240,7698,19,33301,5739,23,132105,0,0,32408,0,0,33310,3881,255,34532,5246,59,34534,5289,50,34452,6905,9,33311,9521,6;
13833525400;105218,44904,1,7871,8398,-134,132037,0,0,32240,7706,19,33301,5744,21,132105,0,0,32408,5148,0,33310,3879,255,34532,5247,59,34534,5291,50,34452,6898,9,33311,9527,7;
14000309900;105297,44904,1,7873,8379,-135,132037,0,0,32240,7717,19,33301,5753,20,132105,0,0,32408,0,0,33310,3877,255,34532,5247,60,34534,5292,50,34452,6883,9,33311,9533,6;
14040774000;105380,44904,1,7877,8376,-133,132037,0,0,32240,7724,18,33301,5763,20,132105,0,0,32408,5526,0,33310,3875,255,34532,5248,60,34534,5292,50,34452,6879,8,33311,9542,5;
14084240300;105464,44904,1,7881,8357,-134,132037,0,0,32240,7733,18,33301,5771,21,132105,0,0,32408,5071,0,33310,3873,255,34532,5249,58,34534,5294,50,34452,6864,8,33311,9553,6;
14127130400;105563,44904,1,7883,8346,-134,132037,0,0,32240,7741,17,33301,5779,22,132105,0,0,32408,4982,0,33310,3872,255,34532,5250,60,34534,5296,51,34452,6855,8,33311,9556,6;
14289199800;105636,44904,1,7888,8338,-135,132037,0,0,32240,7749,16,33301,5785,22,132105,0,0,32408,4968,1,33310,3871,255,34532,5252,60,34534,5298,51,34452,6848,8,33311,9565,6;
14332208700;105722,44904,1,7885,8324,-134,132037,0,0,32240,7759,17,33301,5792,21,132105,0,0,32408,4978,1,33310,3869,255,34532,5249,60,34534,5296,52,34452,6837,8,33311,9572,7;
14374563600;105809,44904,1,7892,8316,-133,132037,0,0,32240,7764,15,33301,5800,21,132105,0,0,32408,4981,1,33310,3867,255,34532,5252,61,34534,5298,53,34452,6828,9,33311,9581,9;
14417794100;105894,44904,1,7895,8303,-135,132037,0,0,32240,7772,15,33301,5808,19,132105,0,0,32408,4993,1,33310,3867,255,34532,5254,60,34534,5301,52,34452,6818,8,33311,9590,10;
14543523400;105980,44904,1,7900,8290,-134,132037,0,0,32240,7779,13,33301,5816,24,132105,0,0,32408,5006,1,33310,3864,255,34532,5255,57,34534,5301,48,34452,6806,7,33311,9593,10;
14584078700;106063,44904,1,7904,8284,-133,132037,0,0,32240,7786,11,33301,5823,20,132105,0,0,32408,5005,1,33310,3863,255,34532,5257,59,34534,5303,50,34452,6801,6,33311,9603,8;
14629745600;106145,44904,1,7907,8272,-134,132037,0,0,32240,7797,15,33301,5828,22,132105,0,0,32408,5006,1,33310,3862,255,34532,5258,57,34534,5304,49,34452,6791,9,33311,9583,3;
14723999100;106239,44904,1,7911,8264,-132,132037,0,0,32240,7809,12,33301,5838,21,132105,0,0,32408,5055,0,33310,3860,255,34532,5259,61,34534,5305,53,34452,6784,10,33311,9616,8;
14799762100;106315,44904,1,7916,8247,-133,132037,0,0,32240,7815,13,33301,5849,20,132105,0,0,32408,5060,0,33310,3859,255,34532,5262,59,34534,5308,51,34452,6770,9,33311,9627,9;
14885166700;106400,44904,1,7922,8244,-132,132037,0,0,32240,7826,14,33301,5857,22,132105,0,0,32408,5070,0,33310,3857,255,34532,5264,60,34534,5311,53,34452,6766,10,33311,9633,9;
14970054300;106485,44904,1,7923,8232,-133,132037,0,0,32240,7832,14,33301,5861,21,132105,0,0,32408,5053,0,33310,3857,255,34532,5265,61,34534,5311,53,34452,6757,9,33311,9644,8;
15055045200;106570,44904,1,7927,8219,-132,132037,0,0,32240,7842,15,33301,5869,21,132105,0,0,32408,5043,0,33310,3855,255,34532,5266,61,34534,5313,54,34452,6745,9,33311,9651,8;
15521218700;106655,44904,1,7931,8213,-133,132037,0,0,32240,7851,13,33301,5877,20,132105,0,0,32408,5073,0,33310,3855,255,34532,5269,61,34534,5315,54,34452,6740,9,33311,9660,7;
15562065900;106747,44904,1,7937,8199,-132,132037,0,0,32240,7862,13,33301,5886,19,132105,0,0,32408,5072,0,33310,3853,255,34532,5271,62,34534,5316,56,34452,6728,8,33311,9669,7;
15751002400;106836,44904,1,7938,8187,-133,132037,0,0,32240,7869,13,33301,5894,20,132105,0,0,32408,5129,0,33310,3853,255,34532,5272,60,34534,5317,54,34452,6719,9,33311,9676,7;
15794457100;106913,44904,1,7944,8178,-132,132037,0,0,32240,7877,13,33301,5900,19,132105,0,0,32408,0,0,33310,3851,255,34532,5274,59,34534,5319,53,34452,6710,9,33311,9685,7;
15837754500;106999,44904,1,7948,8168,-133,132037,0,0,32240,7888,13,33301,5908,20,132105,0,0,32408,0,0,33310,3851,255,34532,5277,59,34534,5324,53,34452,6702,9,33311,9693,8;
15881566000;107084,44904,1,7952,8156,-133,132037,0,0,32240,7893,13,33301,5918,19,132105,0,0,32408,0,0,33310,3850,255,34532,5279,58,34534,5324,52,34452,6692,10,33311,9699,8;
16101425200;107168,44904,1,7955,8141,-133,132037,0,0,32240,7902,13,33301,5924,19,132105,0,0,32408,0,0,33310,3849,255,34532,5280,58,34534,5326,52,34452,6680,10,33311,9710,9;
16147572500;107253,44904,1,7962,8137,-132,132037,0,0,32240,7917,12,33301,5929,20,132105,0,0,32408,0,0,33310,3848,255,34532,5284,56,34534,5331,51,34452,6676,9,33311,9719,9;
16247866700;107338,44904,1,7967,8129,-132,132037,0,0,32240,7924,12,33301,5937,19,132105,0,0,32408,0,0,33310,3847,255,34532,5286,55,34534,5330,50,34452,6669,10,33311,9725,8;
16285206600;107425,44904,1,7974,8119,-131,132037,0,0,32240,7930,12,33301,5944,19,132105,0,0,32408,0,0,33310,3846,255,34532,5290,54,34534,5334,50,34452,6659,10,33311,9735,9;
16320806000;107516,44904,1,7975,8106,-132,132037,0,0,32240,7941,12,33301,5952,19,132105,0,0,32408,0,0,33310,3846,255,34532,5291,52,34534,5338,48,34452,6649,11,33311,9744,8;
16366202100;107600,44904,1,7981,8096,-132,132037,0,0,32240,7951,12,33301,5961,20,132105,0,0,32408,0,0,33310,3844,255,34532,5294,53,34534,5341,48,34452,6640,12,33311,9754,10;
16413245900;107684,44904,1,7985,8084,-132,132037,0,0,32240,7959,12,33301,5967,22,132105,0,0,32408,0,0,33310,3843,255,34532,5296,57,34534,5341,52,34452,6630,12,33311,9761,10;
16470628700;107761,44904,1,7990,8073,-132,132037,0,0,32240,7962,11,33301,5973,18,132105,0,0,32408,0,0,33310,3843,255,34532,5300,57,34534,5345,53,34452,6621,11,33311,9771,9;
16516972200;107850,44904,1,7993,8062,-132,132037,0,0,32240,7972,11,33301,5982,17,132105,0,0,32408,0,0,33310,3842,255,34532,5301,58,34534,5346,53,34452,6612,10,33311,9779,10;
16734230300;107939,44904,1,7999,8054,-132,132037,0,0,32240,7983,12,33301,5991,15,132105,0,0,32408,0,0,33310,3842,255,34532,5305,57,34534,5348,53,34452,6605,10,33311,9790,10;
16779731700;108021,44904,1,7998,8041,-132,132037,0,0,32240,7995,12,33301,5998,14,132105,0,0,32408,0,0,33310,3841,255,34532,5304,56,34534,5349,53,34452,6595,10,33311,9795,10;
16832466500;108112,44904,1,8006,8033,-132,132037,0,0,32240,8004,12,33301,6005,15,132105,0,0,32408,0,0,33310,3841,255,34532,5309,59,34534,5353,55,34452,6588,11,33311,9804,11;
16889150100;108218,44904,1,8007,8016,-133,132037,0,0,32240,8011,10,33301,6013,13,132105,0,0,32408,0,0,33310,3841,255,34532,5310,52,34534,5355,50,34452,6574,9,33311,9810,9;
16943346100;108273,44904,1,8012,8014,-132,132037,0,0,32240,8019,11,33301,6020,17,132105,0,0,32408,0,0,33310,3840,255,34532,5312,55,34534,5359,53,34452,6571,11,33311,9818,10;
16990967600;108361,44904,1,8018,8000,-132,132037,0,0,32240,8030,12,33301,6030,18,132105,0,0,32408,0,0,33310,3840,255,34532,5316,51,34534,5361,48,34452,6560,11,33311,9827,10;
17047959000;108458,44904,1,8019,7987,-133,132037,0,0,32240,8039,12,33301,6037,17,132105,0,0,32408,0,0,33310,3840,255,34532,5317,49,34534,5364,47,34452,6550,9,33311,9837,11;
17093639000;108535,44904,1,8027,7982,-132,132037,0,0,32240,8045,11,33301,6044,19,132105,0,0,32408,0,0,33310,3839,255,34532,5321,51,34534,5365,48,34452,6545,12,33311,9845,10;
17142930000;108615,44904,1,8030,7970,-132,132037,0,0,32240,8056,13,33301,6053,16,132105,0,0,32408,0,0,33310,3839,255,34532,5323,51,34534,5369,49,34452,6535,10,33311,9856,9;
17187342300;108702,44904,1,8033,7962,-131,132037,0,0,32240,8066,13,33301,6059,11,132105,0,0,32408,0,0,33310,3838,255,34532,5324,49,34534,5371,46,34452,6528,14,33311,9863,10;
17272172700;108787,44904,1,8037,7950,-132,132037,0,0,32240,8073,11,33301,6069,17,132105,0,0,32408,0,0,33310,3838,255,34532,5327,49,34534,5372,46,34452,6518,12,33311,9872,13;
17364718900;108879,44904,1,8039,7939,-132,132037,0,0,32240,8085,13,33301,6078,16,132105,0,0,32408,0,0,33310,3838,255,34532,5328,52,34534,5375,49,34452,6510,11,33311,9879,11;
17526090400;108949,44904,1,8040,7929,-133,132037,0,0,32240,8094,11,33301,6084,15,132105,0,0,32408,0,0,33310,3839,255,34532,5330,48,34534,5376,45,34452,6502,13,33311,9886,10;
17578974400;109049,44904,1,8048,7914,-132,132037,0,0,32240,8104,11,33301,6092,14,132105,0,0,32408,0,0,33310,3838,255,34532,5334,45,34534,5378,42,34452,6488,12,33311,9900,11;
17681806600;109139,44904,1,8048,7902,-133,132037,0,0,32240,8108,12,33301,6099,14,132105,13773,0,32408,0,0,33310,3838,255,34532,5334,47,34534,5379,43,34452,6479,13,33311,9905,12;
17739773100;109208,44904,1,8051,7893,-133,132037,0,0,32240,8118,13,33301,6110,15,132105,0,0,32408,0,0,33310,3838,255,34532,5336,48,34534,5381,44,34452,6472,14,33311,9913,12;
17791390300;109296,44904,1,8055,7884,-133,132037,0,0,32240,8129,13,33301,6117,16,132105,0,0,32408,0,0,33310,3838,255,34532,5339,48,34534,5385,44,34452,6464,14,33311,9921,11;
17867380100;109382,44904,1,8061,7872,-131,132037,0,0,32240,8136,13,33301,6127,16,132105,0,0,32408,0,0,33310,3837,255,34532,5342,52,34534,5386,45,34452,6454,14,33311,9932,10;
17948367500;109463,44904,1,8061,7858,-132,132037,0,0,32240,8145,14,33301,6134,15,132105,0,0,32408,0,0,33310,3837,255,34532,5342,50,34534,5390,45,34452,6443,13,33311,9934,9;
18393978000;109552,44904,1,8065,7853,-132,132037,0,0,32240,8152,13,33301,6143,13,132105,0,0,32408,0,0,33310,3838,255,34532,5345,51,34534,5389,44,34452,6439,15,33311,9948,12;
19211529600;109638,44904,1,8067,7841,-131,132037,0,0,32240,8160,14,33301,6150,13,132105,0,0,32408,0,0,33310,3837,255,34532,5346,49,34534,5393,43,34452,6429,15,33311,9951,12;
19561511100;109724,44904,1,8068,7825,-131,132037,0,0,32240,8170,12,33301,6159,14,132105,0,0,32408,0,0,33310,3837,255,34532,5347,50,34534,5393,43,34452,6416,16,33311,9959,10;
19604566700;109804,44904,1,8073,7817,-131,132037,0,0,32240,8177,13,33301,6168,14,132105,0,0,32408,0,0,33310,3837,255,34532,5350,50,34534,5396,43,34452,6409,15,33311,9966,10;
19649453800;109890,44904,1,8076,7805,-131,132037,0,0,32240,8186,13,33301,6176,14,132105,0,0,32408,0,0,33310,3837,255,34532,5352,51,34534,5398,43,34452,6399,15,33311,9975,8;
19692961700;109976,44904,1,8081,7795,-131,132037,0,0,32240,8192,13,33301,6185,14,132105,0,0,32408,0,0,33310,3837,255,34532,5355,51,34534,5401,43,34452,6390,16,33311,9981,8;
19734987900;110061,44904,1,8083,7783,-132,132037,0,0,32240,8201,11,33301,6195,14,132105,0,0,32408,0,0,33310,3838,255,34532,5357,54,34534,5402,45,34452,6381,16,33311,9991,11;
19913309000;110147,44904,1,8084,7770,-131,132037,0,0,32240,8214,14,33301,6202,14,132105,0,0,32408,0,0,33310,3838,255,34532,5358,53,34534,5404,43,34452,6371,20,33311,9994,10;
19954900900;110232,44904,1,8089,7763,-130,132037,0,0,32240,8222,12,33301,6212,9,132105,0,0,32408,0,0,33310,3837,255,34532,5360,53,34534,5406,42,34452,6364,19,33311,10006,12;
20125171900;110316,44904,1,8092,7747,-131,132037,0,0,32240,8231,13,33301,6218,10,132105,0,0,32408,0,0,33310,3838,255,34532,5363,55,34534,5408,43,34452,6352,13,33311,10010,11;
20166869100;110403,44904,1,8096,7742,-131,132037,0,0,32240,8238,12,33301,6226,13,132105,0,0,32408,0,0,33310,3839,255,34532,5366,56,34534,5410,43,34452,6348,19,33311,10022,11;
20229921200;110486,44904,1,8097,7731,-131,132037,0,0,32240,8245,12,33301,6236,12,132105,0,0,32408,0,0,33310,3839,255,34532,5367,50,34534,5413,38,34452,6339,17,33311,10030,5;
20270887000;110572,44904,1,8102,7720,-130,132037,0,0,32240,8253,11,33301,6244,12,132105,0,0,32408,0,0,33310,3839,255,34532,5370,58,34534,5415,45,34452,6330,17,33311,10038,7;
20312062000;110656,44904,1,8102,7707,-131,132037,0,0,32240,8259,10,33301,6254,10,132105,0,0,32408,0,0,33310,3840,255,34532,5371,57,34534,5418,42,34452,6319,16,33311,10043,7;
20356141300;110748,44904,1,8107,7697,-130,132037,0,0,32240,8273,13,33301,6255,10,132105,0,0,32408,0,0,33310,3840,255,34532,5374,62,34534,5420,46,34452,6311,16,33311,10049,9;
20397665100;110823,44904,1,8108,7684,-131,132037,0,0,32240,8279,10,33301,6267,10,132105,0,0,32408,0,0,33310,3841,255,34532,5376,58,34534,5422,42,34452,6301,16,33311,10057,7;
20478153100;110995,44904,1,8115,7661,-130,132037,0,0,32240,8298,10,33301,6286,10,132105,0,0,32408,0,0,33310,3841,255,34532,5380,57,34534,5427,40,34452,6282,15,33311,10078,6;
20521635500;111166,44904,1,8122,7643,-131,132037,0,0,32240,8315,10,33301,6304,9,132105,0,0,32408,0,0,33310,3843,255,34532,5387,58,34534,5429,39,34452,6268,15,33311,10090,6;
20563548600;111252,44904,1,8127,7631,-131,132037,0,0,32240,8323,10,33301,6313,9,132105,13548,0,32408,0,0,33310,3844,254,34532,5391,55,34534,5434,37,34452,6258,14,33311,10102,7;
20605123200;111341,44904,1,8127,7618,-130,132037,0,0,32240,8331,11,33301,6322,9,132105,13664,0,32408,0,0,33310,3844,253,34532,5391,57,34534,5434,38,34452,6248,16,33311,10111,8;
20667827500;111424,44904,1,8130,7608,-130,132037,0,0,32240,8343,10,33301,6327,9,132105,0,0,32408,0,0,33310,3846,250,34532,5394,56,34534,5438,37,34452,6240,16,33311,10117,6;
20713453900;111503,44904,1,8132,7597,-130,132037,0,0,32240,8351,10,33301,6339,10,132105,0,0,32408,0,0,33310,3847,255,34532,5396,58,34534,5439,38,34452,6230,16,33311,10126,6;
20757085300;111588,44904,1,8137,7584,-129,132037,0,0,32240,8358,9,33301,6344,10,132105,0,0,32408,0,0,33310,3847,248,34532,5399,56,34534,5445,37,34452,6219,15,33311,10135,6;
20803409500;111762,44904,1,8144,7566,-130,132037,0,0,32240,8375,9,33301,6364,12,132105,13500,0,32408,0,0,33310,3849,250,34532,5405,59,34534,5448,39,34452,6205,18,33311,10149,6;
20861322100;111850,44904,1,8146,7554,-130,132037,0,0,32240,8386,9,33301,6372,12,132105,0,0,32408,0,0,33310,3850,249,34532,5407,60,34534,5449,38,34452,6196,17,33311,10156,6;
20967363300;112184,44904,1,8156,7507,-129,132037,0,0,32240,8420,9,33301,6410,11,132105,0,0,32408,0,0,33310,3853,244,34532,5416,58,34534,5460,36,34452,6158,17,33311,10188,7;
21011006600;112273,44904,1,8157,7497,-129,132037,0,0,32240,8430,9,33301,6414,10,132105,12870,0,32408,0,0,33310,3854,247,34532,5417,57,34534,5464,36,34452,6150,16,33311,10194,6;
21054511300;112357,44904,1,8162,7485,-128,132037,0,0,32240,8433,10,33301,6426,11,132105,0,0,32408,0,0,33310,3855,251,34532,5421,58,34534,5464,36,34452,6140,16,33311,10199,5;
21096498500;112442,44904,1,8163,7479,-128,132037,0,0,32240,8438,9,33301,6427,11,132105,0,0,32408,0,0,33310,3855,248,34532,5422,59,34534,5469,36,34452,6135,14,33311,10204,5;
21142660400;112519,44904,1,8166,7469,-129,132037,0,0,32240,8450,10,33301,6435,10,132105,12718,0,32408,0,0,33310,3857,250,34532,5425,57,34534,5470,35,34452,6128,16,33311,10209,6;
21188507700;112699,44904,1,8173,7447,-128,132037,0,0,32240,8469,9,33301,6454,9,132105,0,0,32408,0,0,33310,3859,247,34532,5431,58,34534,5474,35,34452,6110,16,33311,10233,8;
21277613500;112792,44904,1,8175,7431,-127,132037,0,0,32240,8472,9,33301,6463,9,132105,12744,0,32408,0,0,33310,3860,247,34532,5433,59,34534,5478,36,34452,6097,17,33311,10238,7;
21347494900;112862,44904,1,8175,7421,-128,132037,0,0,32240,8486,10,33301,6477,11,132105,12739,0,32408,0,0,33310,3862,248,34532,5435,59,34534,5481,36,34452,6090,15,33311,10248,6;
21432384200;112947,44904,1,8180,7416,-130,132037,0,0,32240,8490,10,33301,6480,11,132105,0,0,32408,0,0,33310,3864,248,34532,5439,45,34534,5484,25,34452,6087,17,33311,10253,6;
21518485300;113033,44904,1,8181,7402,-128,132037,0,0,32240,8502,11,33301,6495,10,132105,0,0,32408,0,0,33310,3864,245,34532,5440,56,34534,5488,33,34452,6075,13,33311,10265,5;
21602777500;113118,44904,1,8186,7387,-127,132037,0,0,32240,8512,10,33301,6500,11,132105,12688,0,32408,0,0,33310,3865,231,34532,5444,52,34534,5489,31,34452,6062,19,33311,10272,6;
21687439100;113202,44904,1,8190,7378,-128,132037,0,0,32240,8518,6,33301,6511,7,132105,0,0,32408,0,0,33310,3867,246,34532,5448,48,34534,5491,28,34452,6055,18,33311,10279,8;
21773038900;113288,44904,1,8192,7367,-127,132037,0,0,32240,8529,9,33301,6517,9,132105,12818,0,32408,0,0,33310,3868,238,34532,5450,53,34534,5494,31,34452,6046,15,33311,10266,3;
22116955700;113632,44904,1,8204,7324,-127,132037,0,0,32240,8564,9,33301,6553,10,132105,13260,0,32408,0,0,33310,3874,231,34532,5462,56,34534,5508,32,34452,6013,18,33311,10321,9;
22391162600;113712,44904,1,8205,7310,-128,132037,0,0,32240,8576,7,33301,6561,10,132105,12670,0,32408,0,0,33310,3877,231,34532,5465,53,34534,5511,30,34452,6003,18,33311,10329,6;
22433729200;113800,44904,1,8214,7302,-126,132037,0,0,32240,0,0,33301,6570,10,132105,12706,0,32408,0,0,33310,3877,231,34532,5471,56,34534,5512,33,34452,5995,18,33311,10340,5;
22482778900;113889,44904,1,8211,7291,-127,132037,0,0,32240,8591,11,33301,6587,10,132105,12653,0,32408,0,0,33310,3879,229,34532,5471,53,34534,5517,30,34452,5988,17,33311,10349,6;
22576024300;113975,44904,1,8214,7278,-128,132037,0,0,32240,8602,9,33301,6588,10,132105,13060,0,32408,0,0,33310,3882,234,34532,5475,57,34534,5518,33,34452,5977,18,33311,10353,7;
22968719100;114056,44904,1,8222,7268,-126,132037,0,0,32240,8608,8,33301,6598,9,132105,12782,0,32408,0,0,33310,3882,231,34532,5480,55,34534,5521,31,34452,5968,19,33311,10361,7;
23029789800;114137,44904,1,8224,7260,-126,132037,0,0,32240,8618,6,33301,6609,7,132105,12688,0,32408,0,0,33310,3883,228,34532,5482,51,34534,5525,29,34452,5962,17,33311,10373,9;
23084555000;114225,44904,1,8225,7246,-127,132037,0,0,32240,8624,7,33301,6611,6,132105,12693,0,32408,0,0,33310,3886,233,34532,5485,55,34534,5527,31,34452,5952,21,33311,10378,9;
23128424300;114304,44904,1,8226,7237,-127,132037,0,0,32240,8636,9,33301,6624,9,132105,12696,0,32408,0,0,33310,3888,212,34532,5487,54,34534,5530,29,34452,5945,20,33311,10387,9;
23173910000;114397,44904,1,8230,7224,-127,132037,0,0,32240,8647,7,33301,6631,9,132105,13170,0,32408,0,0,33310,3890,225,34532,5491,53,34534,5535,31,34452,5935,23,33311,10395,10;
23236773600;114484,44904,1,8236,7211,-125,132037,0,0,32240,8656,9,33301,6640,8,132105,12639,0,32408,0,0,33310,3891,217,34532,5495,57,34534,5541,34,34452,5924,15,33311,10371,4;
23292068000;114569,44904,1,8239,7203,-125,132037,0,0,32240,8665,9,33301,6655,5,132105,12622,1,32408,0,0,33310,3892,219,34532,5498,54,34534,5543,30,34452,5918,21,33311,10409,7;
23560831800;114647,44904,1,8240,7193,-126,132037,0,0,32240,8674,7,33301,6662,5,132105,12696,0,32408,0,0,33310,3895,221,34532,5501,53,34534,5544,30,34452,5911,21,33311,10418,5;
23615205600;114735,44904,1,8242,7178,-127,132037,0,0,32240,8681,7,33301,6669,7,132105,12663,0,32408,0,0,33310,3898,228,34532,5504,56,34534,5550,31,34452,5900,21,33311,10433,8;
23681845800;114822,44904,1,8244,7167,-127,132037,0,0,32240,8689,9,33301,6676,7,132105,12682,0,32408,0,0,33310,3900,225,34532,5507,53,34534,5552,29,34452,5891,22,33311,10440,5;
23796222400;114908,44904,1,8248,7157,-127,132037,0,0,32240,8701,7,33301,6687,6,132105,12712,0,32408,0,0,33310,3902,221,34532,5511,54,34534,5557,30,34452,5883,23,33311,10445,6;
23852789800;114993,44904,1,8254,7144,-125,132037,0,0,32240,8710,9,33301,6695,5,132105,12688,0,32408,0,0,33310,3903,220,34532,5515,54,34534,5559,30,34452,5872,23,33311,10449,8;
23906001300;115069,44904,1,8257,7137,-124,132037,0,0,32240,8721,8,33301,6705,6,132105,0,0,32408,0,0,33310,3904,220,34532,5518,53,34534,5563,29,34452,5866,26,33311,10460,7;
23948861900;115154,44904,1,8259,7124,-126,132037,0,0,32240,8727,8,33301,6714,7,132105,12657,0,32408,0,0,33310,3908,215,34532,5522,51,34534,5566,27,34452,5857,26,33311,10472,5;
23997143200;115242,44904,1,8263,7113,-125,132037,0,0,32240,8733,10,33301,6724,7,132105,12747,0,32408,0,0,33310,3909,218,34532,5525,53,34534,5570,30,34452,5848,27,33311,10481,6;
24041992700;115333,44904,1,8263,7103,-127,132037,0,0,32240,8746,9,33301,6733,6,132105,12684,0,32408,0,0,33310,3913,217,34532,5528,51,34534,5574,28,34452,5842,28,33311,10490,6;
24088678800;115408,44904,1,8268,7094,-125,132037,0,0,32240,0,0,33301,6740,6,132105,12695,0,32408,0,0,33310,3913,212,34532,5531,52,34534,5577,29,34452,5834,27,33311,10497,6;
24132108700;115493,44904,1,8267,7081,-126,132037,0,0,32240,8764,8,33301,6752,6,132105,12636,0,32408,0,0,33310,3917,206,34532,5534,51,34534,5580,28,34452,5825,26,33311,10504,7;
24184681500;115581,44904,1,8271,7071,-125,132037,0,0,32240,8772,8,33301,6760,7,132105,12621,0,32408,0,0,33310,3918,215,34532,5537,53,34534,5581,29,34452,5817,29,33311,10511,7;
24230186800;115669,44904,1,8277,7059,-124,132037,0,0,32240,8781,8,33301,6770,7,132105,12624,0,32408,0,0,33310,3920,215,34532,5542,52,34534,5587,28,34452,5806,30,33311,10519,6;
24276023800;115751,44904,1,8278,7049,-125,132037,0,0,32240,8789,8,33301,6780,7,132105,12682,0,32408,0,0,33310,3923,216,34532,5545,51,34534,5591,28,34452,5799,29,33311,10526,6;
24326733200;115837,44904,1,8280,7038,-126,132037,0,0,32240,8798,7,33301,6788,7,132105,12647,0,32408,0,0,33310,3926,213,34532,5548,51,34534,5593,27,34452,5792,30,33311,10536,6;
24407266700;115922,44904,1,8283,7025,-124,132037,0,0,32240,8809,8,33301,6798,7,132105,12638,0,32408,0,0,33310,3927,209,34532,5551,51,34534,5597,28,34452,5781,32,33311,10544,6;
24660905700;116007,44904,1,8287,7012,-126,132037,0,0,32240,8819,8,33301,6803,7,132105,12623,0,32408,0,0,33310,3933,205,34532,5558,51,34534,5601,28,34452,5772,30,33311,10554,5;
24723790200;116093,44904,1,8291,7002,-124,132037,0,0,32240,8829,7,33301,6817,6,132105,12629,0,32408,0,0,33310,3934,200,34532,5561,51,34534,5604,27,34452,5764,30,33311,10560,6;
24770170000;116172,44904,1,8295,6993,-124,132037,0,0,32240,8835,8,33301,6824,6,132105,12649,0,32408,0,0,33310,3936,200,34532,5565,51,34534,5610,28,34452,5757,31,33311,10571,7;
24834634000;116262,44904,1,8295,6979,-124,132037,0,0,32240,8845,8,33301,6831,6,132105,12608,1,32408,0,0,33310,3939,198,34532,5567,51,34534,5612,28,34452,5747,31,33311,10577,7;
24892623900;116360,44904,1,8297,6969,-124,132037,0,0,32240,8852,8,33301,6841,6,132105,12593,0,32408,0,0,33310,3941,195,34532,5570,52,34534,5616,28,34452,5739,31,33311,10587,6;
24941749700;116429,44904,1,8303,6957,-124,132037,0,0,32240,8864,7,33301,6852,5,132105,12628,0,32408,0,0,33310,3944,192,34532,5576,51,34534,5619,28,34452,5730,30,33311,10597,6;
25003134400;116518,44904,1,8305,6946,-124,132037,0,0,32240,8874,8,33301,6860,6,132105,12589,1,32408,0,0,33310,3947,197,34532,5579,52,34534,5622,29,34452,5721,31,33311,10603,6;
25084198400;116599,44904,1,8308,6936,-125,132037,0,0,32240,8878,8,33301,6870,6,132105,12585,1,32408,0,0,33310,3950,199,34532,5583,51,34534,5626,28,34452,5714,31,33311,10613,6;
25170839300;116686,44904,1,8310,6926,-124,132037,0,0,32240,8892,9,33301,6878,6,132105,12676,0,32408,0,0,33310,3952,191,34532,5586,51,34534,5632,28,34452,5706,31,33311,10622,4;
25252889300;116768,44904,1,8312,6910,-124,132037,0,0,32240,8900,11,33301,6888,6,132105,0,0,32408,0,0,33310,3956,192,34532,5590,54,34534,5635,30,34452,5695,30,33311,10594,5;
25340573900;116855,44904,1,8316,6902,-123,132037,0,0,32240,8908,7,33301,6861,2,132105,12613,0,32408,0,0,33310,3957,190,34532,5593,53,34534,5641,30,34452,5688,30,33311,10636,6;
25427366500;116942,44904,1,8322,6893,-123,132037,0,0,32240,8920,10,33301,6904,4,132105,12584,2,32408,0,0,33310,3960,177,34532,5599,65,34534,5642,37,34452,5681,37,33311,10645,5;
25510071800;117025,44904,1,8323,6880,-123,132037,0,0,32240,8930,9,33301,6914,5,132105,0,0,32408,0,0,33310,3963,182,34532,5602,37,34534,5649,20,34452,5672,33,33311,10659,6;
25594567700;117109,44904,1,8324,6872,-123,132037,0,0,32240,0,0,33301,6924,4,132105,12598,0,32408,0,0,33310,3965,172,34532,5604,46,34534,5651,26,34452,5666,24,33311,10665,5;
25679407800;117194,44904,1,8333,6858,-123,132037,0,0,32240,8949,6,33301,6906,1,132105,12574,2,32408,0,0,33310,3969,178,34532,5612,51,34534,5655,28,34452,5655,28,33311,10638,4;
25765582000;117281,44904,1,8329,6847,-124,132037,0,0,32240,8925,4,33301,6945,3,132105,12601,0,32408,0,0,33310,3972,184,34532,5612,48,34534,5661,27,34452,5648,31,33311,10649,4;
25849473100;117364,44904,1,8335,6835,-122,132037,0,0,32240,8965,6,33301,6949,4,132105,12574,1,32408,0,0,33310,3974,183,34532,5617,50,34534,5665,28,34452,5637,31,33311,10691,4;
25935485000;117451,44904,1,8338,6826,-123,132037,0,0,32240,8974,7,33301,6962,4,132105,12595,0,32408,0,0,33310,3977,181,34532,5621,47,34534,5668,26,34452,5631,30,33311,10698,5;
26018274500;117533,44904,1,8343,6817,-123,132037,0,0,32240,8983,6,33301,6970,3,132105,12595,0,32408,0,0,33310,3980,187,34532,5626,46,34534,5671,26,34452,5624,31,33311,10678,3;
26105608400;117621,44904,1,8344,6804,-123,132037,0,0,32240,8992,7,33301,6978,3,132105,12576,2,32408,0,0,33310,3984,191,34532,5630,50,34534,5675,28,34452,5615,32,33311,10713,6;
26192097000;117707,44904,1,8347,6794,-122,132037,0,0,32240,9001,7,33301,6956,1,132105,12578,1,32408,0,0,33310,3986,186,34532,5633,47,34534,5680,27,34452,5607,30,33311,10722,6;
26275530000;117790,44904,1,8352,6784,-122,132037,0,0,32240,9008,5,33301,6962,2,132105,12595,0,32408,0,0,33310,3989,187,34532,5638,47,34534,5684,27,34452,5600,30,33311,10730,4;
26362857800;117878,44904,1,8353,6776,-122,132037,0,0,32240,9021,6,33301,7007,3,132105,12583,1,32408,0,0,33310,3991,179,34532,5641,44,34534,5688,25,34452,5594,30,33311,10714,3;
26443900800;117959,44904,1,8356,6763,-121,132037,0,0,32240,9028,7,33301,7012,4,132105,12573,1,32408,0,0,33310,3994,178,34532,5645,45,34534,5690,26,34452,5584,30,33311,10722,4;
26532815100;118048,44904,1,8361,6752,-122,132037,0,0,32240,9036,6,33301,7023,3,132105,12573,1,32408,0,0,33310,3998,171,34532,5651,44,34534,5694,25,34452,5576,29,33311,10761,4;
26613480300;118128,44904,1,8362,6742,-122,132037,0,0,32240,9045,5,33301,7029,3,132105,12570,1,32408,0,0,33310,4001,171,34532,5654,46,34534,5697,26,34452,5569,31,33311,10731,5;
26699159400;118214,44904,1,8367,6733,-122,132037,0,0,32240,9029,4,33301,7014,2,132105,12586,1,32408,0,0,33310,4004,146,34532,5659,39,34534,5702,22,34452,5563,26,33311,10746,4;
27382104900;118897,44904,1,8387,6645,-121,132037,0,0,32240,9124,5,33301,7112,3,132105,12570,0,32408,0,0,33310,4031,162,34532,5690,48,34534,5735,27,34452,5498,32,33311,10833,6;
27464783800;118980,44904,1,8387,6634,-121,132037,0,0,32240,9099,5,33301,7096,3,132105,12563,1,32408,0,0,33310,4034,157,34532,5692,46,34534,5740,26,34452,5490,31,33311,10842,6;
27551466800;119066,44904,1,8391,6625,-121,132037,0,0,32240,9142,5,33301,7099,2,132105,12559,1,32408,0,0,33310,4037,162,34532,5697,48,34534,5743,27,34452,5484,32,33311,10849,6;
27633491300;119148,44904,1,8392,6613,-122,132037,0,0,32240,9151,6,33301,7109,3,132105,12558,1,32408,0,0,33310,4042,166,34532,5701,47,34534,5748,26,34452,5476,31,33311,10862,6;
27718953800;119234,44904,1,8393,6604,-122,132037,0,0,32240,9158,6,33301,7118,3,132105,12556,1,32408,0,0,33310,4045,164,34532,5704,47,34534,5749,26,34452,5470,30,33311,10870,6;
27806775800;119322,44904,1,8397,6586,-121,132037,0,0,32240,9134,5,33301,7129,3,132105,12553,1,32408,0,0,33310,4049,161,34532,5709,45,34534,5756,25,34452,5455,30,33311,10880,6;
27923061800;119407,44904,1,8403,6583,-121,132037,0,0,32240,9144,5,33301,7136,4,132105,12588,0,32408,0,0,33310,4051,163,34532,5714,47,34534,5760,26,34452,5453,31,33311,10885,6;
27982385200;119497,44904,1,8407,6570,-121,132037,0,0,32240,9187,6,33301,7178,5,132105,12570,0,32408,0,0,33310,4056,160,34532,5720,48,34534,5764,25,34452,5444,29,33311,10896,6;
28061781000;119577,44904,1,8408,6559,-120,132037,0,0,32240,9197,6,33301,7157,3,132105,12566,1,32408,0,0,33310,4058,150,34532,5722,52,34534,5769,28,34452,5435,38,33311,10872,3;
28147556000;119662,44904,1,8411,6548,-120,132037,0,0,32240,9175,3,33301,7197,3,132105,12642,0,32408,0,0,33310,4062,160,34532,5728,55,34534,5771,29,34452,5428,28,33311,10908,5;
64523435300;156038,44904,1,8834,4964,-119,132037,0,0,32240,10605,0,33301,8628,0,132105,12577,1,32408,0,0,33310,4863,51,34532,6555,38,34534,6596,10,34452,4461,109,33311,12214,0;
64626927500;156125,44904,1,8836,4956,-118,132037,0,0,32240,10604,0,33301,8654,0,132105,12579,1,32408,0,0,33310,4868,48,34532,6560,35,34534,6598,9,34452,4457,106,33311,12267,0;
64693476000;156208,44904,1,8839,4947,-119,132037,0,0,32240,10600,0,33301,8642,0,132105,12578,1,32408,0,0,33310,4875,51,34532,6566,37,34534,6603,9,34452,4453,111,33311,12266,0;
64784723500;156299,44904,1,8840,4937,-119,132037,0,0,32240,10621,0,33301,8656,0,132105,12581,2,32408,0,0,33310,4881,50,34532,6571,36,34534,6606,9,34452,4448,110,33311,12354,0;
64868724500;156383,44904,1,8844,4931,-118,132037,0,0,32240,10639,0,33301,8659,0,132105,12580,1,32408,0,0,33310,4885,50,34532,6576,36,34534,6616,9,34452,4445,112,33311,12305,0;
64964209400;156477,44904,1,8853,4924,-118,132037,0,0,32240,10660,0,33301,8659,0,132105,12585,1,32408,0,0,33310,4890,49,34532,6585,35,34534,6620,8,34452,4441,112,33311,12305,0;
65034892000;156549,44904,1,8848,4916,-118,132037,0,0,32240,10656,0,33301,8670,0,132105,12584,1,32408,0,0,33310,4894,49,34532,6586,35,34534,6624,8,34452,4437,112,33311,12311,0;
65119962400;156634,44904,1,8853,4909,-118,132037,0,0,32240,10662,0,33301,8674,0,132105,12585,1,32408,0,0,33310,4899,50,34532,6592,36,34534,6630,8,34452,4434,114,33311,12318,0;
65202985800;156718,44904,1,8850,4901,-120,132037,0,0,32240,10664,0,33301,8681,0,132105,12582,3,32408,0,0,33310,4905,51,34532,6595,35,34534,6630,8,34452,4431,114,33311,12756,0;
65287862200;156803,44904,1,8855,4896,-119,132037,0,0,32240,10656,0,33301,8689,0,132105,12584,2,32408,0,0,33310,4908,52,34532,6600,35,34534,6639,8,34452,4428,111,33311,12272,0;
65384093700;156898,44904,1,8856,4887,-119,132037,0,0,32240,10690,0,33301,8691,0,132105,12585,1,32408,0,0,33310,4913,52,34532,6604,35,34534,6641,8,34452,4424,110,33311,12267,1;
65477733300;156992,44904,1,8860,4881,-118,132037,0,0,32240,10678,0,33301,8722,0,132105,12581,2,32408,0,0,33310,4917,53,34532,6609,35,34534,6642,8,34452,4421,112,33311,12334,0;
65544835200;157059,44904,1,8859,4876,-119,132037,0,0,32240,10669,1,33301,8714,0,132105,12592,1,32408,0,0,33310,4921,52,34532,6612,34,34534,6648,8,34452,4419,112,33311,12328,0;
65630268700;157145,44904,1,8859,4869,-119,132037,0,0,32240,10679,0,33301,8688,0,132105,12591,1,32408,0,0,33310,4925,53,34532,6615,35,34534,6654,8,34452,4416,111,33311,12275,1;
65718860700;157233,44904,1,8863,4865,-119,132037,0,0,32240,10817,0,33301,8702,0,132105,12583,2,32408,0,0,33310,4928,51,34532,6619,33,34534,6658,7,34452,4414,106,33311,12286,0;
65811091100;157326,44904,1,8867,4858,-118,132037,0,0,32240,11201,0,33301,8707,0,132105,12581,3,32408,0,0,33310,4932,50,34532,6624,33,34534,6661,7,34452,4410,107,33311,12276,1;
65895883500;157410,44904,1,8863,4852,-119,132037,0,0,32240,11539,0,33301,8719,0,132105,12600,1,32408,0,0,33310,4936,53,34532,6625,38,34534,6666,9,34452,4408,108,33311,12267,1;
66029110000;157544,44904,1,8868,4847,-118,132037,0,0,32240,10777,0,33301,8724,0,132105,12594,1,32408,0,0,33310,4939,52,34532,6630,34,34534,6670,6,34452,4405,111,33311,12277,1;
66091136000;157606,44904,1,8870,4842,-119,132037,0,0,32240,10689,1,33301,8715,0,132105,12712,0,32408,0,0,33310,4943,47,34532,6634,31,34534,6670,7,34452,4403,111,33311,12340,0;
66150373800;157657,44904,1,8872,4838,-119,132037,0,0,32240,10683,0,33301,8720,0,132105,0,0,32408,0,0,33310,4946,50,34532,6637,40,34534,6676,9,34452,4402,107,33311,12351,0;
66237557800;157752,44904,1,8872,4830,-119,132037,0,0,32240,10733,1,33301,0,0,132105,12596,1,32408,0,0,33310,4950,53,34532,6640,28,34534,6676,5,34452,4398,105,33311,12294,0;
66315617300;157830,44904,1,8873,4826,-119,132037,0,0,32240,10717,0,33301,8785,0,132105,12594,1,32408,0,0,33310,4953,48,34532,6643,35,34534,6681,7,34452,4396,115,33311,12444,0;
66412245000;157927,44904,1,8872,4821,-118,132037,0,0,32240,10707,1,33301,9041,0,132105,12595,1,32408,0,0,33310,4955,41,34532,6644,34,34534,6686,6,34452,4393,107,33311,12299,1;
66489255800;158004,44904,1,8874,4815,-119,132037,0,0,32240,11388,0,33301,8794,0,132105,12610,0,32408,0,0,33310,4961,42,34532,6649,29,34534,6688,6,34452,4391,114,33311,12308,1;
66580739200;158095,44904,1,8878,4811,-120,132037,0,0,32240,10730,0,33301,8746,0,132105,12594,1,32408,0,0,33310,4965,46,34532,6654,34,34534,6694,8,34452,4390,115,33311,12396,0;
66654331100;158169,44904,1,8877,4806,-119,132037,0,0,32240,10719,1,33301,0,0,132105,12599,1,32408,0,0,33310,4967,46,34532,6655,34,34534,6695,7,34452,4387,110,33311,12337,1;
66748229500;158263,44904,1,8879,4802,-120,132037,0,0,32240,10724,1,33301,8777,0,132105,12648,0,32408,0,0,33310,4970,50,34532,6658,35,34534,6696,8,34452,4386,117,33311,12364,0;
66821833600;158337,44904,1,8882,4797,-117,132037,0,0,32240,10738,1,33301,8913,0,132105,12609,1,32408,0,0,33310,4972,53,34532,6661,37,34534,6698,9,34452,4382,115,33311,12336,1;
66914489200;158429,44904,1,8881,4794,-119,132037,0,0,32240,10948,0,33301,8931,0,132105,12637,0,32408,0,0,33310,4975,51,34532,6663,39,34534,6701,9,34452,4382,116,33311,12340,0;
67213253500;158507,44904,1,8882,4791,-119,132037,0,0,32240,5590,0,33301,9037,0,132105,12611,0,32408,0,0,33310,4977,49,34532,6666,40,34534,6702,9,34452,4380,116,33311,12649,0;
67265876100;158590,44904,1,8886,4785,-118,132037,0,0,32240,10848,0,33301,0,0,132105,12587,3,32408,0,0,33310,4981,46,34532,6671,37,34534,6712,8,34452,4377,116,33311,0,0;
67317173000;158677,44904,1,8888,4778,-118,132037,0,0,32240,0,0,33301,0,0,132105,12590,2,32408,0,0,33310,4985,45,34532,6675,33,34534,6712,7,34452,4374,117,33311,12407,0;
67367518600;158758,44904,1,8890,4773,-118,132037,0,0,32240,10829,0,33301,0,0,132105,12595,2,32408,0,0,33310,4989,46,34532,6679,32,34534,6716,6,34452,4372,118,33311,12470,0;
67422792500;158847,44904,1,8890,4766,-118,132037,0,0,32240,10788,0,33301,0,0,132105,12608,1,32408,0,0,33310,4993,49,34532,6682,34,34534,6722,7,34452,4369,118,33311,0,0;
67498782300;158935,44904,1,8893,4764,-118,132037,0,0,32240,10816,0,33301,0,0,132105,12598,2,32408,0,0,33310,4995,49,34532,6685,35,34534,6726,7,34452,4368,117,33311,12604,0;
67551124500;159018,44904,1,8891,4757,-119,132037,0,0,32240,10835,0,33301,0,0,132105,12591,2,32408,0,0,33310,4999,48,34532,6687,37,34534,6728,8,34452,4365,119,33311,12384,0;
67605535600;159098,44904,1,8893,4751,-119,132037,0,0,32240,10788,0,33301,0,0,132105,12593,2,32408,0,0,33310,5003,46,34532,6691,37,34534,6726,8,34452,4363,116,33311,12394,0;
67679066900;159194,44904,1,8890,4746,-121,132037,0,0,32240,10782,1,33301,9093,0,132105,12600,1,32408,0,0,33310,5007,47,34532,6693,37,34534,6733,8,34452,4362,119,33311,12410,0;
67769274300;159284,44904,1,8892,4743,-122,132037,0,0,32240,10778,1,33301,0,0,132105,12605,1,32408,0,0,33310,5010,44,34532,6696,34,34534,6733,7,34452,4361,112,33311,12493,0;
67857864300;159373,44904,1,8898,4741,-118,132037,0,0,32240,10789,1,33301,0,0,132105,12593,2,32408,0,0,33310,5010,49,34532,6699,37,34534,6735,8,34452,4357,119,33311,12603,0;
67926597000;159442,44904,1,8893,4736,-119,132037,0,0,32240,10848,0,33301,0,0,132105,12596,2,32408,0,0,33310,5013,46,34532,6699,35,34534,6736,7,34452,4355,115,33311,0,0;
68011461200;159526,44904,1,8901,4734,-119,132037,0,0,32240,10929,0,33301,0,0,132105,12598,2,32408,0,0,33310,5015,47,34532,6704,36,34534,6743,7,34452,4354,118,33311,12610,0;
68089230500;159604,44904,1,8894,4728,-120,132037,0,0,32240,10922,0,33301,0,0,132105,12600,1,32408,0,0,33310,5018,46,34532,6703,34,34534,6743,7,34452,4352,115,33311,12425,0;
68319472300;159708,44904,1,8896,4727,-120,132037,0,0,32240,10888,0,33301,8930,0,132105,12602,1,32408,0,0,33310,5019,45,34532,6705,34,34534,6743,7,34452,4352,116,33311,12386,1;
68384588500;159797,44904,1,8898,4724,-121,132037,0,0,32240,10834,0,33301,0,0,132105,12600,2,32408,0,0,33310,5022,45,34532,6708,33,34534,6749,6,34452,4351,116,33311,12371,1;
68457817200;159859,44904,1,8898,4718,-121,132037,0,0,32240,10829,0,33301,9013,0,132105,12599,2,32408,0,0,33310,5026,44,34532,6711,32,34534,6745,6,34452,4349,116,33311,12377,1;
68526366300;159945,44904,1,8900,4717,-120,132037,0,0,32240,10812,0,33301,9056,0,132105,12602,1,32408,0,0,33310,5026,46,34532,6712,32,34534,6752,6,34452,4347,119,33311,12376,1;
68597239900;160031,44904,1,8903,4714,-119,132037,0,0,32240,10813,0,33301,9873,0,132105,12600,1,32408,0,0,33310,5028,47,34532,6715,34,34534,6751,6,34452,4346,122,33311,12381,1;
68798320700;160115,44904,1,8906,4711,-119,132037,0,0,32240,10833,0,33301,9861,0,132105,12598,1,32408,0,0,33310,5030,47,34532,6718,33,34534,6755,6,34452,4344,120,33311,12406,0;
68850453900;160200,44904,1,8905,4707,-118,132037,0,0,32240,10854,0,33301,0,0,132105,12598,2,32408,0,0,33310,5032,46,34532,6719,33,34534,6756,6,34452,4342,120,33311,12452,0;
68902610900;160287,44904,1,8904,4703,-119,132037,0,0,32240,0,0,33301,9668,0,132105,12600,2,32408,0,0,33310,5035,46,34532,6721,33,34534,6759,6,34452,4341,120,33311,12537,0;
68954175200;160369,44904,1,8905,4701,-120,132037,0,0,32240,11124,0,33301,8993,0,132105,12600,1,32408,0,0,33310,5037,48,34532,6723,34,34534,6760,6,34452,4341,122,33311,0,0;
69003419600;160454,44904,1,8910,4700,-119,132037,0,0,32240,11134,0,33301,0,0,132105,12603,1,32408,0,0,33310,5038,49,34532,6726,35,34534,6762,7,34452,4340,123,33311,12684,0;
69056434400;160539,44904,1,8905,4694,-120,132037,0,0,32240,0,0,33301,0,0,132105,12602,2,32408,0,0,33310,5042,48,34532,6726,35,34534,6768,7,34452,4338,122,33311,12815,0;
69110778400;160623,44904,1,8912,4693,-118,132037,0,0,32240,0,0,33301,0,0,132105,12602,2,32408,0,0,33310,5043,47,34532,6730,35,34534,6770,7,34452,4336,121,33311,0,0;
69193620100;160709,44904,1,8911,4689,-119,132037,0,0,32240,10926,0,33301,9023,0,132105,12604,1,32408,0,0,33310,5046,47,34532,6732,35,34534,6767,7,34452,4335,123,33311,12818,0;
69279092200;160794,44904,1,8908,4684,-120,132037,0,0,32240,10894,0,33301,9006,0,132105,12603,1,32408,0,0,33310,5049,46,34532,6733,35,34534,6772,7,34452,4334,122,33311,0,0;
69364359500;160879,44904,1,8909,4681,-120,132037,0,0,32240,10898,0,33301,0,0,132105,12605,1,32408,0,0,33310,5051,45,34532,6735,35,34534,6774,7,34452,4332,121,33311,0,0;
69448689700;160964,44904,1,8912,4678,-120,132037,0,0,32240,10871,0,33301,0,0,132105,12603,1,32408,0,0,33310,5053,47,34532,6738,36,34534,6774,7,34452,4331,125,33311,12693,0;
69799792400;161050,44904,1,8911,4676,-121,132037,0,0,32240,10878,0,33301,9076,0,132105,12607,1,32408,0,0,33310,5055,47,34532,6739,36,34534,6781,7,34452,4331,126,33311,0,0;
69849246100;161138,44904,1,8916,4674,-119,132037,0,0,32240,10865,0,33301,0,0,132105,12605,1,32408,0,0,33310,5056,46,34532,6742,36,34534,6779,7,34452,4329,125,33311,12604,0;
69925788900;161220,44904,1,8916,4673,-119,132037,0,0,32240,10866,0,33301,9072,0,132105,12608,1,32408,0,0,33310,5056,45,34532,6742,36,34534,6778,7,34452,4328,125,33311,12578,0;
69977510000;161306,44904,1,8915,4671,-120,132037,0,0,32240,10882,0,33301,0,0,132105,12605,1,32408,0,0,33310,5058,45,34532,6743,35,34534,6782,7,34452,4328,126,33311,12573,0;
70029168300;161389,44904,1,8917,4670,-119,132037,0,0,32240,10871,0,33301,9784,0,132105,12605,1,32408,0,0,33310,5059,45,34532,6745,35,34534,6782,7,34452,4327,126,33311,12535,0;
70078635700;161475,44904,1,8918,4668,-119,132037,0,0,32240,10888,0,33301,0,0,132105,12603,2,32408,0,0,33310,5060,44,34532,6746,36,34534,6780,7,34452,4326,125,33311,12525,0;
70210104800;161559,44904,1,8913,4663,-121,132037,0,0,32240,10887,0,33301,0,0,132105,12603,2,32408,0,0,33310,5063,42,34532,6746,35,34534,6783,7,34452,4325,125,33311,12499,0;
70252941800;161644,44904,1,8918,4662,-120,132037,0,0,32240,10903,0,33301,0,0,132105,12605,1,32408,0,0,33310,5064,41,34532,6749,34,34534,6785,6,34452,4324,124,33311,12497,0;
70294050700;161729,44904,1,8914,4659,-120,132037,0,0,32240,10917,0,33301,0,0,132105,12607,1,32408,0,0,33310,5066,42,34532,6749,35,34534,6785,6,34452,4323,126,33311,12485,0;
70331687000;161814,44904,1,8919,4657,-119,132037,0,0,32240,10934,0,33301,0,0,132105,12605,1,32408,0,0,33310,5067,41,34532,6753,35,34534,6788,6,34452,4322,126,33311,12487,0;
70388635700;161904,44904,1,8916,4655,-121,132037,0,0,32240,10949,0,33301,0,0,132105,12605,2,32408,0,0,33310,5069,42,34532,6753,35,34534,6788,7,34452,4322,128,33311,12493,0;
70473965200;161989,44904,1,8920,4655,-120,132037,0,0,32240,11007,0,33301,0,0,132105,12607,2,32408,0,0,33310,5069,40,34532,6755,34,34534,6791,6,34452,4321,124,33311,12503,0;
70554551000;162069,44904,1,8921,4652,-119,132037,0,0,32240,10925,0,33301,0,0,132105,12604,2,32408,0,0,33310,5070,40,34532,6756,35,34534,6794,6,34452,4319,126,33311,12493,0;
70639174600;162154,44904,1,8923,4652,-119,132037,0,0,32240,10944,0,33301,0,0,132105,12603,1,32408,0,0,33310,5071,40,34532,6758,36,34534,6793,7,34452,4320,130,33311,12480,0;
70724514500;162239,44904,1,8920,4649,-120,132037,0,0,32240,10991,0,33301,0,0,132105,12606,1,32408,0,0,33310,5073,38,34532,6758,35,34534,6794,6,34452,4319,128,33311,12492,0;
70810521900;162326,44904,1,8922,4647,-120,132037,0,0,32240,10939,0,33301,0,0,132105,12603,2,32408,0,0,33310,5074,39,34532,6760,36,34534,6795,7,34452,4318,132,33311,12505,0;
70895071800;162410,44904,1,8921,4646,-120,132037,0,0,32240,10942,0,33301,0,0,132105,12605,2,32408,0,0,33310,5075,39,34532,6760,36,34534,6797,7,34452,4318,133,33311,12490,0;
70980447600;162495,44904,1,8919,4644,-120,132037,0,0,32240,10991,0,33301,0,0,132105,12606,2,32408,0,0,33310,5076,38,34532,6760,35,34534,6800,6,34452,4317,128,33311,12505,0;
71064436200;162579,44904,1,8918,4641,-121,132037,0,0,32240,11010,0,33301,0,0,132105,12605,2,32408,0,0,33310,5078,37,34532,6761,35,34534,6798,6,34452,4316,126,33311,12519,0;
71147901700;162663,44904,1,8921,4640,-121,132037,0,0,32240,11066,0,33301,14170,0,132105,12604,2,32408,0,0,33310,5079,37,34532,6763,36,34534,6798,7,34452,4316,129,33311,12518,0;
71233926000;162749,44904,1,8924,4641,-119,132037,0,0,32240,0,0,33301,14119,0,132105,12606,2,32408,0,0,33310,5078,37,34532,6764,36,34534,6799,7,34452,4315,129,33311,12516,0;
71318916000;162834,44904,1,8923,4641,-121,132037,0,0,32240,0,0,33301,14160,0,132105,12605,2,32408,0,0,33310,5079,37,34532,6764,36,34534,6797,7,34452,4316,130,33311,12564,0;
71405054200;162920,44904,1,8921,4639,-121,132037,0,0,32240,0,0,33301,0,0,132105,12604,2,32408,0,0,33310,5080,38,34532,6764,37,34534,6801,7,34452,4315,131,33311,12523,0;
71488833300;163004,44904,1,8920,4636,-121,132037,0,0,32240,0,0,33301,0,0,132105,12604,2,32408,0,0,33310,5082,39,34532,6765,37,34534,6799,7,34452,4314,130,33311,12594,0;
71574646600;163090,44904,1,8926,4637,-120,132037,0,0,32240,11317,0,33301,0,0,132105,12608,2,32408,0,0,33310,5081,39,34532,6767,36,34534,6802,7,34452,4314,126,33311,12681,0;
71660197300;163175,44904,1,8920,4636,-121,132037,0,0,32240,11209,0,33301,0,0,132105,12605,2,32408,0,0,33310,5082,41,34532,6765,37,34534,6805,7,34452,4314,130,33311,12630,0;
71743967700;163259,44904,1,8920,4635,-122,132037,0,0,32240,11926,0,33301,0,0,132105,12607,2,32408,0,0,33310,5083,39,34532,6766,35,34534,6802,6,34452,4314,123,33311,12648,0;
71828990200;163344,44904,1,8924,4636,-120,132037,0,0,32240,11774,0,33301,0,0,132105,12606,2,32408,0,0,33310,5082,41,34532,6767,37,34534,6803,7,34452,4314,129,33311,12576,0;
71914040200;163429,44904,1,8923,4633,-120,132037,0,0,32240,0,0,33301,0,0,132105,12607,2,32408,0,0,33310,5083,39,34532,6767,35,34534,6804,7,34452,4312,125,33311,12600,0;
71999172800;163514,44904,1,8925,4634,-120,132037,0,0,32240,10999,0,33301,0,0,132105,12605,2,32408,0,0,33310,5083,42,34532,6768,38,34534,6804,7,34452,4313,132,33311,12524,0;
72083717800;163599,44904,1,8923,4633,-120,132037,0,0,32240,10966,0,33301,0,0,132105,12605,2,32408,0,0,33310,5083,41,34532,6767,38,34534,6805,7,34452,4312,131,33311,12521,0;
72168970500;163684,44904,1,8925,4634,-120,132037,0,0,32240,10987,0,33301,0,0,132105,12605,2,32408,0,0,33310,5083,41,34532,6768,37,34534,6807,7,34452,4313,130,33311,12538,0;
72254729900;163770,44904,1,8917,4631,-122,132037,0,0,32240,10953,0,33301,0,0,132105,12605,2,32408,0,0,33310,5085,41,34532,6766,37,34534,6804,7,34452,4313,131,33311,12526,0;
72339553300;163854,44904,1,8923,4634,-121,132037,0,0,32240,10944,0,33301,0,0,132105,12603,2,32408,0,0,33310,5083,42,34532,6767,37,34534,6805,7,34452,4313,131,33311,12586,0;
72424131300;163939,44904,1,8923,4634,-121,132037,0,0,32240,10941,0,33301,0,0,132105,12604,2,32408,0,0,33310,5083,42,34532,6767,37,34534,6805,7,34452,4313,131,33311,12543,0;
72510566100;164026,44904,1,8921,4633,-120,132037,0,0,32240,10945,0,33301,0,0,132105,12603,2,32408,0,0,33310,5083,42,34532,6766,36,34534,6805,7,34452,4312,131,33311,12543,0;
72594176000;164109,44904,1,8924,4635,-120,132037,0,0,32240,10958,0,33301,0,0,132105,12604,2,32408,0,0,33310,5082,42,34532,6767,36,34534,6806,7,34452,4313,131,33311,12536,0;
72679425300;164194,44904,1,8924,4634,-119,132037,0,0,32240,10968,0,33301,0,0,132105,12604,2,32408,0,0,33310,5082,42,34532,6767,36,34534,6802,7,34452,4312,131,33311,12521,0;
72764409100;164279,44904,1,8925,4633,-121,132037,0,0,32240,10968,0,33301,0,0,132105,12606,2,32408,0,0,33310,5084,42,34532,6769,36,34534,6804,7,34452,4313,132,33311,12506,0;
72849513700;164365,44904,1,8925,4633,-120,132037,0,0,32240,10979,0,33301,0,0,132105,12605,2,32408,0,0,33310,5084,41,34532,6769,35,34534,6803,7,34452,4312,131,33311,12536,0;
72933646500;164449,44904,1,8923,4634,-121,132037,0,0,32240,10995,0,33301,0,0,132105,12606,2,32408,0,0,33310,5083,41,34532,6767,35,34534,6809,7,34452,4313,133,33311,12545,0;
73019439000;164534,44904,1,8918,4630,-123,132037,0,0,32240,10981,0,33301,0,0,132105,12605,2,32408,0,0,33310,5086,41,34532,6767,35,34534,6806,7,34452,4313,133,33311,12539,0;
73104814700;164620,44904,1,8921,4634,-121,132037,0,0,32240,10986,0,33301,0,0,132105,12605,2,32408,0,0,33310,5083,42,34532,6766,35,34534,6803,7,34452,4313,133,33311,12535,0;
73189240200;164704,44904,1,8923,4634,-121,132037,0,0,32240,11013,0,33301,0,0,132105,12605,2,32408,0,0,33310,5083,43,34532,6767,35,34534,6806,7,34452,4313,134,33311,12531,0;
73274876000;164790,44904,1,8919,4632,-121,132037,0,0,32240,10983,0,33301,0,0,132105,12604,2,32408,0,0,33310,5084,45,34532,6766,35,34534,6804,7,34452,4312,133,33311,12526,0;
73359890200;164875,44904,1,8925,4634,-120,132037,0,0,32240,10996,0,33301,0,0,132105,12606,2,32408,0,0,33310,5083,45,34532,6768,36,34534,6803,7,34452,4313,134,33311,12542,0;
73444922500;164960,44904,1,8923,4632,-120,132037,0,0,32240,10983,0,33301,0,0,132105,12605,2,32408,0,0,33310,5084,45,34532,6768,35,34534,6805,7,34452,4312,133,33311,12519,0;
73529847700;165045,44904,1,8924,4635,-120,132037,0,0,32240,10978,0,33301,0,0,132105,12604,2,32408,0,0,33310,5082,45,34532,6767,36,34534,6805,7,34452,4313,135,33311,12510,0;
73613859400;165129,44904,1,8925,4634,-119,132037,0,0,32240,10962,0,33301,0,0,132105,12606,2,32408,0,0,33310,5083,45,34532,6768,36,34534,6806,7,34452,4312,135,33311,12533,0;
73697964400;165213,44904,1,8926,4636,-118,132037,0,0,32240,10961,0,33301,0,0,132105,12606,2,32408,0,0,33310,5081,45,34532,6767,36,34534,6802,7,34452,4312,135,33311,12509,0;
73783246100;165298,44904,1,8919,4631,-121,132037,0,0,32240,10956,0,33301,0,0,132105,12606,2,32408,0,0,33310,5085,45,34532,6767,36,34534,6807,7,34452,4312,135,33311,12531,0;
73869487200;165385,44904,1,8926,4635,-119,132037,0,0,32240,10986,0,33301,0,0,132105,12607,2,32408,0,0,33310,5082,45,34532,6768,36,34534,6802,7,34452,4312,135,33311,12518,0;
73954021500;165469,44904,1,8921,4634,-121,132037,0,0,32240,10979,0,33301,0,0,132105,12606,2,32408,0,0,33310,5083,45,34532,6766,36,34534,6804,7,34452,4313,134,33311,12533,0;
74038875300;165554,44904,1,8923,4634,-121,132037,0,0,32240,10958,0,33301,0,0,132105,12608,2,32408,0,0,33310,5083,45,34532,6767,36,34534,6804,7,34452,4313,135,33311,12521,0;
74123961100;165639,44904,1,8925,4634,-119,132037,0,0,32240,10955,0,33301,0,0,132105,12606,2,32408,0,0,33310,5083,44,34532,6768,37,34534,6807,7,34452,4312,134,33311,12519,0;
74209627500;165725,44904,1,8924,4634,-119,132037,0,0,32240,10952,0,33301,0,0,132105,12605,2,32408,0,0,33310,5082,44,34532,6767,36,34534,6806,7,34452,4312,135,33311,12525,0;
74293416200;165808,44904,1,8925,4634,-120,132037,0,0,32240,10966,0,33301,0,0,132105,12607,2,32408,0,0,33310,5083,43,34532,6768,36,34534,6803,7,34452,4313,134,33311,12530,0;
74379905800;165895,44904,1,8923,4633,-121,132037,0,0,32240,10990,0,33301,0,0,132105,12605,2,32408,0,0,33310,5084,42,34532,6768,35,34534,6806,7,34452,4313,134,33311,12549,0;
74464368200;165979,44904,1,8921,4634,-121,132037,0,0,32240,10957,0,33301,0,0,132105,12605,2,32408,0,0,33310,5083,42,34532,6766,35,34534,6802,7,34452,4313,134,33311,12509,0;
74548183600;166063,44904,1,8921,4634,-121,132037,0,0,32240,10956,0,33301,0,0,132105,12606,2,32408,0,0,33310,5083,42,34532,6766,35,34534,6803,7,34452,4313,133,33311,12522,0;
74633776600;166149,44904,1,8923,4632,-120,132037,0,0,32240,10962,0,33301,0,0,132105,12606,2,32408,0,0,33310,5084,41,34532,6768,34,34534,6805,6,34452,4312,130,33311,12529,0;
74991361100;166233,44904,1,8919,4632,-122,132037,0,0,32240,10951,0,33301,0,0,132105,12606,2,32408,0,0,33310,5085,41,34532,6767,35,34534,6806,7,34452,4313,132,33311,12510,0;
75148171000;166319,44904,1,8923,4632,-120,132037,0,0,32240,10970,0,33301,0,0,132105,12604,2,32408,0,0,33310,5084,39,34532,6768,35,34534,6807,7,34452,4312,130,33311,12520,0;
75207356500;166404,44904,1,8923,4634,-121,132037,0,0,32240,10986,0,33301,0,0,132105,12608,2,32408,0,0,33310,5083,39,34532,6767,35,34534,6805,7,34452,4313,129,33311,12510,0;
75280260100;166522,44904,1,8923,4632,-120,132037,0,0,32240,10993,0,33301,0,0,132105,12608,1,32408,0,0,33310,5084,38,34532,6768,35,34534,6802,7,34452,4312,127,33311,12524,0;
75342413600;166598,44904,1,8923,4634,-121,132037,0,0,32240,10971,0,33301,0,0,132105,12604,2,32408,0,0,33310,5083,38,34532,6767,36,34534,6804,7,34452,4313,128,33311,12535,0;
75402272000;166661,44904,1,8921,4632,-121,132037,0,0,32240,10954,0,33301,0,0,132105,12606,2,32408,0,0,33310,5084,38,34532,6767,36,34534,6805,7,34452,4312,127,33311,12537,0;
75451161200;166747,44904,1,8919,4632,-121,132037,0,0,32240,10964,0,33301,0,0,132105,12606,2,32408,0,0,33310,5084,39,34532,6766,36,34534,6804,7,34452,4312,127,33311,12517,0;
75495686100;166828,44904,1,8923,4633,-120,132037,0,0,32240,10963,0,33301,0,0,132105,12608,2,32408,0,0,33310,5083,39,34532,6767,36,34534,6802,7,34452,4312,126,33311,12512,0;
75544507800;166916,44904,1,8918,4634,-121,132037,0,0,32240,10976,0,33301,0,0,132105,12606,2,32408,0,0,33310,5083,40,34532,6765,36,34534,6806,7,34452,4313,127,33311,12521,0;
75594848400;166998,44904,1,8923,4633,-120,132037,0,0,32240,10972,0,33301,0,0,132105,12605,2,32408,0,0,33310,5083,39,34532,6767,36,34534,6802,7,34452,4312,125,33311,12511,0;
75671865000;167085,44904,1,8925,4634,-120,132037,0,0,32240,10972,0,33301,0,0,132105,12605,2,32408,0,0,33310,5083,40,34532,6768,36,34534,6805,7,34452,4313,127,33311,12506,0;
75748432900;167263,44904,1,8916,4629,-122,132037,0,0,32240,10969,0,33301,0,0,132105,12607,2,32408,0,0,33310,5086,40,34532,6766,36,34534,6804,7,34452,4312,127,33311,12496,0;
75813508100;167276,44904,1,8924,4634,-119,132037,0,0,32240,10946,0,33301,0,0,132105,12608,2,32408,0,0,33310,5082,40,34532,6767,36,34534,6803,7,34452,4312,128,33311,12498,0;
75873143400;167339,44904,1,8923,4633,-120,132037,0,0,32240,10944,0,33301,0,0,132105,12605,2,32408,0,0,33310,5083,41,34532,6767,35,34534,6807,7,34452,4312,128,33311,12499,0;
75937246800;167424,44904,1,8924,4634,-119,132037,0,0,32240,10949,0,33301,0,0,132105,12606,2,32408,0,0,33310,5082,41,34532,6767,35,34534,6806,7,34452,4312,128,33311,12497,0;
75999693600;167509,44904,1,8923,4633,-120,132037,0,0,32240,10949,0,33301,0,0,132105,12605,2,32408,0,0,33310,5083,42,34532,6767,35,34534,6805,7,34452,4312,128,33311,12502,0;
76083020100;167598,44904,1,8923,4634,-121,132037,0,0,32240,10948,0,33301,0,0,132105,12605,2,32408,0,0,33310,5083,42,34532,6767,35,34534,6803,7,34452,4313,130,33311,12506,0;
76179237000;167694,44904,1,8919,4633,-122,132037,0,0,32240,10942,0,33301,0,0,132105,12606,2,32408,0,0,33310,5084,42,34532,6766,35,34534,6806,7,34452,4313,130,33311,12503,0;
76250173000;167765,44904,1,8926,4636,-118,132037,0,0,32240,10940,0,33301,0,0,132105,12605,2,32408,0,0,33310,5081,42,34532,6767,35,34534,6805,7,34452,4312,131,33311,12494,0;
76332538600;167848,44904,1,8923,4632,-119,132037,0,0,32240,10957,0,33301,0,0,132105,12607,2,32408,0,0,33310,5083,41,34532,6767,35,34534,6805,7,34452,4311,130,33311,12499,0;
76425486100;167940,44904,1,8915,4630,-122,132037,0,0,32240,10951,0,33301,0,0,132105,12608,2,32408,0,0,33310,5085,41,34532,6765,35,34534,6806,7,34452,4312,131,33311,12521,0;
76507881100;168023,44904,1,8923,4632,-120,132037,0,0,32240,10931,0,33301,0,0,132105,12606,2,32408,0,0,33310,5084,41,34532,6768,36,34534,6805,7,34452,4312,132,33311,12492,0;
76590183100;168105,44904,1,8923,4633,-120,132037,0,0,32240,10930,0,33301,0,0,132105,12604,2,32408,0,0,33310,5083,41,34532,6767,36,34534,6803,7,34452,4312,132,33311,12489,0;
76685450900;168200,44904,1,8923,4633,-120,132037,0,0,32240,10931,0,33301,0,0,132105,12604,2,32408,0,0,33310,5083,41,34532,6767,36,34534,6808,7,34452,4312,133,33311,12501,0;
76767371600;168282,44904,1,8926,4636,-119,132037,0,0,32240,10930,0,33301,0,0,132105,12605,2,32408,0,0,33310,5082,41,34532,6768,36,34534,6801,7,34452,4313,132,33311,12495,0;
76846142100;168361,44904,1,8923,4633,-120,132037,0,0,32240,10932,0,33301,0,0,132105,12606,2,32408,0,0,33310,5083,41,34532,6767,37,34534,6804,7,34452,4312,133,33311,12501,0;
76936835400;168452,44904,1,8921,4632,-121,132037,0,0,32240,10918,0,33301,0,0,132105,12604,2,32408,0,0,33310,5084,41,34532,6767,36,34534,6805,7,34452,4312,134,33311,12498,0;
77012747700;168528,44904,1,8921,4632,-121,132037,0,0,32240,10925,0,33301,0,0,132105,12606,2,32408,0,0,33310,5084,41,34532,6767,36,34534,6807,7,34452,4312,134,33311,12496,0;
77098702600;168614,44904,1,8919,4632,-122,132037,0,0,32240,10924,0,33301,0,0,132105,12606,2,32408,0,0,33310,5085,41,34532,6767,37,34534,6809,7,34452,4313,133,33311,12502,0;
77182982600;168698,44904,1,8923,4633,-121,132037,0,0,32240,10928,0,33301,0,0,132105,12606,2,32408,0,0,33310,5084,41,34532,6768,37,34534,6803,7,34452,4313,131,33311,12497,0;
77276705700;168791,44904,1,8926,4635,-119,132037,0,0,32240,10924,0,33301,0,0,132105,12607,2,32408,0,0,33310,5082,40,34532,6768,36,34534,6807,7,34452,4312,129,33311,12501,0;
77354329500;168869,44904,1,8921,4632,-121,132037,0,0,32240,10942,0,33301,0,0,132105,12607,2,32408,0,0,33310,5084,40,34532,6767,37,34534,6804,7,34452,4312,129,33311,12504,0;
77437987500;168953,44904,1,8923,4632,-120,132037,0,0,32240,10939,0,33301,0,0,132105,12605,2,32408,0,0,33310,5084,40,34532,6768,36,34534,6802,7,34452,4312,131,33311,12504,0;
77523246800;169038,44904,1,8921,4632,-121,132037,0,0,32240,10956,0,33301,0,0,132105,12605,2,32408,0,0,33310,5084,40,34532,6767,36,34534,6801,7,34452,4312,130,33311,12517,0;
77733087300;169248,44904,1,8921,4632,-121,132037,0,0,32240,10966,0,33301,0,0,132105,12606,2,32408,0,0,33310,5084,40,34532,6767,37,34534,6803,7,34452,4312,129,33311,12504,0;
77940991100;169456,44904,1,8921,4633,-121,132037,0,0,32240,11020,0,33301,0,0,132105,12605,2,32408,0,0,33310,5084,40,34532,6767,37,34534,6805,7,34452,4313,129,33311,12521,0;
78015022400;169486,44904,1,8925,4633,-120,132037,0,0,32240,11016,0,33301,0,0,132105,12605,2,32408,0,0,33310,5084,39,34532,6769,36,34534,6806,7,34452,4312,129,33311,12509,0;
78128245500;169497,44904,1,8923,4633,-121,132037,0,0,32240,0,0,33301,0,0,132105,12606,2,32408,0,0,33310,5084,40,34532,6768,37,34534,6803,7,34452,4313,130,33311,12518,0;
78209072100;169529,44904,1,8924,4634,-118,132037,0,0,32240,0,0,33301,0,0,132105,12606,2,32408,0,0,33310,5082,39,34532,6767,37,34534,6801,7,34452,4311,128,33311,12502,0;
78256381600;169577,44904,1,8919,4632,-121,132037,0,0,32240,0,0,33301,0,0,132105,12607,2,32408,0,0,33310,5084,39,34532,6766,37,34534,6806,7,34452,4312,127,33311,12498,0;
78309645600;169665,44904,1,8919,4632,-121,132037,0,0,32240,0,0,33301,0,0,132105,12605,2,32408,0,0,33310,5084,40,34532,6766,37,34534,6806,7,34452,4312,130,33311,12494,0;
78365471200;169718,44904,1,8926,4635,-119,132037,0,0,32240,0,0,33301,0,0,132105,12605,2,32408,0,0,33310,5082,40,34532,6768,38,34534,6806,7,34452,4312,130,33311,12490,0;
78419595900;169806,44904,1,8921,4632,-121,132037,0,0,32240,0,0,33301,0,0,132105,12607,2,32408,0,0,33310,5084,41,34532,6767,37,34534,6805,8,34452,4312,130,33311,12496,0;
78489827500;169889,44904,1,8921,4632,-121,132037,0,0,32240,0,0,33301,0,0,132105,12604,2,32408,0,0,33310,5084,41,34532,6767,37,34534,6803,7,34452,4312,131,33311,12488,0;
78551524500;169975,44904,1,8923,4632,-120,132037,0,0,32240,0,0,33301,0,0,132105,12606,2,32408,0,0,33310,5084,41,34532,6768,37,34534,6804,7,34452,4312,132,33311,12489,0;
78623807600;170058,44904,1,8925,4634,-120,132037,0,0,32240,11054,0,33301,0,0,132105,12604,2,32408,0,0,33310,5083,42,34532,6768,37,34534,6806,7,34452,4313,132,33311,12495,0;
78677154700;170143,44904,1,8925,4633,-121,132037,0,0,32240,11053,0,33301,0,0,132105,12606,2,32408,0,0,33310,5084,42,34532,6769,37,34534,6808,7,34452,4313,132,33311,12499,0;
78733387000;170228,44904,1,8927,4634,-119,132037,0,0,32240,0,0,33301,0,0,132105,12605,2,32408,0,0,33310,5083,42,34532,6769,37,34534,6804,7,34452,4312,132,33311,12485,0;
78798284100;170313,44904,1,8925,4633,-120,132037,0,0,32240,0,0,33301,0,0,132105,12606,2,32408,0,0,33310,5084,43,34532,6769,37,34534,6808,7,34452,4312,134,33311,12490,0;
78884617100;170399,44904,1,8921,4633,-121,132037,0,0,32240,11000,0,33301,0,0,132105,12606,2,32408,0,0,33310,5084,42,34532,6767,37,34534,6803,7,34452,4313,136,33311,12488,0;
78968468400;170483,44904,1,8926,4636,-119,132037,0,0,32240,11022,0,33301,2309,0,132105,12606,2,32408,0,0,33310,5082,42,34532,6768,37,34534,6803,7,34452,4313,137,33311,12490,0;
79053100600;170568,44904,1,8919,4632,-121,132037,0,0,32240,11012,0,33301,2330,0,132105,12608,2,32408,0,0,33310,5084,41,34532,6766,37,34534,6808,7,34452,4312,136,33311,12499,0;
79139127500;170654,44904,1,8927,4634,-119,132037,0,0,32240,11008,0,33301,2372,0,132105,12606,2,32408,0,0,33310,5083,41,34532,6769,38,34534,6802,7,34452,4312,139,33311,12494,0;
79224992200;170740,44904,1,8919,4631,-121,132037,0,0,32240,10993,0,33301,2382,0,132105,12604,2,32408,0,0,33310,5085,41,34532,6767,38,34534,6807,7,34452,4312,138,33311,12492,0;
79326345500;170841,44904,1,8925,4634,-120,132037,0,0,32240,10973,0,33301,2364,0,132105,12608,2,32408,0,0,33310,5083,41,34532,6768,38,34534,6800,7,34452,4313,138,33311,12494,0;
79398646400;170912,44904,1,8925,4634,-120,132037,0,0,32240,10980,0,33301,2309,0,132105,12607,2,32408,0,0,33310,5083,41,34532,6768,38,34534,6807,8,34452,4313,138,33311,12494,0;
79477721000;170993,44904,1,8925,4633,-120,132037,0,0,32240,10985,0,33301,2403,0,132105,12606,2,32408,0,0,33310,5084,41,34532,6769,38,34534,6802,8,34452,4312,137,33311,12501,0;
79562859500;171078,44904,1,8923,4633,-121,132037,0,0,32240,10985,0,33301,0,0,132105,12605,2,32408,0,0,33310,5084,42,34532,6768,38,34534,6807,8,34452,4313,137,33311,12510,0;
79654182900;171169,44904,1,8921,4632,-121,132037,0,0,32240,10957,0,33301,0,0,132105,12607,2,32408,0,0,33310,5084,41,34532,6767,38,34534,6805,7,34452,4312,135,33311,12504,0;
79733045100;171248,44904,1,8921,4633,-121,132037,0,0,32240,11008,0,33301,0,0,132105,12607,2,32408,0,0,33310,5084,41,34532,6767,37,34534,6806,7,34452,4313,134,33311,12512,0;
79821873000;171336,44904,1,8921,4632,-122,132037,0,0,32240,10958,0,33301,0,0,132105,12606,2,32408,0,0,33310,5085,42,34532,6768,38,34534,6803,8,34452,4313,137,33311,12494,0;
79904985500;171420,44904,1,8926,4637,-119,132037,0,0,32240,10971,0,33301,0,0,132105,12607,2,32408,0,0,33310,5081,42,34532,6767,38,34534,6808,7,34452,4313,137,33311,12505,0;
79988822400;171504,44904,1,8922,4631,-122,132037,0,0,32240,10981,0,33301,0,0,132105,12607,2,32408,0,0,33310,5086,42,34532,6769,38,34534,6805,8,34452,4313,136,33311,12505,0;
80077585300;171590,44904,1,8925,4634,-119,132037,0,0,32240,10990,0,33301,0,0,132105,12606,2,32408,0,0,33310,5083,42,34532,6768,38,34534,6807,8,34452,4312,136,33311,12517,0;
80164083900;171678,44904,1,8927,4635,-120,132037,0,0,32240,10994,0,33301,0,0,132105,12606,2,32408,0,0,33310,5083,43,34532,6769,38,34534,6806,7,34452,4313,136,33311,12513,0;
80253442100;171767,44904,1,8925,4633,-120,132037,0,0,32240,11039,0,33301,0,0,132105,12608,2,32408,0,0,33310,5084,42,34532,6769,36,34534,6803,7,34452,4312,134,33311,12531,0;
80330558700;171846,44904,1,8925,4635,-121,132037,0,0,32240,10998,0,33301,0,0,132105,12606,2,32408,0,0,33310,5083,43,34532,6768,38,34534,6802,7,34452,4314,136,33311,12517,0;
80412722700;171928,44904,1,8917,4631,-122,132037,0,0,32240,10990,0,33301,0,0,132105,12606,2,32408,0,0,33310,5085,43,34532,6766,37,34534,6804,7,34452,4312,136,33311,12515,0;
80498148200;172013,44904,1,8926,4635,-119,132037,0,0,32240,0,0,33301,0,0,132105,12607,2,32408,0,0,33310,5082,43,34532,6768,37,34534,6804,7,34452,4312,135,33311,12507,0;
80592340200;172106,44904,1,8923,4634,-122,132037,0,0,32240,10995,0,33301,0,0,132105,12605,2,32408,0,0,33310,5084,43,34532,6768,37,34534,6808,7,34452,4314,135,33311,12511,0;
80672762600;172187,44904,1,8923,4634,-121,132037,0,0,32240,11036,0,33301,0,0,132105,12605,2,32408,0,0,33310,5083,43,34532,6767,37,34534,6807,7,34452,4313,135,33311,12515,0;
80756974700;172271,44904,1,8923,4633,-121,132037,0,0,32240,0,0,33301,0,0,132105,12605,2,32408,0,0,33310,5084,43,34532,6768,37,34534,6806,7,34452,4313,135,33311,12509,0;
80839823800;172355,44904,1,8925,4634,-120,132037,0,0,32240,11064,0,33301,0,0,132105,12605,2,32408,0,0,33310,5083,42,34532,6768,36,34534,6801,7,34452,4313,133,33311,12520,0;
80929742600;172444,44904,1,8923,4633,-120,132037,0,0,32240,10995,0,33301,0,0,132105,12604,2,32408,0,0,33310,5083,42,34532,6767,36,34534,6802,7,34452,4312,134,33311,12516,0;
81009243600;172524,44904,1,8925,4634,-119,132037,0,0,32240,11004,0,33301,0,0,132105,12603,2,32408,0,0,33310,5083,42,34532,6768,36,34534,6804,7,34452,4312,133,33311,12509,0;
81095709900;172610,44904,1,8925,4634,-120,132037,0,0,32240,10982,0,33301,0,0,132105,12605,2,32408,0,0,33310,5083,42,34532,6768,36,34534,6808,7,34452,4313,134,33311,12534,0;
81179569800;172694,44904,1,8917,4631,-121,132037,0,0,32240,10959,0,33301,0,0,132105,12607,2,32408,0,0,33310,5084,42,34532,6765,36,34534,6803,7,34452,4312,134,33311,12522,0;
81282775200;172797,44904,1,8925,4635,-121,132037,0,0,32240,10996,0,33301,0,0,132105,12607,2,32408,0,0,33310,5083,42,34532,6768,36,34534,6806,7,34452,4314,134,33311,12521,0;
81353584300;172868,44904,1,8673,4848,-385,132037,0,0,32240,10966,0,33301,0,0,132105,12605,2,32408,0,0,33310,0,0,34532,6766,36,34534,6807,7,34452,4313,133,33311,12541,0;
81437074800;172952,44904,1,8919,4631,-121,132037,0,0,32240,10964,0,33301,0,0,132105,12604,2,32408,0,0,33310,5085,42,34532,6767,37,34534,6805,7,34452,4312,134,33311,12521,0;
81524176700;173039,44904,1,8926,4636,-119,132037,0,0,32240,0,0,33301,0,0,132105,12605,2,32408,0,0,33310,5082,41,34532,6768,36,34534,6804,7,34452,4313,131,33311,12543,0;
81604031200;173117,44904,1,8923,4634,-121,132037,0,0,32240,10950,0,33301,0,0,132105,12607,2,32408,0,0,33310,5083,42,34532,6767,36,34534,6805,7,34452,4313,132,33311,12530,0;
81708459400;173223,44904,1,8921,4631,-121,132037,0,0,32240,10952,0,33301,0,0,132105,12605,2,32408,0,0,33310,5085,42,34532,6768,36,34534,6806,7,34452,4312,131,33311,12560,0;
81776271800;173291,44904,1,8921,4632,-122,132037,0,0,32240,10957,0,33301,0,0,132105,12604,2,32408,0,0,33310,5085,43,34532,6768,36,34534,6805,7,34452,4313,132,33311,12538,0;
81861459500;173376,44904,1,8925,4634,-119,132037,0,0,32240,0,0,33301,0,0,132105,12606,2,32408,0,0,33310,5083,43,34532,6768,36,34534,6806,7,34452,4312,131,33311,12531,0;
