493432300;1185839,44904,1,265,473,469,34452,9159,15,34532,9235,12,33290,9241,0,33302,4704,241,32408,0,0,32240,0,0,33301,0,0,34534,9235,0,33310,11061,2,132037,0,0;
594445000;1185940,44904,1,273,475,452,34452,9157,15,34532,9236,12,33290,9242,0,33302,4704,240,32408,0,0,32240,0,0,33301,0,0,34534,9240,0,33310,11059,2,132037,0,0;
693835900;1186039,44904,1,265,481,457,34452,9161,15,34532,9233,12,33290,9243,0,33302,4704,241,32408,0,0,32240,0,0,33301,0,0,34534,9244,0,33310,11059,2,132037,0,0;
794506300;1186140,44904,1,262,481,462,34452,9162,14,34532,9233,12,33290,9241,0,33302,4703,240,32408,0,0,32240,0,0,33301,0,0,34534,9242,0,33310,11060,3,132037,0,0;
892005300;1186237,44904,1,278,483,426,34452,9160,14,34532,9237,12,33290,9243,0,33302,4704,241,32408,0,0,32240,0,0,33301,0,0,34534,9239,0,33310,11058,3,132037,0,0;
994623800;1186340,44904,1,268,469,474,34452,9155,14,34532,9235,12,33290,9240,0,33302,4704,241,32408,0,0,32240,0,0,33301,0,0,34534,9245,0,33310,11060,2,132037,0,0;
1094879800;1186440,44904,1,263,479,466,34452,9161,15,34532,9233,12,33290,9237,0,33302,4704,242,32408,0,0,32240,0,0,33301,0,0,34534,9241,0,33310,11060,2,132037,0,0;
1193555700;1186539,44904,1,267,474,463,34452,9159,14,34532,9236,12,33290,9243,0,33302,4703,242,32408,0,0,32240,0,0,33301,0,0,34534,9246,0,33310,11061,2,132037,0,0;
1290516700;1186636,44904,1,260,470,484,34452,9159,14,34532,9234,11,33290,9243,0,33302,4704,242,32408,0,0,32240,0,0,33301,0,0,34534,9240,0,33310,11062,2,132037,0,0;
1393700300;1186739,44904,1,260,470,484,34452,9159,14,34532,9234,11,33290,9241,0,33302,4704,242,32408,0,0,32240,0,0,33301,0,0,34534,9243,0,33310,11062,2,132037,0,0;
1494898300;1186840,44904,1,263,465,489,34452,9156,14,34532,9235,11,33290,9242,0,33302,4703,243,32408,0,0,32240,0,0,33301,0,0,34534,9240,0,33310,11062,2,132037,0,0;
1595893400;1186941,44904,1,265,473,469,34452,9159,14,34532,9235,12,33290,9242,0,33302,4704,244,32408,0,0,32240,0,0,33301,0,0,34534,9242,0,33310,11061,2,132037,0,0;
1693114600;1187039,44904,1,265,471,473,34452,9158,15,34532,9235,12,33290,9241,0,33302,4704,245,32408,0,0,32240,0,0,33301,0,0,34534,9234,0,33310,11061,2,132037,0,0;
1789743000;1187135,44904,1,259,472,481,34452,9160,15,34532,9234,12,33290,9242,0,33302,4704,245,32408,0,0,32240,0,0,33301,0,0,34534,9232,0,33310,11062,2,132037,0,0;
1895111700;1187240,44904,1,261,472,474,34452,9161,15,34532,9236,12,33290,9241,0,33302,4704,246,32408,0,0,32240,0,0,33301,0,0,34534,9241,0,33310,11063,2,132037,0,0;
1995348500;1187341,44904,1,265,471,473,34452,9158,14,34532,9235,12,33290,9242,0,33302,4703,246,32408,0,0,32240,0,0,33301,0,0,34534,9240,0,33310,11061,2,132037,0,0;
2093166700;1187439,44904,1,259,466,491,34452,9158,14,34532,9235,11,33290,9241,0,33302,4704,246,32408,0,0,32240,0,0,33301,0,0,34534,9243,0,33310,11063,2,132037,0,0;
2193988200;1187540,44904,1,254,461,509,34452,9158,14,34532,9235,12,33290,9241,0,33302,4704,246,32408,0,0,32240,0,0,33301,0,0,34534,9240,0,33310,11065,2,132037,0,0;
2290173300;1187636,44904,1,265,477,462,34452,9161,14,34532,9235,11,33290,9241,0,33302,4705,247,32408,0,0,32240,0,0,33301,0,0,34534,9241,0,33310,11061,2,132037,0,0;
2390821600;1187736,44904,1,260,469,488,34452,9158,14,34532,9234,12,33290,9240,0,33302,4703,246,32408,0,0,32240,0,0,33301,0,0,34534,9226,0,33310,11062,2,132037,0,0;
2492096700;1187838,44904,1,266,472,474,34452,9157,14,34532,9234,11,33290,9242,0,33302,4703,247,32408,0,0,32240,0,0,33301,0,0,34534,9240,0,33310,11060,2,132037,0,0;
2593721800;1187939,44904,1,264,471,472,34452,9159,14,34532,9236,11,33290,9243,0,33302,4704,245,32408,0,0,32240,0,0,33301,0,0,34534,9240,0,33310,11062,2,132037,0,0;
2694623500;1188040,44904,1,269,479,446,34452,9162,14,34532,9237,12,33290,9241,0,33302,4704,246,32408,0,0,32240,0,0,33301,0,0,34534,9243,0,33310,11061,2,132037,0,0;
2790646100;1188136,44904,1,260,473,482,34452,9159,14,34532,9233,12,33290,9242,0,33302,4703,244,32408,0,0,32240,0,0,33301,0,0,34534,9234,0,33310,11061,2,132037,0,0;
2893079200;1188239,44904,1,263,477,469,34452,9160,14,34532,9233,12,33290,9241,0,33302,4703,243,32408,0,0,32240,0,0,33301,0,0,34534,9230,0,33310,11060,2,132037,0,0;
2993029100;1188339,44904,1,267,477,456,34452,9161,14,34532,9236,12,33290,9242,0,33302,4704,244,32408,0,0,32240,0,0,33301,0,0,34534,9234,0,33310,11061,2,132037,0,0;
3094458700;1188440,44904,1,268,474,464,34452,9158,14,34532,9235,12,33290,9243,0,33302,4703,242,32408,0,0,32240,0,0,33301,0,0,34534,9239,0,33310,11060,2,132037,0,0;
3189521900;1188535,44904,1,270,476,454,34452,9159,14,34532,9236,12,33290,9241,0,33302,4704,243,32408,0,0,32240,0,0,33301,0,0,34534,9230,0,33310,11060,2,132037,0,0;
3290116900;1188636,44904,1,259,474,477,34452,9161,14,34532,9234,12,33290,9244,0,33302,4703,243,32408,0,0,32240,0,0,33301,0,0,34534,9234,0,33310,11062,2,132037,0,0;
3393222600;1188739,44904,1,273,475,451,34452,9158,14,34532,9237,12,33290,9241,0,33302,4704,243,32408,0,0,32240,0,0,33301,0,0,34534,9223,0,33310,11060,2,132037,0,0;
3493468300;1188839,44904,1,265,479,459,34452,9161,14,34532,9234,12,33290,9241,0,33302,4704,243,32408,0,0,32240,0,0,33301,0,0,34534,9231,0,33310,11060,2,132037,0,0;
3588870400;1188934,44904,1,268,472,467,34452,9157,14,34532,9235,11,33290,9240,0,33302,4704,243,32408,0,0,32240,0,0,33301,0,0,34534,9227,0,33310,11060,2,132037,0,0;
3695119300;1189041,44904,1,263,479,466,34452,9161,14,34532,9233,12,33290,9242,0,33302,4704,243,32408,0,0,32240,0,0,33301,0,0,34534,9230,0,33310,11060,3,132037,0,0;
3791733800;1189137,44904,1,272,484,434,34452,9162,14,34532,9236,12,33290,9240,0,33302,4704,244,32408,0,0,32240,0,0,33301,0,0,34534,9225,0,33310,11059,3,132037,0,0;
3893015000;1189239,44904,1,278,481,430,34452,9159,14,34532,9237,12,33290,9241,0,33302,4704,246,32408,0,0,32240,0,0,33301,0,0,34534,9226,0,33310,11058,3,132037,0,0;
3989792700;1189335,44904,1,273,481,442,34452,9159,14,34532,9235,12,33290,9242,0,33302,4704,245,32408,0,0,32240,0,0,33301,0,0,34534,9232,0,33310,11058,3,132037,0,0;
4101696500;1189447,44904,1,271,475,458,34452,9157,14,34532,9235,12,33290,9241,0,33302,4706,246,32408,0,0,32240,0,0,33301,0,0,34534,9231,0,33310,11059,2,132037,0,0;
4192748000;1189538,44904,1,267,479,453,34452,9161,14,34532,9235,12,33290,9240,0,33302,4703,245,32408,0,0,32240,0,0,33301,0,0,34534,9231,0,33310,11060,2,132037,0,0;
4292757400;1189638,44904,1,266,477,455,34452,9162,14,34532,9237,12,33290,9240,0,33302,4703,244,32408,0,0,32240,0,0,33301,0,0,34534,9227,0,33310,11062,2,132037,0,0;
4390479700;1189736,44904,1,262,473,475,34452,9159,14,34532,9234,12,33290,9241,1,33302,4705,244,32408,0,0,32240,0,0,33301,0,0,34534,9229,0,33310,11061,2,132037,0,0;
4495602300;1189841,44904,1,267,481,448,34452,9163,14,34532,9236,12,33290,9241,0,33302,4706,243,32408,0,0,32240,0,0,33301,0,0,34534,9222,0,33310,11061,2,132037,0,0;
4593494600;1189939,44904,1,262,477,468,34452,9161,14,34532,9234,12,33290,9242,1,33302,4703,242,32408,0,0,32240,0,0,33301,0,0,34534,9228,0,33310,11061,2,132037,0,0;
4693989300;1190039,44904,1,256,471,486,34452,9161,14,34532,9234,12,33290,9240,0,33302,4704,243,32408,0,0,32240,0,0,33301,0,0,34534,9226,0,33310,11063,2,132037,0,0;
4788965400;1190135,44904,1,260,467,492,34452,9157,13,34532,9234,12,33290,9239,1,33302,4703,242,32408,0,0,32240,0,0,33301,0,0,34534,9217,0,33310,11062,2,132037,0,0;
4890416100;1190236,44904,1,270,480,447,34452,9161,14,34532,9236,12,33290,9240,0,33302,4703,242,32408,0,0,32240,0,0,33301,0,0,34534,9217,0,33310,11060,2,132037,0,0;
4999277100;1190345,44904,1,262,473,475,34452,9159,14,34532,9234,12,33290,9240,0,33302,4704,242,32408,0,0,32240,0,0,33301,0,0,34534,9218,0,33310,11061,2,132037,0,0;
5094039100;1190440,44904,1,264,473,468,34452,9160,14,34532,9236,12,33290,9239,0,33302,4706,242,32408,0,0,32240,0,0,33301,0,0,34534,9221,0,33310,11062,2,132037,0,0;
5198104700;1190544,44904,1,257,474,484,34452,9161,14,34532,9233,12,33290,9241,0,33302,4704,241,32408,0,0,32240,0,0,33301,0,0,34534,9223,0,33310,11062,2,132037,0,0;
5295017900;1190641,44904,1,259,461,501,34452,9156,14,34532,9236,12,33290,9239,0,33302,4704,243,32408,0,0,32240,0,0,33301,0,0,34534,9222,0,33310,11064,2,132037,0,0;
5392546000;1190738,44904,1,258,461,508,34452,9155,13,34532,9234,12,33290,9242,1,33302,4704,242,32408,0,0,32240,0,0,33301,0,0,34534,9220,0,33310,11063,2,132037,0,0;
5495094700;1190841,44904,1,268,474,464,34452,9158,13,34532,9235,12,33290,9240,1,33302,4704,243,32408,0,0,32240,0,0,33301,0,0,34534,9221,0,33310,11060,2,132037,0,0;
5592640000;1190938,44904,1,264,471,472,34452,9159,14,34532,9236,12,33290,9239,0,33302,4704,243,32408,0,0,32240,0,0,33301,0,0,34534,9217,0,33310,11062,2,132037,0,0;
5688757400;1191034,44904,1,265,469,475,34452,9158,14,34532,9236,12,33290,9240,0,33302,4704,242,32408,0,0,32240,0,0,33301,0,0,34534,9226,0,33310,11062,2,132037,0,0;
5791957900;1191138,44904,1,265,475,466,34452,9159,14,34532,9234,12,33290,9240,0,33302,4706,243,32408,0,0,32240,0,0,33301,0,0,34534,9220,0,33310,11060,2,132037,0,0;
5895736400;1191241,44904,1,262,477,468,34452,9161,14,34532,9234,12,33290,9242,0,33302,4702,240,32408,0,0,32240,0,0,33301,0,0,34534,9222,0,33310,11061,2,132037,0,0;
5996358000;1191342,44904,1,265,473,469,34452,9159,14,34532,9235,12,33290,9242,0,33302,4705,241,32408,0,0,32240,0,0,33301,0,0,34534,9227,0,33310,11061,2,132037,0,0;
6091123900;1191437,44904,1,255,468,501,34452,9158,14,34532,9232,12,33290,9240,0,33302,4703,241,32408,0,0,32240,0,0,33301,0,0,34534,9217,0,33310,11062,2,132037,0,0;
6195157900;1191541,44904,1,262,473,474,34452,9160,14,34532,9235,12,33290,9241,0,33302,4704,241,32408,0,0,32240,0,0,33301,0,0,34534,9229,0,33310,11062,2,132037,0,0;
6295004700;1191641,44904,1,262,473,475,34452,9159,15,34532,9234,12,33290,9240,0,33302,4704,242,32408,0,0,32240,0,0,33301,0,0,34534,9233,0,33310,11061,2,132037,0,0;
6396803300;1191742,44904,1,265,477,462,34452,9161,15,34532,9235,12,33290,9239,0,33302,4704,240,32408,0,0,32240,0,0,33301,0,0,34534,9224,0,33310,11061,2,132037,0,0;
6490938800;1191836,44904,1,259,472,481,34452,9160,14,34532,9234,12,33290,9241,0,33302,4704,241,32408,0,0,32240,0,0,33301,0,0,34534,9230,0,33310,11062,2,132037,0,0;
6594623200;1191940,44904,1,257,470,491,34452,9159,14,34532,9233,12,33290,9241,0,33302,4704,241,32408,0,0,32240,0,0,33301,0,0,34534,9224,0,33310,11062,2,132037,0,0;
6692183800;1192038,44904,1,268,468,473,34452,9156,14,34532,9236,12,33290,9240,1,33302,4704,240,32408,0,0,32240,0,0,33301,0,0,34534,9227,0,33310,11061,2,132037,0,0;
6795358600;1192141,44904,1,262,477,468,34452,9161,14,34532,9234,12,33290,9241,0,33302,4704,240,32408,0,0,32240,0,0,33301,0,0,34534,9228,0,33310,11061,2,132037,0,0;
6890493400;1192236,44904,1,262,471,478,34452,9159,14,34532,9235,12,33290,9239,0,33302,4704,240,32408,0,0,32240,0,0,33301,0,0,34534,9226,0,33310,11062,2,132037,0,0;
6991733800;1192337,44904,1,257,466,497,34452,9158,13,34532,9234,12,33290,9242,0,33302,4704,237,32408,0,0,32240,0,0,33301,0,0,34534,9233,0,33310,11063,2,132037,0,0;
7092300800;1192438,44904,1,256,469,489,34452,9161,13,34532,9235,12,33290,9241,0,33302,4703,238,32408,0,0,32240,0,0,33301,0,0,34534,9223,0,33310,11064,1,132037,0,0;
7195403600;1192541,44904,1,254,465,503,34452,9159,14,34532,9234,12,33290,9240,0,33302,4704,239,32408,0,0,32240,0,0,33301,0,0,34534,9223,0,33310,11064,1,132037,0,0;
7289889800;1192635,44904,1,251,473,495,34452,9162,14,34532,9232,12,33290,9239,0,33302,4704,238,32408,0,0,32240,0,0,33301,0,0,34534,9225,0,33310,11063,2,132037,0,0;
7397922600;1192744,44904,1,252,468,493,34452,9163,14,34532,9236,12,33290,9241,0,33302,4705,238,32408,0,0,32240,0,0,33301,0,0,34534,9228,0,33310,11066,1,132037,0,0;
7494410200;1192840,44904,1,259,468,486,34452,9160,14,34532,9236,12,33290,9242,1,33302,4703,238,32408,0,0,32240,0,0,33301,0,0,34534,9229,0,33310,11064,1,132037,0,0;
7592221400;1192938,44904,1,256,471,486,34452,9161,14,34532,9234,12,33290,9242,0,33302,4704,239,32408,0,0,32240,0,0,33301,0,0,34534,9231,0,33310,11063,2,132037,0,0;
7694272100;1193040,44904,1,257,475,480,34452,9162,14,34532,9233,12,33290,9237,1,33302,4705,239,32408,0,0,32240,0,0,33301,0,0,34534,9231,0,33310,11062,2,132037,0,0;
7791694900;1193137,44904,1,251,465,508,34452,9160,14,34532,9234,12,33290,9239,0,33302,4704,238,32408,0,0,32240,0,0,33301,0,0,34534,9228,0,33310,11065,2,132037,0,0;
7895251300;1193241,44904,1,258,471,479,34452,9162,14,34532,9236,12,33290,9239,1,33302,4704,238,32408,0,0,32240,0,0,33301,0,0,34534,9231,0,33310,11064,2,132037,0,0;
7993332500;1193339,44904,1,253,467,498,34452,9161,14,34532,9235,12,33290,9241,0,33302,4704,237,32408,0,0,32240,0,0,33301,0,0,34534,9241,0,33310,11065,2,132037,0,0;
8092631300;1193438,44904,1,262,474,471,34452,9161,14,34532,9235,12,33290,9243,0,33302,4704,236,32408,0,0,32240,0,0,33301,0,0,34534,9230,0,33310,11062,2,132037,0,0;
8189452200;1193535,44904,1,259,468,486,34452,9160,14,34532,9236,12,33290,9242,0,33302,4704,237,32408,0,0,32240,0,0,33301,0,0,34534,9229,0,33310,11064,2,132037,0,0;
8297357500;1193643,44904,1,264,479,458,34452,9162,14,34532,9235,12,33290,9242,0,33302,4704,239,32408,0,0,32240,0,0,33301,0,0,34534,9233,0,33310,11061,2,132037,0,0;
8395173900;1193741,44904,1,256,466,496,34452,9159,14,34532,9235,12,33290,9240,1,33302,4704,240,32408,0,0,32240,0,0,33301,0,0,34534,9234,0,33310,11064,2,132037,0,0;
8496753800;1193842,44904,1,259,472,480,34452,9161,14,34532,9235,12,33290,9241,0,33302,4704,240,32408,0,0,32240,0,0,33301,0,0,34534,9226,0,33310,11063,2,132037,0,0;
8588470900;1193934,44904,1,258,473,475,34452,9163,14,34532,9236,12,33290,9241,0,33302,4704,242,32408,0,0,32240,0,0,33301,0,0,34534,9232,0,33310,11064,2,132037,0,0;
8691843900;1194037,44904,1,264,472,467,34452,9161,14,34532,9237,12,33290,9240,0,33302,4703,240,32408,0,0,32240,0,0,33301,0,0,34534,9241,0,33310,11063,2,132037,0,0;
8793201800;1194139,44904,1,262,471,478,34452,9159,14,34532,9235,12,33290,9239,0,33302,4704,242,32408,0,0,32240,0,0,33301,0,0,34534,9240,0,33310,11062,2,132037,0,0;
8893036400;1194239,44904,1,261,476,466,34452,9163,14,34532,9236,12,33290,9239,0,33302,4704,243,32408,0,0,32240,0,0,33301,0,0,34534,9235,0,33310,11063,2,132037,0,0;
8988693900;1194334,44904,1,263,474,464,34452,9162,14,34532,9237,12,33290,9239,1,33302,4704,244,32408,0,0,32240,0,0,33301,0,0,34534,9239,0,33310,11063,2,132037,0,0;
9091776400;1194437,44904,1,254,469,495,34452,9161,14,34532,9234,12,33290,9240,0,33302,4704,244,32408,0,0,32240,0,0,33301,0,0,34534,9231,0,33310,11064,2,132037,0,0;
9193178900;1194539,44904,1,259,472,480,34452,9161,14,34532,9235,12,33290,9240,0,33302,4704,244,32408,0,0,32240,0,0,33301,0,0,34534,9235,0,33310,11063,2,132037,0,0;
9294676000;1194640,44904,1,261,470,476,34452,9161,14,34532,9237,12,33290,9241,0,33302,4703,244,32408,0,0,32240,0,0,33301,0,0,34534,9240,0,33310,11064,2,132037,0,0;
9390849900;1194736,44904,1,259,476,474,34452,9162,14,34532,9234,12,33290,9241,0,33302,4706,245,32408,0,0,32240,0,0,33301,0,0,34534,9241,0,33310,11062,2,132037,0,0;
9490679000;1194836,44904,1,253,473,488,34452,9163,14,34532,9234,12,33290,9242,1,33302,4704,245,32408,0,0,32240,0,0,33301,0,0,34534,9233,0,33310,11064,2,132037,0,0;
9595088100;1194941,44904,1,259,472,481,34452,9160,14,34532,9234,12,33290,9242,1,33302,4704,245,32408,0,0,32240,0,0,33301,0,0,34534,9242,0,33310,11062,2,132037,0,0;
9693086700;1195038,44904,1,262,477,468,34452,9161,14,34532,9234,12,33290,9243,0,33302,4704,244,32408,0,0,32240,0,0,33301,0,0,34534,9241,0,33310,11061,2,132037,0,0;
9790575500;1195136,44904,1,259,472,481,34452,9160,14,34532,9234,12,33290,9240,0,33302,4704,246,32408,0,0,32240,0,0,33301,0,0,34534,9239,0,33310,11062,2,132037,0,0;
9890166400;1195236,44904,1,252,469,503,34452,9160,14,34532,9232,12,33290,9239,0,33302,4704,244,32408,0,0,32240,0,0,33301,0,0,34534,9245,0,33310,11063,2,132037,0,0;
9993511400;1195339,44904,1,263,479,466,34452,9161,14,34532,9233,12,33290,9240,0,33302,4706,243,32408,0,0,32240,0,0,33301,0,0,34534,9247,0,33310,11060,2,132037,0,0;
10093688900;1195439,44904,1,260,467,492,34452,9157,14,34532,9234,12,33290,9240,0,33302,4703,244,32408,0,0,32240,0,0,33301,0,0,34534,9244,0,33310,11062,2,132037,0,0;
10189126200;1195535,44904,1,262,471,478,34452,9159,14,34532,9235,12,33290,9239,0,33302,4704,243,32408,0,0,32240,0,0,33301,0,0,34534,9242,0,33310,11062,2,132037,0,0;
10293239700;1195639,44904,1,259,474,477,34452,9161,14,34532,9234,12,33290,9240,0,33302,4704,242,32408,0,0,32240,0,0,33301,0,0,34534,9237,0,33310,11062,2,132037,0,0;
10391426500;1195737,44904,1,262,475,472,34452,9160,14,34532,9234,12,33290,9240,0,33302,4704,242,32408,0,0,32240,0,0,33301,0,0,34534,9239,0,33310,11061,2,132037,0,0;
10492639500;1195838,44904,1,259,472,481,34452,9160,14,34532,9234,12,33290,9237,0,33302,4704,243,32408,0,0,32240,0,0,33301,0,0,34534,9239,0,33310,11062,2,132037,0,0;
10593814400;1195939,44904,1,260,476,475,34452,9161,14,34532,9233,12,33290,9239,0,33302,4704,241,32408,0,0,32240,0,0,33301,0,0,34534,9243,0,33310,11061,2,132037,0,0;
10689230500;1196035,44904,1,265,483,452,34452,9163,14,34532,9234,12,33290,9240,1,33302,4704,241,32408,0,0,32240,0,0,33301,0,0,34534,9233,0,33310,11060,2,132037,0,0;
10797037800;1196143,44904,1,256,473,483,34452,9162,14,34532,9234,12,33290,9237,0,33302,4703,241,32408,0,0,32240,0,0,33301,0,0,34534,9237,0,33310,11063,2,132037,0,0;
10893633500;1196239,44904,1,262,473,475,34452,9159,14,34532,9234,12,33290,9242,0,33302,4703,240,32408,0,0,32240,0,0,33301,0,0,34534,9248,0,33310,11061,2,132037,0,0;
10994180700;1196340,44904,1,265,475,465,34452,9160,14,34532,9235,12,33290,9240,1,33302,4704,242,32408,0,0,32240,0,0,33301,0,0,34534,9234,0,33310,11061,2,132037,0,0;
11088869000;1196434,44904,1,265,477,462,34452,9161,14,34532,9235,11,33290,9241,0,33302,4705,239,32408,0,0,32240,0,0,33301,0,0,34534,9240,0,33310,11061,2,132037,0,0;
11191713500;1196537,44904,1,265,479,459,34452,9161,14,34532,9234,12,33290,9237,0,33302,4703,240,32408,0,0,32240,0,0,33301,0,0,34534,9239,0,33310,11060,2,132037,0,0;
11299067000;1196644,44904,1,270,481,443,34452,9162,14,34532,9236,12,33290,9239,0,33302,4703,240,32408,0,0,32240,0,0,33301,0,0,34534,9240,0,33310,11060,2,132037,0,0;
11394288300;1196740,44904,1,273,480,441,34452,9160,14,34532,9236,12,33290,9242,1,33302,4704,241,32408,0,0,32240,0,0,33301,0,0,34534,9243,0,33310,11059,2,132037,0,0;
11591025300;1196937,44904,1,272,480,440,34452,9161,14,34532,9237,12,33290,9243,0,33302,4704,242,32408,0,0,32240,0,0,33301,0,0,34534,9237,0,33310,11060,2,132037,0,0;
11693558500;1197039,44904,1,263,481,463,34452,9161,14,34532,9232,12,33290,9240,0,33302,4704,242,32408,0,0,32240,0,0,33301,0,0,34534,9235,0,33310,11059,2,132037,0,0;
11791248300;1197137,44904,1,260,469,488,34452,9158,14,34532,9234,12,33290,9237,0,33302,4704,241,32408,0,0,32240,0,0,33301,0,0,34534,9235,0,33310,11062,2,132037,0,0;
11889590200;1197235,44904,1,255,472,494,34452,9160,14,34532,9232,12,33290,9240,0,33302,4704,242,32408,0,0,32240,0,0,33301,0,0,34534,9234,0,33310,11062,2,132037,0,0;
11989954600;1197336,44904,1,262,477,468,34452,9161,14,34532,9234,12,33290,9242,0,33302,4704,240,32408,0,0,32240,0,0,33301,0,0,34534,9230,0,33310,11061,2,132037,0,0;
12092034500;1197438,44904,1,254,471,493,34452,9161,14,34532,9233,12,33290,9242,0,33302,4706,241,32408,0,0,32240,0,0,33301,0,0,34534,9232,0,33310,11063,2,132037,0,0;
12193745100;1197539,44904,1,265,473,469,34452,9159,14,34532,9235,12,33290,9239,0,33302,4704,241,32408,0,0,32240,0,0,33301,0,0,34534,9229,0,33310,11061,2,132037,0,0;
12288016200;1197634,44904,1,262,477,468,34452,9161,14,34532,9234,12,33290,9242,0,33302,4703,239,32408,0,0,32240,0,0,33301,0,0,34534,9235,0,33310,11061,2,132037,0,0;
12391074700;1197737,44904,1,265,477,463,34452,9160,14,34532,9234,12,33290,9240,0,33302,4703,238,32408,0,0,32240,0,0,33301,0,0,34534,9240,0,33310,11060,2,132037,0,0;
12492814500;1197838,44904,1,264,479,458,34452,9162,14,34532,9235,12,33290,9237,0,33302,4703,239,32408,0,0,32240,0,0,33301,0,0,34534,9233,0,33310,11061,2,132037,0,0;
12595425600;1197941,44904,1,249,467,513,34452,9159,14,34532,9231,12,33290,9243,1,33302,4703,237,32408,0,0,32240,0,0,33301,0,0,34534,9240,0,33310,11063,2,132037,0,0;
12689745500;1198035,44904,1,264,478,457,34452,9163,14,34532,9236,12,33290,9240,0,33302,4704,238,32408,0,0,32240,0,0,33301,0,0,34534,9239,0,33310,11062,2,132037,0,0;
12790871400;1198136,44904,1,255,470,497,34452,9159,14,34532,9232,12,33290,9240,0,33302,4705,237,32408,0,0,32240,0,0,33301,0,0,34534,9245,0,33310,11062,2,132037,0,0;
12891622700;1198237,44904,1,270,480,447,34452,9161,14,34532,9236,12,33290,9241,0,33302,4703,238,32408,0,0,32240,0,0,33301,0,0,34534,9243,0,33310,11060,2,132037,0,0;
12994694000;1198340,44904,1,262,477,468,34452,9161,14,34532,9234,12,33290,9240,0,33302,4703,239,32408,0,0,32240,0,0,33301,0,0,34534,9237,0,33310,11061,2,132037,0,0;
13095067600;1198441,44904,1,265,479,459,34452,9161,14,34532,9234,12,33290,9240,0,33302,4704,239,32408,0,0,32240,0,0,33301,0,0,34534,9229,0,33310,11060,2,132037,0,0;
13189756400;1198535,44904,1,260,477,476,34452,9160,13,34532,9232,11,33290,9241,0,33302,4703,234,32408,0,0,32240,0,0,33301,0,0,34534,9250,0,33310,11060,2,132037,0,0;
13292502000;1198638,44904,1,263,471,479,34452,9158,14,34532,9234,12,33290,9241,0,33302,4705,238,32408,0,0,32240,0,0,33301,0,0,34534,9236,0,33310,11061,3,132037,0,0;
13393326800;1198739,44904,1,267,479,453,34452,9161,14,34532,9235,12,33290,9240,0,33302,4704,240,32408,0,0,32240,0,0,33301,0,0,34534,9240,0,33310,11060,3,132037,0,0;
13493207900;1198839,44904,1,273,482,438,34452,9161,14,34532,9236,12,33290,9240,0,33302,4703,238,32408,0,0,32240,0,0,33301,0,0,34534,9240,0,33310,11059,3,132037,0,0;
13592414900;1198938,44904,1,262,471,478,34452,9159,14,34532,9235,12,33290,9240,0,33302,4704,238,32408,0,0,32240,0,0,33301,0,0,34534,9235,0,33310,11062,3,132037,0,0;
13689367900;1199035,44904,1,270,478,450,34452,9160,14,34532,9236,12,33290,9240,0,33302,4704,238,32408,0,0,32240,0,0,33301,0,0,34534,9244,0,33310,11060,3,132037,0,0;
13791765000;1199137,44904,1,268,482,450,34452,9161,14,34532,9234,12,33290,9242,0,33302,4704,238,32408,0,0,32240,0,0,33301,0,0,34534,9240,0,33310,11059,3,132037,0,0;
13893861100;1199239,44904,1,268,482,451,34452,9160,14,34532,9233,12,33290,9240,0,33302,4704,238,32408,0,0,32240,0,0,33301,0,0,34534,9232,0,33310,11058,3,132037,0,0;
13995765000;1199340,44904,1,273,484,435,34452,9161,14,34532,9235,12,33290,9237,0,33302,4703,238,32408,0,0,32240,0,0,33301,0,0,34534,9241,0,33310,11058,3,132037,0,0;
14088131400;1199434,44904,1,266,482,458,34452,9160,14,34532,9232,12,33290,9241,0,33302,4704,237,32408,0,0,32240,0,0,33301,0,0,34534,9244,0,33310,11058,3,132037,0,0;
14190047200;1199536,44904,1,271,479,452,34452,9158,14,34532,9234,12,33290,9240,0,33302,4704,237,32408,0,0,32240,0,0,33301,0,0,34534,9235,0,33310,11058,3,132037,0,0;
14292368600;1199638,44904,1,258,473,489,34452,9158,14,34532,9231,12,33290,9239,0,33302,4704,237,32408,0,0,32240,0,0,33301,0,0,34534,9242,0,33310,11060,3,132037,0,0;
14393213600;1199739,44904,1,265,477,463,34452,9160,14,34532,9234,12,33290,9241,0,33302,4704,237,32408,0,0,32240,0,0,33301,0,0,34534,9240,0,33310,11060,3,132037,0,0;
14488984700;1199834,44904,1,262,481,462,34452,9162,14,34532,9233,12,33290,9243,0,33302,4704,237,32408,0,0,32240,0,0,33301,0,0,34534,9234,0,33310,11060,3,132037,0,0;
14590738600;1199936,44904,1,263,477,469,34452,9160,14,34532,9233,11,33290,9240,0,33302,4704,236,32408,0,0,32240,0,0,33301,0,0,34534,9236,0,33310,11060,3,132037,0,0;
14691381500;1200037,44904,1,270,476,454,34452,9159,14,34532,9236,12,33290,9242,0,33302,4703,237,32408,0,0,32240,0,0,33301,0,0,34534,9239,0,33310,11060,3,132037,0,0;
14791115400;1200137,44904,1,270,478,450,34452,9160,14,34532,9236,12,33290,9240,0,33302,4704,237,32408,0,0,32240,0,0,33301,0,0,34534,9240,0,33310,11060,3,132037,0,0;
14890269500;1200236,44904,1,265,477,462,34452,9161,14,34532,9235,12,33290,9240,0,33302,4703,237,32408,0,0,32240,0,0,33301,0,0,34534,9233,0,33310,11061,3,132037,0,0;
14990538600;1200336,44904,1,257,474,485,34452,9160,14,34532,9232,11,33290,9242,0,33302,4705,236,32408,0,0,32240,0,0,33301,0,0,34534,9237,0,33310,11061,2,132037,0,0;
15092066300;1200438,44904,1,260,473,482,34452,9159,14,34532,9233,12,33290,9241,0,33302,4703,238,32408,0,0,32240,0,0,33301,0,0,34534,9235,0,33310,11061,3,132037,0,0;
15192936100;1200539,44904,1,259,470,483,34452,9160,14,34532,9235,12,33290,9239,0,33302,4704,237,32408,0,0,32240,0,0,33301,0,0,34534,9239,0,33310,11063,2,132037,0,0;
15288682800;1200634,44904,1,267,477,456,34452,9161,14,34532,9236,12,33290,9240,0,33302,4704,239,32408,0,0,32240,0,0,33301,0,0,34534,9236,0,33310,11061,3,132037,0,0;
15390468400;1200736,44904,1,266,479,460,34452,9160,14,34532,9233,12,33290,9239,0,33302,4703,239,32408,0,0,32240,0,0,33301,0,0,34534,9240,0,33310,11059,3,132037,0,0;
15491201900;1200837,44904,1,267,479,452,34452,9162,14,34532,9236,12,33290,9239,0,33302,4704,239,32408,0,0,32240,0,0,33301,0,0,34534,9235,0,33310,11061,3,132037,0,0;
15591487800;1200937,44904,1,257,478,477,34452,9162,14,34532,9232,12,33290,9241,0,33302,4705,238,32408,0,0,32240,0,0,33301,0,0,34534,9236,0,33310,11061,2,132037,0,0;
15688146100;1201034,44904,1,267,477,456,34452,9161,14,34532,9236,12,33290,9236,0,33302,4704,239,32408,0,0,32240,0,0,33301,0,0,34534,9232,0,33310,11061,2,132037,0,0;
15793503000;1201139,44904,1,262,477,468,34452,9161,14,34532,9234,12,33290,9242,0,33302,4704,239,32408,0,0,32240,0,0,33301,0,0,34534,9230,0,33310,11061,3,132037,0,0;
15891328600;1201237,44904,1,257,474,484,34452,9161,14,34532,9233,12,33290,9239,0,33302,4704,238,32408,0,0,32240,0,0,33301,0,0,34534,9239,0,33310,11062,2,132037,0,0;
15992409100;1201338,44904,1,260,475,479,34452,9159,14,34532,9232,12,33290,9237,0,33302,4704,240,32408,0,0,32240,0,0,33301,0,0,34534,9229,0,33310,11060,3,132037,0,0;
16087867600;1201433,44904,1,270,480,448,34452,9160,14,34532,9235,12,33290,9237,0,33302,4704,240,32408,0,0,32240,0,0,33301,0,0,34534,9237,0,33310,11059,3,132037,0,0;
16191664900;1201537,44904,1,265,479,459,34452,9161,14,34532,9234,12,33290,9240,0,33302,4704,240,32408,0,0,32240,0,0,33301,0,0,34534,9234,0,33310,11060,3,132037,0,0;
16291604800;1201637,44904,1,260,475,479,34452,9159,14,34532,9232,12,33290,9241,0,33302,4705,240,32408,0,0,32240,0,0,33301,0,0,34534,9237,0,33310,11060,3,132037,0,0;
16391762200;1201737,44904,1,260,478,472,34452,9161,14,34532,9232,12,33290,9239,0,33302,4704,239,32408,0,0,32240,0,0,33301,0,0,34534,9230,0,33310,11060,3,132037,0,0;
16493017400;1201839,44904,1,263,479,466,34452,9161,14,34532,9233,12,33290,9239,0,33302,4703,239,32408,0,0,32240,0,0,33301,0,0,34534,9234,0,33310,11060,3,132037,0,0;
16590278100;1201936,44904,1,262,477,468,34452,9161,14,34532,9234,12,33290,9241,0,33302,4704,240,32408,0,0,32240,0,0,33301,0,0,34534,9236,0,33310,11061,3,132037,0,0;
16689395100;1202035,44904,1,269,474,465,34452,9157,14,34532,9234,12,33290,9239,0,33302,4704,240,32408,0,0,32240,0,0,33301,0,0,34534,9229,0,33310,11059,2,132037,0,0;
16791741300;1202137,44904,1,257,472,487,34452,9160,14,34532,9233,12,33290,9239,0,33302,4704,240,32408,0,0,32240,0,0,33301,0,0,34534,9229,0,33310,11062,2,132037,0,0;
16890832100;1202236,44904,1,267,479,453,34452,9161,15,34532,9235,12,33290,9241,0,33302,4705,240,32408,0,0,32240,0,0,33301,0,0,34534,9230,0,33310,11060,2,132037,0,0;
16991609800;1202337,44904,1,258,472,488,34452,9159,15,34532,9232,12,33290,9242,0,33302,4705,240,32408,0,0,32240,0,0,33301,0,0,34534,9227,0,33310,11061,3,132037,0,0;
17090654000;1202436,44904,1,268,472,467,34452,9157,15,34532,9235,12,33290,9237,0,33302,4704,241,32408,0,0,32240,0,0,33301,0,0,34534,9233,0,33310,11060,3,132037,0,0;
17191340000;1202537,44904,1,253,473,488,34452,9163,14,34532,9234,12,33290,9239,0,33302,4704,239,32408,0,0,32240,0,0,33301,0,0,34534,9239,0,33310,11064,2,132037,0,0;
17495701700;1202841,44904,1,262,473,475,34452,9159,14,34532,9234,12,33290,9242,0,33302,4705,238,32408,0,0,32240,0,0,33301,0,0,34534,9240,0,33310,11061,3,132037,0,0;
17590783400;1202936,44904,1,270,481,443,34452,9162,15,34532,9236,12,33290,9240,0,33302,4705,241,32408,0,0,32240,0,0,33301,0,0,34534,9237,0,33310,11060,3,132037,0,0;
17692178900;1203038,44904,1,262,480,461,34452,9163,15,34532,9234,12,33290,9237,0,33302,4704,239,32408,0,0,32240,0,0,33301,0,0,34534,9234,0,33310,11061,3,132037,0,0;
17787528100;1203133,44904,1,268,480,454,34452,9160,15,34532,9234,12,33290,9239,0,33302,4704,240,32408,0,0,32240,0,0,33301,0,0,34534,9234,0,33310,11059,3,132037,0,0;
17892035400;1203238,44904,1,259,478,471,34452,9162,15,34532,9233,12,33290,9240,0,33302,4705,241,32408,0,0,32240,0,0,33301,0,0,34534,9231,0,33310,11061,3,132037,0,0;
17991606800;1203337,44904,1,263,483,459,34452,9162,15,34532,9232,12,33290,9241,1,33302,4705,241,32408,0,0,32240,0,0,33301,0,0,34534,9232,0,33310,11059,3,132037,0,0;
18093554700;1203439,44904,1,268,486,444,34452,9162,15,34532,9233,12,33290,9240,1,33302,4704,240,32408,0,0,32240,0,0,33301,0,0,34534,9233,0,33310,11058,3,132037,0,0;
18192381400;1203538,44904,1,268,476,461,34452,9158,15,34532,9234,12,33290,9241,0,33302,4704,240,32408,0,0,32240,0,0,33301,0,0,34534,9236,0,33310,11059,3,132037,0,0;
18293522500;1203639,44904,1,271,478,451,34452,9159,15,34532,9235,12,33290,9240,0,33302,4705,238,32408,0,0,32240,0,0,33301,0,0,34534,9228,0,33310,11059,3,132037,0,0;
18389919000;1203735,44904,1,270,482,444,34452,9161,14,34532,9235,12,33290,9237,0,33302,4704,240,32408,0,0,32240,0,0,33301,0,0,34534,9233,0,33310,11059,3,132037,0,0;
18492129100;1203838,44904,1,271,481,448,34452,9159,14,34532,9234,12,33290,9241,0,33302,4704,239,32408,0,0,32240,0,0,33301,0,0,34534,9232,0,33310,11058,3,132037,0,0;
18591852900;1203937,44904,1,276,483,433,34452,9159,16,34532,9235,12,33290,9241,0,33302,4704,239,32408,0,0,32240,0,0,33301,0,0,34534,9234,0,33310,11057,3,132037,0,0;
18687739600;1204033,44904,1,268,480,454,34452,9160,15,34532,9234,12,33290,9241,0,33302,4704,239,32408,0,0,32240,0,0,33301,0,0,34534,9229,0,33310,11059,3,132037,0,0;
18792606700;1204138,44904,1,263,483,459,34452,9162,15,34532,9232,11,33290,9237,0,33302,4703,238,32408,0,0,32240,0,0,33301,0,0,34534,9230,0,33310,11059,3,132037,0,0;
18891872900;1204237,44904,1,270,484,440,34452,9162,15,34532,9235,12,33290,9236,0,33302,4705,240,32408,0,0,32240,0,0,33301,0,0,34534,9231,0,33310,11059,3,132037,0,0;
18992275000;1204338,44904,1,268,482,450,34452,9161,15,34532,9234,12,33290,9240,0,33302,4704,239,32408,0,0,32240,0,0,33301,0,0,34534,9229,0,33310,11059,3,132037,0,0;
19092555800;1204438,44904,1,264,481,464,34452,9160,15,34532,9231,11,33290,9240,0,33302,4704,239,32408,0,0,32240,0,0,33301,0,0,34534,9241,0,33310,11058,3,132037,0,0;
19191408800;1204537,44904,1,262,473,475,34452,9159,15,34532,9234,11,33290,9237,0,33302,4705,238,32408,0,0,32240,0,0,33301,0,0,34534,9232,0,33310,11061,3,132037,0,0;
19293403500;1204639,44904,1,260,477,476,34452,9160,14,34532,9232,12,33290,9239,0,33302,4705,239,32408,0,0,32240,0,0,33301,0,0,34534,9236,0,33310,11060,3,132037,0,0;
19390928900;1204737,44904,1,274,485,436,34452,9160,14,34532,9234,12,33290,9240,0,33302,4704,238,32408,0,0,32240,0,0,33301,0,0,34534,9233,0,33310,11057,3,132037,0,0;
19492001400;1204838,44904,1,272,481,449,34452,9158,14,34532,9233,12,33290,9235,0,33302,4704,239,32408,0,0,32240,0,0,33301,0,0,34534,9242,0,33310,11057,3,132037,0,0;
19587503000;1204933,44904,1,263,477,470,34452,9159,14,34532,9232,12,33290,9240,0,33302,4706,239,32408,0,0,32240,0,0,33301,0,0,34534,9239,0,33310,11059,3,132037,0,0;
19691719300;1205037,44904,1,268,484,448,34452,9161,14,34532,9233,12,33290,9237,0,33302,4704,240,32408,0,0,32240,0,0,33301,0,0,34534,9233,0,33310,11058,3,132037,0,0;
19791102500;1205137,44904,1,269,473,468,34452,9156,14,34532,9234,12,33290,9241,0,33302,4704,238,32408,0,0,32240,0,0,33301,0,0,34534,9233,0,33310,11059,3,132037,0,0;
19891437900;1205237,44904,1,266,474,470,34452,9158,13,34532,9234,11,33290,9239,0,33302,4704,237,32408,0,0,32240,0,0,33301,0,0,34534,9237,0,33310,11060,3,132037,0,0;
19986720400;1205332,44904,1,273,484,435,34452,9161,13,34532,9235,11,33290,9241,0,33302,4704,238,32408,0,0,32240,0,0,33301,0,0,34534,9239,0,33310,11058,3,132037,0,0;
20090477500;1205436,44904,1,268,474,464,34452,9158,13,34532,9235,12,33290,9240,0,33302,4704,239,32408,0,0,32240,0,0,33301,0,0,34534,9237,0,33310,11060,3,132037,0,0;
20191888600;1205538,44904,1,260,477,476,34452,9160,14,34532,9232,12,33290,9241,0,33302,4704,238,32408,0,0,32240,0,0,33301,0,0,34534,9231,0,33310,11060,3,132037,0,0;
20295241200;1205641,44904,1,272,482,437,34452,9162,14,34532,9237,12,33290,9240,0,33302,4705,240,32408,0,0,32240,0,0,33301,0,0,34534,9233,0,33310,11060,3,132037,0,0;
20387714200;1205733,44904,1,273,483,439,34452,9160,14,34532,9235,12,33290,9240,0,33302,4704,237,32408,0,0,32240,0,0,33301,0,0,34534,9237,0,33310,11058,3,132037,0,0;
20488964700;1205835,44904,1,268,482,451,34452,9160,14,34532,9233,12,33290,9237,0,33302,4704,239,32408,0,0,32240,0,0,33301,0,0,34534,9233,0,33310,11058,3,132037,0,0;
20590998600;1205937,44904,1,266,478,464,34452,9159,14,34532,9233,11,33290,9239,0,33302,4705,238,32408,0,0,32240,0,0,33301,0,0,34534,9239,0,33310,11059,3,132037,0,0;
20692494400;1206038,44904,1,268,478,457,34452,9159,14,34532,9234,12,33290,9242,0,33302,4704,239,32408,0,0,32240,0,0,33301,0,0,34534,9228,0,33310,11059,3,132037,0,0;
20787971700;1206134,44904,1,266,479,460,34452,9160,14,34532,9233,11,33290,9241,1,33302,4704,239,32408,0,0,32240,0,0,33301,0,0,34534,9232,0,33310,11059,3,132037,0,0;
20890975700;1206237,44904,1,269,478,458,34452,9158,14,34532,9233,12,33290,9239,0,33302,4706,240,32408,0,0,32240,0,0,33301,0,0,34534,9235,0,33310,11058,3,132037,0,0;
20990985200;1206337,44904,1,268,484,448,34452,9161,13,34532,9233,12,33290,9241,0,33302,4704,240,32408,0,0,32240,0,0,33301,0,0,34534,9236,0,33310,11058,3,132037,0,0;
21091550500;1206437,44904,1,268,484,448,34452,9161,13,34532,9233,12,33290,9239,0,33302,4704,240,32408,0,0,32240,0,0,33301,0,0,34534,9235,0,33310,11058,3,132037,0,0;
21191365800;1206537,44904,1,269,480,455,34452,9159,14,34532,9233,12,33290,9237,0,33302,4704,240,32408,0,0,32240,0,0,33301,0,0,34534,9231,0,33310,11058,3,132037,0,0;
21289839400;1206635,44904,1,266,476,467,34452,9158,14,34532,9233,12,33290,9239,0,33302,4704,241,32408,0,0,32240,0,0,33301,0,0,34534,9233,0,33310,11059,3,132037,0,0;
21394333900;1206740,44904,1,271,482,445,34452,9160,14,34532,9234,12,33290,9239,0,33302,4704,240,32408,0,0,32240,0,0,33301,0,0,34534,9242,0,33310,11058,3,132037,0,0;
21491460900;1206837,44904,1,281,484,421,34452,9159,14,34532,9237,12,33290,9239,0,33302,4704,240,32408,0,0,32240,0,0,33301,0,0,34534,9231,0,33310,11057,3,132037,0,0;
21591408900;1206937,44904,1,268,476,460,34452,9159,15,34532,9235,12,33290,9239,0,33302,4706,241,32408,0,0,32240,0,0,33301,0,0,34534,9232,0,33310,11060,3,132037,0,0;
21687425200;1207033,44904,1,272,477,457,34452,9156,15,34532,9233,12,33290,9235,0,33302,4704,242,32408,0,0,32240,0,0,33301,0,0,34534,9237,0,33310,11057,3,132037,0,0;
21788528700;1207134,44904,1,274,478,450,34452,9156,15,34532,9234,12,33290,9239,0,33302,4704,241,32408,0,0,32240,0,0,33301,0,0,34534,9234,0,33310,11057,3,132037,0,0;
21891227700;1207237,44904,1,268,480,454,34452,9160,15,34532,9234,12,33290,9239,0,33302,4705,242,32408,0,0,32240,0,0,33301,0,0,34534,9236,0,33310,11059,3,132037,0,0;
21993606200;1207339,44904,1,279,482,430,34452,9158,14,34532,9236,12,33290,9237,0,33302,4707,241,32408,0,0,32240,0,0,33301,0,0,34534,9233,0,33310,11057,3,132037,0,0;
22091830400;1207437,44904,1,268,484,448,34452,9161,14,34532,9233,12,33290,9239,0,33302,4705,242,32408,0,0,32240,0,0,33301,0,0,34534,9232,0,33310,11058,3,132037,0,0;
22188096100;1207534,44904,1,269,479,459,34452,9157,15,34532,9232,12,33290,9240,0,33302,4704,241,32408,0,0,32240,0,0,33301,0,0,34534,9229,0,33310,11057,3,132037,0,0;
22289506700;1207635,44904,1,274,483,440,34452,9159,14,34532,9234,12,33290,9237,0,33302,4705,241,32408,0,0,32240,0,0,33301,0,0,34534,9242,0,33310,11057,3,132037,0,0;
22389932500;1207736,44904,1,271,478,451,34452,9159,14,34532,9235,12,33290,9237,0,33302,4705,242,32408,0,0,32240,0,0,33301,0,0,34534,9237,0,33310,11059,3,132037,0,0;
22491182000;1207837,44904,1,268,484,448,34452,9161,13,34532,9233,12,33290,9240,0,33302,4705,241,32408,0,0,32240,0,0,33301,0,0,34534,9232,0,33310,11058,3,132037,0,0;
22590425300;1207936,44904,1,277,482,437,34452,9158,14,34532,9235,12,33290,9236,0,33302,4705,242,32408,0,0,32240,0,0,33301,0,0,34534,9235,0,33310,11057,3,132037,0,0;
22691334200;1208037,44904,1,272,477,457,34452,9156,15,34532,9233,12,33290,9239,0,33302,4704,241,32408,0,0,32240,0,0,33301,0,0,34534,9237,0,33310,11057,3,132037,0,0;
22788820100;1208134,44904,1,273,475,452,34452,9157,14,34532,9236,12,33290,9240,0,33302,4704,241,32408,0,0,32240,0,0,33301,0,0,34534,9234,0,33310,11059,3,132037,0,0;
22891226900;1208237,44904,1,271,482,445,34452,9160,14,34532,9234,12,33290,9237,0,33302,4704,241,32408,0,0,32240,0,0,33301,0,0,34534,9228,0,33310,11058,3,132037,0,0;
22992756700;1208338,44904,1,279,484,428,34452,9158,14,34532,9235,12,33290,9239,0,33302,4703,240,32408,0,0,32240,0,0,33301,0,0,34534,9246,0,33310,11056,3,132037,0,0;
23091165300;1208437,44904,1,274,487,432,34452,9161,14,34532,9234,12,33290,9240,0,33302,4704,240,32408,0,0,32240,0,0,33301,0,0,34534,9233,0,33310,11057,3,132037,0,0;
23190132400;1208536,44904,1,271,485,442,34452,9160,15,34532,9233,12,33290,9240,0,33302,4703,240,32408,0,0,32240,0,0,33301,0,0,34534,9239,0,33310,11057,3,132037,0,0;
23289950500;1208636,44904,1,268,489,437,34452,9164,14,34532,9233,12,33290,9239,0,33302,4704,240,32408,0,0,32240,0,0,33301,0,0,34534,9239,0,33310,11058,3,132037,0,0;
23390842400;1208736,44904,1,273,479,445,34452,9159,14,34532,9236,12,33290,9240,0,33302,4704,239,32408,0,0,32240,0,0,33301,0,0,34534,9237,0,33310,11059,3,132037,0,0;
23487435900;1208833,44904,1,268,482,451,34452,9160,14,34532,9233,11,33290,9237,0,33302,4704,240,32408,0,0,32240,0,0,33301,0,0,34534,9241,0,33310,11058,3,132037,0,0;
23596825800;1208942,44904,1,271,484,441,34452,9161,14,34532,9234,11,33290,9241,0,33302,4704,239,32408,0,0,32240,0,0,33301,0,0,34534,9243,0,33310,11058,3,132037,0,0;
23689354400;1209035,44904,1,274,485,436,34452,9160,14,34532,9234,12,33290,9239,0,33302,4704,240,32408,0,0,32240,0,0,33301,0,0,34534,9230,0,33310,11057,3,132037,0,0;
23794681500;1209140,44904,1,274,487,432,34452,9161,14,34532,9234,12,33290,9240,0,33302,4704,240,32408,0,0,32240,0,0,33301,0,0,34534,9234,0,33310,11057,3,132037,0,0;
23891352100;1209237,44904,1,269,478,458,34452,9158,14,34532,9233,11,33290,9236,0,33302,4705,239,32408,0,0,32240,0,0,33301,0,0,34534,9239,0,33310,11058,3,132037,0,0;
23989529300;1209335,44904,1,262,481,462,34452,9162,14,34532,9233,11,33290,9239,0,33302,4704,239,32408,0,0,32240,0,0,33301,0,0,34534,9234,0,33310,11060,3,132037,0,0;
24089013900;1209435,44904,1,260,480,468,34452,9162,14,34532,9232,12,33290,9239,0,33302,4704,240,32408,0,0,32240,0,0,33301,0,0,34534,9233,0,33310,11060,3,132037,0,0;
24189434900;1209535,44904,1,263,473,476,34452,9158,15,34532,9233,12,33290,9240,0,33302,4704,238,32408,0,0,32240,0,0,33301,0,0,34534,9240,0,33310,11060,3,132037,0,0;
24290700500;1209636,44904,1,271,478,451,34452,9159,15,34532,9235,12,33290,9239,0,33302,4705,239,32408,0,0,32240,0,0,33301,0,0,34534,9239,0,33310,11059,3,132037,0,0;
24388398400;1209734,44904,1,263,479,466,34452,9161,15,34532,9233,12,33290,9237,0,33302,4704,239,32408,0,0,32240,0,0,33301,0,0,34534,9230,0,33310,11060,3,132037,0,0;
24493418400;1209839,44904,1,272,484,434,34452,9162,15,34532,9236,12,33290,9240,0,33302,4705,238,32408,0,0,32240,0,0,33301,0,0,34534,9229,0,33310,11059,3,132037,0,0;
24592037000;1209938,44904,1,268,484,448,34452,9161,15,34532,9233,12,33290,9237,0,33302,4703,238,32408,0,0,32240,0,0,33301,0,0,34534,9232,0,33310,11058,3,132037,0,0;
24689999800;1210036,44904,1,273,483,439,34452,9160,14,34532,9235,12,33290,9239,0,33302,4704,238,32408,0,0,32240,0,0,33301,0,0,34534,9222,0,33310,11058,3,132037,0,0;
24787942000;1210133,44904,1,269,484,449,34452,9160,15,34532,9232,12,33290,9240,0,33302,4704,239,32408,0,0,32240,0,0,33301,0,0,34534,9229,0,33310,11057,3,132037,0,0;
24890700900;1210236,44904,1,275,479,438,34452,9159,15,34532,9237,12,33290,9240,0,33302,4705,240,32408,0,0,32240,0,0,33301,0,0,34534,9230,0,33310,11059,3,132037,0,0;
24989779300;1210335,44904,1,273,486,431,34452,9162,14,34532,9235,12,33290,9240,0,33302,4704,238,32408,0,0,32240,0,0,33301,0,0,34534,9231,0,33310,11058,3,132037,0,0;
25090943100;1210437,44904,1,260,473,482,34452,9159,14,34532,9233,12,33290,9239,0,33302,4704,239,32408,0,0,32240,0,0,33301,0,0,34534,9233,0,33310,11061,3,132037,0,0;
25190858300;1210536,44904,1,270,484,440,34452,9162,14,34532,9235,12,33290,9241,0,33302,4705,239,32408,0,0,32240,0,0,33301,0,0,34534,9237,0,33310,11059,3,132037,0,0;
25288120000;1210634,44904,1,266,485,450,34452,9162,14,34532,9232,12,33290,9239,0,33302,4705,240,32408,0,0,32240,0,0,33301,0,0,34534,9232,0,33310,11058,3,132037,0,0;
25391049000;1210737,44904,1,273,482,438,34452,9161,14,34532,9236,12,33290,9239,0,33302,4704,240,32408,0,0,32240,0,0,33301,0,0,34534,9234,0,33310,11059,3,132037,0,0;
25491510000;1210837,44904,1,263,471,479,34452,9158,15,34532,9234,12,33290,9237,0,33302,4704,240,32408,0,0,32240,0,0,33301,0,0,34534,9236,0,33310,11061,3,132037,0,0;
25592623900;1210938,44904,1,265,479,459,34452,9161,14,34532,9234,12,33290,9240,1,33302,4706,240,32408,0,0,32240,0,0,33301,0,0,34534,9239,0,33310,11060,3,132037,0,0;
25687005500;1211033,44904,1,258,473,489,34452,9158,15,34532,9231,12,33290,9239,0,33302,4704,239,32408,0,0,32240,0,0,33301,0,0,34534,9233,0,33310,11060,3,132037,0,0;
25790765900;1211136,44904,1,265,481,457,34452,9161,15,34532,9233,12,33290,9242,0,33302,4704,240,32408,0,0,32240,0,0,33301,0,0,34534,9237,0,33310,11059,3,132037,0,0;
25890489400;1211236,44904,1,264,474,477,34452,9157,15,34532,9232,12,33290,9239,0,33302,4703,239,32408,0,0,32240,0,0,33301,0,0,34534,9243,0,33310,11059,3,132037,0,0;
25991956200;1211337,44904,1,268,478,456,34452,9160,14,34532,9235,11,33290,9239,0,33302,4704,238,32408,0,0,32240,0,0,33301,0,0,34534,9242,0,33310,11060,3,132037,0,0;
26087328200;1211433,44904,1,270,480,447,34452,9161,15,34532,9236,12,33290,9239,0,33302,4704,240,32408,0,0,32240,0,0,33301,0,0,34534,9242,0,33310,11060,3,132037,0,0;
26190103600;1211536,44904,1,265,477,463,34452,9160,15,34532,9234,12,33290,9237,0,33302,4705,240,32408,0,0,32240,0,0,33301,0,0,34534,9247,0,33310,11060,3,132037,0,0;
26290404500;1211636,44904,1,270,486,438,34452,9162,15,34532,9234,12,33290,9239,0,33302,4706,241,32408,0,0,32240,0,0,33301,0,0,34534,9239,0,33310,11058,3,132037,0,0;
26390333800;1211736,44904,1,268,478,456,34452,9160,15,34532,9235,12,33290,9241,0,33302,4704,240,32408,0,0,32240,0,0,33301,0,0,34534,9243,0,33310,11060,3,132037,0,0;
26488834800;1211834,44904,1,270,480,447,34452,9161,15,34532,9236,12,33290,9239,1,33302,4704,239,32408,0,0,32240,0,0,33301,0,0,34534,9240,0,33310,11060,3,132037,0,0;
26590229400;1211936,44904,1,270,486,438,34452,9162,15,34532,9234,12,33290,9239,1,33302,4706,240,32408,0,0,32240,0,0,33301,0,0,34534,9245,0,33310,11058,3,132037,0,0;
26690544500;1212036,44904,1,276,481,436,34452,9159,15,34532,9236,12,33290,9237,1,33302,4704,240,32408,0,0,32240,0,0,33301,0,0,34534,9237,0,33310,11058,3,132037,0,0;
26791729400;1212137,44904,1,266,479,460,34452,9160,15,34532,9233,12,33290,9237,1,33302,4705,242,32408,0,0,32240,0,0,33301,0,0,34534,9237,0,33310,11059,3,132037,0,0;
26887228500;1212233,44904,1,270,478,450,34452,9160,15,34532,9236,12,33290,9236,1,33302,4705,241,32408,0,0,32240,0,0,33301,0,0,34534,9240,0,33310,11060,3,132037,0,0;
26992727400;1212338,44904,1,271,477,455,34452,9158,15,34532,9235,12,33290,9237,1,33302,4704,241,32408,0,0,32240,0,0,33301,0,0,34534,9245,0,33310,11059,3,132037,0,0;
27089108700;1212435,44904,1,260,471,485,34452,9158,15,34532,9233,12,33290,9236,1,33302,4704,242,32408,0,0,32240,0,0,33301,0,0,34534,9233,0,33310,11061,3,132037,0,0;
27190308600;1212536,44904,1,262,481,462,34452,9162,14,34532,9233,12,33290,9240,1,33302,4706,241,32408,0,0,32240,0,0,33301,0,0,34534,9242,0,33310,11060,2,132037,0,0;
27286000500;1212632,44904,1,265,473,469,34452,9159,14,34532,9235,12,33290,9236,1,33302,4705,242,32408,0,0,32240,0,0,33301,0,0,34534,9234,0,33310,11061,2,132037,0,0;
27390626300;1212736,44904,1,263,479,466,34452,9161,14,34532,9233,12,33290,9239,0,33302,4704,241,32408,0,0,32240,0,0,33301,0,0,34534,9235,0,33310,11060,2,132037,0,0;
27491250900;1212837,44904,1,262,475,472,34452,9160,14,34532,9234,12,33290,9240,0,33302,4703,240,32408,0,0,32240,0,0,33301,0,0,34534,9243,0,33310,11061,2,132037,0,0;
27592556300;1212938,44904,1,268,478,457,34452,9159,14,34532,9234,12,33290,9236,0,33302,4704,242,32408,0,0,32240,0,0,33301,0,0,34534,9232,0,33310,11059,3,132037,0,0;
27691675700;1213037,44904,1,257,476,481,34452,9161,14,34532,9232,12,33290,9237,0,33302,4704,242,32408,0,0,32240,0,0,33301,0,0,34534,9237,0,33310,11061,3,132037,0,0;
27793525600;1213139,44904,1,266,474,470,34452,9158,13,34532,9234,11,33290,9239,0,33302,4704,240,32408,0,0,32240,0,0,33301,0,0,34534,9236,0,33310,11060,3,132037,0,0;
27890583200;1213236,44904,1,262,473,475,34452,9159,14,34532,9234,12,33290,9241,0,33302,4704,241,32408,0,0,32240,0,0,33301,0,0,34534,9223,0,33310,11061,3,132037,0,0;
27991857300;1213337,44904,1,266,474,470,34452,9158,14,34532,9234,12,33290,9243,0,33302,4705,242,32408,0,0,32240,0,0,33301,0,0,34534,9226,0,33310,11060,3,132037,0,0;
28091207700;1213437,44904,1,257,475,480,34452,9162,13,34532,9233,11,33290,9242,0,33302,4705,241,32408,0,0,32240,0,0,33301,0,0,34534,9237,0,33310,11062,3,132037,0,0;
28190676000;1213536,44904,1,267,485,443,34452,9163,13,34532,9234,12,33290,9242,0,33302,4705,243,32408,0,0,32240,0,0,33301,0,0,34534,9233,0,33310,11059,3,132037,0,0;
28287368600;1213633,44904,1,263,479,466,34452,9161,13,34532,9233,11,33290,9239,0,33302,4704,242,32408,0,0,32240,0,0,33301,0,0,34534,9230,0,33310,11060,3,132037,0,0;
28390927400;1213736,44904,1,265,481,456,34452,9162,13,34532,9234,12,33290,9242,0,33302,4704,242,32408,0,0,32240,0,0,33301,0,0,34534,9241,0,33310,11060,2,132037,0,0;
28493825100;1213839,44904,1,263,479,466,34452,9161,14,34532,9233,12,33290,9241,0,33302,4704,243,32408,0,0,32240,0,0,33301,0,0,34534,9241,0,33310,11060,3,132037,0,0;
28592127300;1213938,44904,1,265,475,466,34452,9159,13,34532,9234,11,33290,9244,0,33302,4706,243,32408,0,0,32240,0,0,33301,0,0,34534,9242,0,33310,11060,3,132037,0,0;
28685633600;1214031,44904,1,268,480,454,34452,9160,14,34532,9234,11,33290,9237,0,33302,4704,243,32408,0,0,32240,0,0,33301,0,0,34534,9236,0,33310,11059,3,132037,0,0;
28890370900;1214236,44904,1,265,481,457,34452,9161,13,34532,9233,11,33290,9242,0,33302,4704,242,32408,0,0,32240,0,0,33301,0,0,34534,9241,0,33310,11059,2,132037,0,0;
28990218900;1214336,44904,1,267,481,449,34452,9162,14,34532,9235,11,33290,9242,0,33302,4705,244,32408,0,0,32240,0,0,33301,0,0,34534,9232,0,33310,11060,2,132037,0,0;
29092511500;1214438,44904,1,262,478,465,34452,9162,13,34532,9234,11,33290,9239,0,33302,4704,244,32408,0,0,32240,0,0,33301,0,0,34534,9240,0,33310,11061,2,132037,0,0;
29189513300;1214533,44904,1,260,476,475,34452,9161,13,34532,9233,12,33290,9239,0,33302,4705,244,32408,0,0,32240,0,0,33301,0,0,34534,9237,0,33310,11061,2,132037,0,0;
29288670700;1214634,44904,1,260,473,482,34452,9159,13,34532,9233,12,33290,9240,0,33302,4705,244,32408,0,0,32240,0,0,33301,0,0,34534,9243,0,33310,11061,2,132037,0,0;
29390719700;1214736,44904,1,267,479,453,34452,9161,13,34532,9235,12,33290,9240,0,33302,4704,242,32408,0,0,32240,0,0,33301,0,0,34534,9240,0,33310,11060,3,132037,0,0;
29494843900;1214840,44904,1,265,477,462,34452,9161,13,34532,9235,12,33290,9237,0,33302,4705,244,32408,0,0,32240,0,0,33301,0,0,34534,9240,0,33310,11061,3,132037,0,0;
29587790300;1214933,44904,1,265,477,463,34452,9160,13,34532,9234,12,33290,9244,0,33302,4704,242,32408,0,0,32240,0,0,33301,0,0,34534,9234,0,33310,11060,3,132037,0,0;
29688921100;1215034,44904,1,258,471,492,34452,9158,13,34532,9232,12,33290,9239,0,33302,4705,242,32408,0,0,32240,0,0,33301,0,0,34534,9242,0,33310,11061,3,132037,0,0;
29788956700;1215135,44904,1,268,482,450,34452,9161,13,34532,9234,12,33290,9242,0,33302,4705,243,32408,0,0,32240,0,0,33301,0,0,34534,9237,0,33310,11059,3,132037,0,0;
29891431600;1215237,44904,1,268,472,467,34452,9157,13,34532,9235,12,33290,9243,0,33302,4706,243,32408,0,0,32240,0,0,33301,0,0,34534,9226,0,33310,11060,3,132037,0,0;
29987485800;1215333,44904,1,259,472,481,34452,9160,13,34532,9234,12,33290,9241,0,33302,4704,242,32408,0,0,32240,0,0,33301,0,0,34534,9234,0,33310,11062,3,132037,0,0;
30089761700;1215435,44904,1,265,479,459,34452,9161,13,34532,9234,12,33290,9240,0,33302,4705,243,32408,0,0,32240,0,0,33301,0,0,34534,9234,0,33310,11060,2,132037,0,0;
30189602600;1215535,44904,1,264,479,458,34452,9162,13,34532,9235,11,33290,9239,0,33302,4704,241,32408,0,0,32240,0,0,33301,0,0,34534,9239,0,33310,11061,3,132037,0,0;
30290194900;1215636,44904,1,270,476,454,34452,9159,13,34532,9236,12,33290,9242,0,33302,4704,242,32408,0,0,32240,0,0,33301,0,0,34534,9239,0,33310,11060,2,132037,0,0;
30388062100;1215734,44904,1,263,479,466,34452,9161,13,34532,9233,12,33290,9242,0,33302,4704,241,32408,0,0,32240,0,0,33301,0,0,34534,9240,0,33310,11060,3,132037,0,0;
30488298500;1215834,44904,1,260,477,476,34452,9160,13,34532,9232,12,33290,9239,0,33302,4706,243,32408,0,0,32240,0,0,33301,0,0,34534,9240,0,33310,11060,3,132037,0,0;
30589125700;1215935,44904,1,265,479,459,34452,9161,13,34532,9234,11,33290,9241,0,33302,4705,241,32408,0,0,32240,0,0,33301,0,0,34534,9242,0,33310,11060,2,132037,0,0;
30689239600;1216035,44904,1,265,477,462,34452,9161,13,34532,9235,11,33290,9240,0,33302,4704,242,32408,0,0,32240,0,0,33301,0,0,34534,9245,0,33310,11061,2,132037,0,0;
30789502600;1216135,44904,1,262,473,475,34452,9159,13,34532,9234,12,33290,9237,0,33302,4705,241,32408,0,0,32240,0,0,33301,0,0,34534,9240,0,33310,11061,2,132037,0,0;
