942993100;349848,44904,1,4481,120,613,34532,8430,27,34452,5989,79,132037,0,0,33311,13982,0,33310,0,0,32408,0,0,32350,5935,90,33290,8398,2,33301,0,0,132105,8703,11;
1140141200;350046,44904,1,4423,204,410,34532,8430,27,34452,5989,80,132037,0,0,33311,13927,0,33310,0,0,32408,0,0,32350,5935,90,33290,8398,2,33301,0,0,132105,8701,11;
1244178000;350149,44904,1,4435,182,456,34532,8432,27,34452,5990,80,132037,0,0,33311,13941,0,33310,0,0,32408,0,0,32350,5936,90,33290,8400,2,33301,0,0,132105,8701,11;
1343900000;350249,44904,1,4396,243,314,34532,8432,27,34452,5990,80,132037,0,0,33311,13903,0,33310,0,0,32408,0,0,32350,5936,91,33290,8435,2,33301,0,0,132105,8703,11;
1444173500;350350,44904,1,4449,167,497,34532,8430,27,34452,5989,79,132037,0,0,33311,13951,0,33310,0,0,32408,0,0,32350,5936,93,33290,8399,2,33301,0,0,132105,8703,11;
1541883200;350447,44904,1,4447,170,490,34532,8430,27,34452,5990,79,132037,0,0,33311,13949,0,33310,0,0,32408,0,0,32350,5935,94,33290,8400,2,33301,0,0,132105,8703,11;
1642331000;350548,44904,1,4462,153,533,34532,8430,27,34452,5989,79,132037,0,0,33311,13962,0,33310,0,0,32408,0,0,32350,5936,94,33290,8432,2,33301,0,0,132105,8705,11;
2040565200;350947,44904,1,4442,177,471,34532,8431,27,34452,5990,79,132037,0,0,33311,13945,0,33310,0,0,32408,0,0,32350,5936,91,33290,8398,2,33301,0,0,132105,8703,11;
2246053000;351149,44904,1,4407,225,360,34532,8430,27,34452,5989,78,132037,0,0,33311,13913,0,33310,0,0,32408,0,0,32350,5936,91,33290,8432,2,33301,0,0,132105,8700,11;
2438884000;351345,44904,1,4421,204,401,34532,8433,27,34452,5988,79,132037,0,0,33311,13928,0,33310,0,0,32408,0,0,32350,5937,91,33290,8400,2,33301,0,0,132105,8703,11;
2543273900;351449,44904,1,4435,185,449,34532,8432,27,34452,5990,79,132037,0,0,33311,13940,0,33310,0,0,32408,0,0,32350,5936,92,33290,8432,2,33301,0,0,132105,8703,11;
2643285200;351549,44904,1,4424,202,414,34532,8430,26,34452,5989,79,132037,0,0,33311,13928,0,33310,0,0,32408,0,0,32350,5935,92,33290,8399,2,33301,0,0,132105,8701,11;
2744587000;351650,44904,1,4381,268,261,34532,8431,27,34452,5989,79,132037,0,0,33311,13887,0,33310,0,0,32408,0,0,32350,5936,93,33290,8433,2,33301,0,0,132105,8703,11;
2839732800;351746,44904,1,4400,236,335,34532,8430,27,34452,5989,79,132037,0,0,33311,13906,0,33310,0,0,32408,0,0,32350,5936,93,33290,8399,2,33301,0,0,132105,8700,11;
2944454600;351850,44904,1,4403,231,341,34532,8432,26,34452,5989,77,132037,0,0,33311,13910,0,33310,0,0,32408,0,0,32350,5935,91,33290,8400,2,33301,0,0,132105,8702,11;
3038569000;351945,44904,1,4400,237,334,34532,8430,27,34452,5989,78,132037,0,0,33311,13906,0,33310,0,0,32408,0,0,32350,5935,90,33290,8400,2,33301,0,0,132105,8701,11;
3142668200;352048,44904,1,4375,271,254,34532,8431,27,34452,5989,77,132037,0,0,33311,13884,0,33310,0,0,32408,0,0,32350,5936,91,33290,8400,2,33301,0,0,132105,8700,11;
3244564800;352150,44904,1,4411,224,359,34532,8431,27,34452,5989,77,132037,0,0,33311,13915,0,33310,0,0,32408,0,0,32350,5935,89,33290,8400,2,33301,0,0,132105,8704,11;
3342641000;352249,44904,1,4347,318,152,34532,8431,27,34452,5989,78,132037,0,0,33311,13854,0,33310,0,0,32408,0,0,32350,5935,89,33290,8431,2,33301,0,0,132105,8703,11;
3439040000;352345,44904,1,4389,256,294,34532,8428,27,34452,5990,79,132037,0,0,33311,13893,0,33310,0,0,32408,0,0,32350,5933,87,33290,8432,2,33301,0,0,132105,8701,11;
3541961000;352448,44904,1,4416,211,398,34532,8428,27,34452,5989,79,132037,0,0,33311,13921,0,33310,0,0,32408,0,0,32350,5936,87,33290,8432,2,33301,0,0,132105,8698,11;
3643291400;352549,44904,1,4421,208,402,34532,8429,27,34452,5989,79,132037,0,0,33311,13924,0,33310,0,0,32408,0,0,32350,5935,86,33290,8398,2,33301,0,0,132105,8701,11;
3743748500;352650,44904,1,4413,223,367,34532,8429,27,34452,5989,77,132037,0,0,33311,13915,0,33310,0,0,32408,0,0,32350,5934,86,33290,8399,2,33301,0,0,132105,8703,11;
3839088400;352745,44904,1,4412,221,373,34532,8429,27,34452,5989,77,132037,0,0,33311,13916,0,33310,0,0,32408,0,0,32350,5934,84,33290,8398,2,33301,0,0,132105,8701,11;
3943940000;352849,44904,1,4384,255,286,34532,8432,27,34452,5989,77,132037,0,0,33311,13894,0,33310,0,0,32408,0,0,32350,5934,83,33290,8399,2,33301,0,0,132105,8700,11;
4043832200;352949,44904,1,4399,245,320,34532,8428,27,34452,5989,77,132037,0,0,33311,13901,0,33310,0,0,32408,0,0,32350,5936,86,33290,8432,2,33301,0,0,132105,8703,11;
4143952000;353049,44904,1,4423,204,414,34532,8428,27,34452,5990,77,132037,0,0,33311,13926,0,33310,0,0,32408,0,0,32350,5936,87,33290,8432,2,33301,0,0,132105,8700,11;
4239515700;353145,44904,1,4466,143,559,34532,8429,27,34452,5989,77,132037,0,0,33311,13967,0,33310,0,0,32408,0,0,32350,5935,87,33290,8431,2,33301,0,0,132105,8702,11;
4343887400;353249,44904,1,4453,156,524,34532,8430,28,34452,5989,77,132037,0,0,33311,13958,0,33310,0,0,32408,0,0,32350,5934,87,33290,8398,2,33301,0,0,132105,8700,11;
4442208800;353348,44904,1,4411,224,359,34532,8431,27,34452,5990,78,132037,0,0,33311,13915,0,33310,0,0,32408,0,0,32350,5936,88,33290,8396,2,33301,0,0,132105,8704,11;
4543558400;353450,44904,1,4419,213,389,34532,8430,27,34452,5990,80,132037,0,0,33311,13922,0,33310,0,0,32408,0,0,32350,5935,87,33290,8399,2,33301,0,0,132105,8703,11;
4644486400;353550,44904,1,4399,246,315,34532,8429,27,34452,5990,80,132037,0,0,33311,13901,0,33310,0,0,32408,0,0,32350,5935,86,33290,8399,2,33301,0,0,132105,8704,11;
4744208000;353650,44904,1,4293,297,244,34532,8432,27,34452,5990,77,132037,0,0,33311,13922,0,33310,9020,5,32408,0,0,32350,5935,88,33290,0,0,33301,0,0,132105,8701,11;
4841161300;353747,44904,1,4288,298,248,34532,8429,27,34452,5990,79,132037,0,0,33311,13921,0,33310,9019,5,32408,0,0,32350,5935,89,33290,8431,2,33301,0,0,132105,8701,11;
4943139600;353849,44904,1,4291,299,246,34532,8429,27,34452,5989,77,132037,0,0,33311,13901,0,33310,9018,5,32408,0,0,32350,5935,89,33290,8435,2,33301,0,0,132105,8702,11;
5043874100;353950,44904,1,4296,300,240,34532,8431,27,34452,5989,77,132037,0,0,33311,13862,0,33310,9018,5,32408,0,0,32350,5936,89,33290,8430,2,33301,0,0,132105,8698,11;
5144135000;354050,44904,1,4293,301,242,34532,8429,27,34452,5989,75,132037,0,0,33311,13865,0,33310,9017,5,32408,0,0,32350,5936,88,33290,8398,2,33301,0,0,132105,8701,11;
5244122700;354150,44904,1,4296,300,240,34532,8431,27,34452,5989,76,132037,0,0,33311,13884,0,33310,9018,5,32408,0,0,32350,5936,88,33290,8431,2,33301,0,0,132105,8700,11;
5339377600;354246,44904,1,4293,302,239,34532,8429,27,34452,5990,78,132037,0,0,33311,13931,0,33310,9017,5,32408,0,0,32350,5935,88,33290,8432,2,33301,0,0,132105,8701,11;
5441664800;354348,44904,1,4291,300,247,34532,8428,27,34452,5988,79,132037,0,0,33311,13905,0,33310,9017,5,32408,0,0,32350,5935,86,33290,8398,2,33301,0,0,132105,8699,11;
5543755100;354450,44904,1,4291,300,244,34532,8429,27,34452,5990,79,132037,0,0,33311,13906,0,33310,9018,5,32408,0,0,32350,5935,86,33290,8400,2,33301,0,0,132105,8701,11;
5643042300;354550,44904,1,4291,296,249,34532,8431,27,34452,5989,77,132037,0,0,33311,13862,0,33310,9020,5,32408,0,0,32350,5935,88,33290,8401,2,33301,0,0,132105,8700,11;
5738089900;354645,44904,1,4288,295,252,34532,8430,27,34452,5989,77,132037,0,0,33311,13841,0,33310,9020,5,32408,0,0,32350,5935,88,33290,8432,2,33301,0,0,132105,8702,11;
5841568900;354748,44904,1,4291,300,244,34532,8429,27,34452,5990,78,132037,0,0,33311,13856,0,33310,9018,5,32408,0,0,32350,5936,88,33290,8399,2,33301,0,0,132105,8700,11;
5942946300;354849,44904,1,4298,302,236,34532,8431,27,34452,5989,78,132037,0,0,33311,13855,0,33310,9017,5,32408,0,0,32350,5935,89,33290,8399,2,33301,0,0,132105,8702,11;
6043621600;354950,44904,1,4291,296,249,34532,8431,27,34452,5989,78,132037,0,0,33311,13826,0,33310,9020,5,32408,0,0,32350,5935,90,33290,8398,2,33301,0,0,132105,8700,11;
6138997500;355045,44904,1,4293,301,241,34532,8430,27,34452,5990,79,132037,0,0,33311,13843,0,33310,9018,5,32408,0,0,32350,5936,92,33290,8430,2,33301,0,0,132105,8703,11;
6243480900;355149,44904,1,4301,306,230,34532,8430,27,34452,5989,79,132037,0,0,33311,13888,0,33310,9015,5,32408,0,0,32350,5935,92,33290,8398,2,33301,0,0,132105,8702,11;
6342956900;355249,44904,1,4288,295,252,34532,8430,27,34452,5989,79,132037,0,0,33311,13862,0,33310,9020,5,32408,0,0,32350,5935,93,33290,8397,2,33301,0,0,132105,8703,11;
6443463300;355349,44904,1,4293,298,245,34532,8431,27,34452,5989,79,132037,0,0,33311,13882,0,33310,9019,5,32408,0,0,32350,5936,93,33290,8431,2,33301,0,0,132105,8701,11;
6538963200;355445,44904,1,4285,294,254,34532,8430,27,34452,5990,81,132037,0,0,33311,13875,0,33310,9021,5,32408,0,0,32350,5935,93,33290,8398,2,33301,0,0,132105,8702,11;
6641425800;355547,44904,1,4295,301,238,34532,8431,28,34452,5990,80,132037,0,0,33311,13860,0,33310,9018,5,32408,0,0,32350,5935,94,33290,8432,2,33301,0,0,132105,8703,11;
6742539500;355649,44904,1,4301,306,230,34532,8430,27,34452,5989,80,132037,0,0,33311,13847,0,33310,9015,5,32408,0,0,32350,5936,94,33290,8399,2,33301,0,0,132105,8701,11;
6842755400;355749,44904,1,4323,347,89,34532,8432,27,34452,5990,80,132037,0,0,33311,13835,0,33310,0,0,32408,0,0,32350,5935,93,33290,8399,2,33301,0,0,132105,8700,11;
6944385000;355851,44904,1,4303,306,227,34532,8431,27,34452,5989,81,132037,0,0,33311,13842,0,33310,9015,5,32408,0,0,32350,5936,92,33290,8398,2,33301,0,0,132105,8701,11;
7039238400;355946,44904,1,4286,293,257,34532,8430,27,34452,5989,80,132037,0,0,33311,13845,0,33310,9021,5,32408,0,0,32350,5936,92,33290,8398,2,33301,0,0,132105,8699,11;
7141134500;356048,44904,1,4293,299,243,34532,8430,27,34452,5989,80,132037,0,0,33311,13841,0,33310,9018,5,32408,0,0,32350,5935,91,33290,8399,2,33301,0,0,132105,8702,11;
7241220100;356148,44904,1,4293,299,243,34532,8430,27,34452,5989,80,132037,0,0,33311,13834,0,33310,9018,5,32408,0,0,32350,5936,90,33290,8400,2,33301,0,0,132105,8702,11;
7342688700;356250,44904,1,4288,296,250,34532,8430,27,34452,5990,81,132037,0,0,33311,13817,0,33310,9020,5,32408,0,0,32350,5935,89,33290,8399,2,33301,0,0,132105,8702,11;
7437963900;356345,44904,1,4293,297,244,34532,8432,27,34452,5990,81,132037,0,0,33311,13825,0,33310,9020,5,32408,0,0,32350,5936,89,33290,8399,2,33301,0,0,132105,8701,11;
7541264100;356447,44904,1,4291,297,248,34532,8430,27,34452,5989,80,132037,0,0,33311,13824,0,33310,9019,5,32408,0,0,32350,5935,88,33290,8398,2,33301,0,0,132105,8703,11;
7641402100;356548,44904,1,4293,298,245,34532,8431,27,34452,5989,79,132037,0,0,33311,13812,0,33310,9019,5,32408,0,0,32350,5936,89,33290,8401,2,33301,0,0,132105,8702,12;
7741223500;356648,44904,1,4291,297,248,34532,8430,27,34452,5989,79,132037,0,0,33311,13798,0,33310,9019,5,32408,0,0,32350,5936,90,33290,8399,2,33301,0,0,132105,8700,12;
7844263800;356751,44904,1,4296,300,240,34532,8431,28,34452,5989,80,132037,0,0,33311,13799,0,33310,9018,5,32408,0,0,32350,5936,91,33290,8399,2,33301,0,0,132105,8702,12;
7937726400;356845,44904,1,4296,297,244,34532,8432,27,34452,5988,80,132037,0,0,33311,13813,0,33310,9019,5,32408,0,0,32350,5936,91,33290,8433,2,33301,0,0,132105,8702,12;
8039844500;356946,44904,1,4293,301,242,34532,8429,27,34452,5989,81,132037,0,0,33311,13809,0,33310,9017,5,32408,0,0,32350,5935,92,33290,8398,2,33301,0,0,132105,8702,12;
8141307900;357048,44904,1,4288,293,254,34532,8431,28,34452,5989,81,132037,0,0,33311,13812,0,33310,9021,5,32408,0,0,32350,5936,93,33290,8430,2,33301,0,0,132105,8701,12;
8242991500;357149,44904,1,4293,298,245,34532,8431,27,34452,5989,80,132037,0,0,33311,13817,0,33310,9019,5,32408,0,0,32350,5935,93,33290,8432,2,33301,0,0,132105,8702,12;
8337573800;357244,44904,1,4293,299,243,34532,8430,27,34452,5989,80,132037,0,0,33311,13819,0,33310,9018,5,32408,0,0,32350,5936,93,33290,8435,2,33301,0,0,132105,8702,12;
8440565800;357347,44904,1,4281,291,264,34532,8429,27,34452,5989,79,132037,0,0,33311,13813,0,33310,9022,5,32408,0,0,32350,5937,94,33290,8432,2,33301,0,0,132105,8702,12;
8544188800;357451,44904,1,4286,293,257,34532,8430,27,34452,5989,80,132037,0,0,33311,13811,0,33310,9021,5,32408,0,0,32350,5936,92,33290,8398,2,33301,0,0,132105,8702,12;
8640099300;357546,44904,1,4290,297,247,34532,8431,27,34452,5990,80,132037,0,0,33311,13815,0,33310,9020,5,32408,0,0,32350,5935,94,33290,8430,2,33301,0,0,132105,8702,12;
8741322200;357648,44904,1,4298,305,233,34532,8429,27,34452,5989,79,132037,0,0,33311,13840,0,33310,9015,5,32408,0,0,32350,5936,93,33290,8400,2,33301,0,0,132105,8701,12;
8842477100;357749,44904,1,4293,298,245,34532,8431,27,34452,5989,79,132037,0,0,33311,13812,0,33310,9019,5,32408,0,0,32350,5935,92,33290,8436,2,33301,0,0,132105,8702,12;
8937394200;357844,44904,1,4298,302,236,34532,8431,27,34452,5989,79,132037,0,0,33311,13835,0,33310,9017,5,32408,0,0,32350,5935,91,33290,8400,2,33301,0,0,132105,8702,12;
9040852700;357947,44904,1,4296,300,240,34532,8431,27,34452,5989,78,132037,0,0,33311,13810,0,33310,9018,5,32408,0,0,32350,5933,90,33290,8400,2,33301,0,0,132105,8701,11;
9141335400;358048,44904,1,4288,295,252,34532,8430,27,34452,5989,79,132037,0,0,33311,13811,0,33310,9020,5,32408,0,0,32350,5935,92,33290,8399,2,33301,0,0,132105,8701,12;
9243208500;358150,44904,1,4293,301,241,34532,8430,27,34452,5990,80,132037,0,0,33311,13819,0,33310,9018,5,32408,0,0,32350,5934,91,33290,8401,2,33301,0,0,132105,8702,11;
9337497200;358244,44904,1,4298,304,234,34532,8430,27,34452,5989,79,132037,0,0,33311,13817,0,33310,9016,5,32408,0,0,32350,5936,91,33290,8399,2,33301,0,0,132105,8700,11;
9440553400;358347,44904,1,4298,304,234,34532,8430,27,34452,5989,80,132037,0,0,33311,13809,0,33310,9016,5,32408,0,0,32350,5934,90,33290,8399,2,33301,0,0,132105,8701,11;
9542341200;358449,44904,1,4293,297,244,34532,8432,27,34452,5990,80,132037,0,0,33311,13825,0,33310,9020,5,32408,0,0,32350,5935,90,33290,8433,2,33301,0,0,132105,8702,11;
9642561500;358549,44904,1,4298,300,237,34532,8432,27,34452,5989,80,132037,0,0,33311,13803,0,33310,9018,5,32408,0,0,32350,5935,91,33290,8399,2,33301,0,0,132105,8703,11;
9737608800;358645,44904,1,4288,298,248,34532,8429,27,34452,5990,80,132037,0,0,33311,13812,0,33310,9019,5,32408,0,0,32350,5934,90,33290,8400,2,33301,0,0,132105,8700,11;
9840795500;358748,44904,1,4291,301,245,34532,8428,27,34452,5989,81,132037,0,0,33311,13825,0,33310,9017,5,32408,0,0,32350,5936,91,33290,8400,2,33301,0,0,132105,8702,11;
9942385900;358849,44904,1,4293,301,242,34532,8429,27,34452,5989,79,132037,0,0,33311,13842,0,33310,9017,5,32408,0,0,32350,5935,91,33290,8399,2,33301,0,0,132105,8702,11;
10043068100;358950,44904,1,4293,296,246,34532,8432,27,34452,5989,78,132037,0,0,33311,13807,0,33310,9020,5,32408,0,0,32350,5935,90,33290,8433,2,33301,0,0,132105,8703,11;
10139110400;359046,44904,1,4296,301,239,34532,8430,27,34452,5989,75,132037,0,0,33311,13803,0,33310,9017,5,32408,0,0,32350,5936,89,33290,8399,2,33301,0,0,132105,8703,11;
10239741600;359147,44904,1,4293,297,244,34532,8432,27,34452,5990,76,132037,0,0,33311,13816,0,33310,9020,5,32408,0,0,32350,5936,91,33290,8399,2,33301,0,0,132105,8702,11;
10340632900;359248,44904,1,4293,299,243,34532,8430,27,34452,5989,77,132037,0,0,33311,13831,0,33310,9018,5,32408,0,0,32350,5935,92,33290,8432,2,33301,0,0,132105,8702,11;
10441974900;359349,44904,1,4293,301,241,34532,8430,27,34452,5990,78,132037,0,0,33311,13810,0,33310,9018,5,32408,0,0,32350,5936,94,33290,8400,2,33301,0,0,132105,8702,11;
10542223600;359449,44904,1,4291,297,248,34532,8430,27,34452,5989,79,132037,0,0,33311,13836,0,33310,9019,5,32408,0,0,32350,5936,95,33290,8399,2,33301,0,0,132105,8701,12;
10637497100;359545,44904,1,4296,303,237,34532,8429,27,34452,5989,78,132037,0,0,33311,13836,0,33310,9016,5,32408,0,0,32350,5936,94,33290,8398,2,33301,0,0,132105,8702,12;
10740816100;359648,44904,1,4298,301,235,34532,8432,27,34452,5990,78,132037,0,0,33311,13832,0,33310,9018,5,32408,0,0,32350,5935,94,33290,8399,2,33301,0,0,132105,8703,11;
10841023500;359748,44904,1,4291,300,244,34532,8429,27,34452,5990,78,132037,0,0,33311,13855,0,33310,9018,5,32408,0,0,32350,5934,94,33290,8399,2,33301,0,0,132105,8703,12;
10940875300;359848,44904,1,4298,302,236,34532,8431,27,34452,5989,79,132037,0,0,33311,13840,0,33310,9017,5,32408,0,0,32350,5935,93,33290,8433,2,33301,0,0,132105,8702,11;
11042650500;359949,44904,1,4298,302,236,34532,8431,27,34452,5989,79,132037,0,0,33311,13893,0,33310,9017,5,32408,0,0,32350,5933,92,33290,8398,2,33301,0,0,132105,8701,12;
11138251200;360045,44904,1,4286,295,255,34532,8429,27,34452,5989,79,132037,0,0,33311,13906,0,33310,9020,5,32408,0,0,32350,5936,94,33290,8396,2,33301,0,0,132105,8702,11;
11239432600;360147,44904,1,4296,301,239,34532,8430,27,34452,5989,78,132037,0,0,33311,13893,0,33310,9017,5,32408,0,0,32350,5936,94,33290,8436,2,33301,0,0,132105,8701,12;
11340435700;360248,44904,1,4291,298,245,34532,8430,27,34452,5990,79,132037,0,0,33311,13893,0,33310,9019,5,32408,0,0,32350,5936,91,33290,8399,2,33301,0,0,132105,8701,11;
11443024800;360350,44904,1,4288,295,252,34532,8430,27,34452,5989,79,132037,0,0,33311,13934,0,33310,9020,5,32408,0,0,32350,5934,90,33290,8398,2,33301,0,0,132105,8703,11;
11537749400;360445,44904,1,4291,299,246,34532,8429,27,34452,5989,78,132037,0,0,33311,13913,0,33310,9018,5,32408,0,0,32350,5934,90,33290,8432,2,33301,0,0,132105,8701,11;
11640303500;360547,44904,1,4293,298,245,34532,8431,27,34452,5989,78,132037,0,0,33311,13907,0,33310,9019,5,32408,0,0,32350,5936,92,33290,8435,2,33301,0,0,132105,8702,12;
11740914900;360648,44904,1,4298,302,236,34532,8431,27,34452,5989,79,132037,0,0,33311,13915,0,33310,9017,5,32408,0,0,32350,5936,92,33290,8398,2,33301,0,0,132105,8702,12;
11842897900;360749,44904,1,4288,295,252,34532,8430,27,34452,5989,79,132037,0,0,33311,13950,0,33310,9020,5,32408,0,0,32350,5935,92,33290,8433,2,33301,0,0,132105,8701,12;
11937896300;360844,44904,1,4461,135,572,34532,8431,27,34452,5990,78,132037,0,0,33311,13970,0,33310,0,0,32408,0,0,32350,5935,92,33290,8431,2,33301,0,0,132105,8696,12;
12039982400;360947,44904,1,4298,301,234,34532,8433,27,34452,5991,79,132037,0,0,33311,13976,0,33310,9019,5,32408,0,0,32350,5935,92,33290,8399,2,33301,0,0,132105,8701,12;
12140518600;361048,44904,1,4296,300,240,34532,8431,27,34452,5989,79,132037,0,0,33311,13954,0,33310,9018,5,32408,0,0,32350,5936,91,33290,8433,2,33301,0,0,132105,8703,11;
12241312400;361148,44904,1,4298,303,233,34532,8431,27,34452,5990,80,132037,0,0,33311,13933,0,33310,9017,5,32408,0,0,32350,5936,91,33290,8398,2,33301,0,0,132105,8703,11;
12336425700;361244,44904,1,4438,177,467,34532,8432,27,34452,5990,80,132037,0,0,33311,13944,0,33310,0,0,32408,0,0,32350,5935,92,33290,8432,2,33301,0,0,132105,8701,12;
12440125000;361347,44904,1,4291,298,245,34532,8430,27,34452,5990,80,132037,0,0,33311,13906,0,33310,9019,5,32408,0,0,32350,5934,92,33290,8433,2,33301,0,0,132105,8701,11;
12541340000;361449,44904,1,4283,291,261,34532,8430,27,34452,5989,79,132037,0,0,33311,13898,0,33310,9022,5,32408,0,0,32350,5936,92,33290,8435,2,33301,0,0,132105,8701,11;
12641805100;361549,44904,1,4291,296,249,34532,8431,27,34452,5989,79,132037,0,0,33311,13929,0,33310,9020,5,32408,0,0,32350,5935,91,33290,8401,2,33301,0,0,132105,8702,11;
12736978400;361644,44904,1,4293,299,243,34532,8430,27,34452,5989,79,132037,0,0,33311,13927,0,33310,9018,5,32408,0,0,32350,5935,92,33290,8400,2,33301,0,0,132105,8700,11;
12842088400;361749,44904,1,4291,297,248,34532,8430,27,34452,5989,78,132037,0,0,33311,13904,0,33310,9019,5,32408,0,0,32350,5936,92,33290,8433,2,33301,0,0,132105,8700,11;
12940835200;361848,44904,1,4293,299,242,34532,8431,27,34452,5990,78,132037,0,0,33311,13912,0,33310,9019,5,32408,0,0,32350,5936,93,33290,8432,2,33301,0,0,132105,8701,11;
13042158000;361949,44904,1,4283,291,261,34532,8430,27,34452,5989,79,132037,0,0,33311,13904,0,33310,9022,5,32408,0,0,32350,5935,93,33290,8398,2,33301,0,0,132105,8700,11;
13143584700;362051,44904,1,4298,300,237,34532,8432,27,34452,5989,79,132037,0,0,33311,13855,0,33310,9018,5,32408,0,0,32350,5935,93,33290,8399,2,33301,0,0,132105,8700,11;
13237884600;362145,44904,1,4291,297,248,34532,8430,27,34452,5989,79,132037,0,0,33311,13873,0,33310,9019,5,32408,0,0,32350,5936,92,33290,8398,2,33301,0,0,132105,8702,12;
13339561900;362248,44904,1,4350,310,172,34532,8430,27,34452,5989,77,132037,0,0,33311,13859,0,33310,0,0,32408,0,0,32350,5934,90,33290,8400,2,33301,0,0,132105,8700,11;
13440145000;362348,44904,1,4283,293,260,34532,8429,27,34452,5989,76,132037,0,0,33311,13859,0,33310,9021,5,32408,0,0,32350,5935,90,33290,8435,2,33301,0,0,132105,8701,11;
13540553000;362448,44904,1,4291,299,246,34532,8429,27,34452,5989,76,132037,0,0,33311,13869,0,33310,9018,5,32408,0,0,32350,5936,90,33290,8399,2,33301,0,0,132105,8703,11;
13636072300;362544,44904,1,4296,300,240,34532,8431,27,34452,5989,77,132037,0,0,33311,13868,0,33310,9018,5,32408,0,0,32350,5935,89,33290,8399,2,33301,0,0,132105,8702,11;
13739191300;362647,44904,1,4286,293,257,34532,8430,27,34452,5989,78,132037,0,0,33311,13854,0,33310,9021,5,32408,0,0,32350,5937,92,33290,8399,2,33301,0,0,132105,8702,11;
13841360200;362749,44904,1,4283,293,260,34532,8429,27,34452,5989,78,132037,0,0,33311,13827,0,33310,9021,5,32408,0,0,32350,5935,92,33290,8399,2,33301,0,0,132105,8701,11;
13940686700;362848,44904,1,4290,300,243,34532,8430,27,34452,5991,78,132037,0,0,33311,13814,0,33310,9019,5,32408,0,0,32350,5936,91,33290,8399,2,33301,0,0,132105,8701,11;
14036425400;362943,44904,1,4298,305,232,34532,8430,27,34452,5990,77,132037,0,0,33311,13841,0,33310,9016,5,32408,0,0,32350,5937,90,33290,8400,2,33301,0,0,132105,8704,11;
14139324500;363047,44904,1,4308,370,43,34532,8431,27,34452,5990,76,132037,0,0,33311,13820,0,33310,0,0,32408,0,0,32350,5935,88,33290,8399,2,33301,0,0,132105,8700,11;
14241000500;363148,44904,1,4298,302,236,34532,8431,27,34452,5989,75,132037,0,0,33311,13826,0,33310,9017,5,32408,0,0,32350,5936,87,33290,8399,2,33301,0,0,132105,8702,11;
14340096800;363247,44904,1,4298,304,234,34532,8430,27,34452,5989,75,132037,0,0,33311,13836,0,33310,9016,5,32408,0,0,32350,5936,88,33290,8400,2,33301,0,0,132105,8703,11;
14436033800;363344,44904,1,4298,302,236,34532,8431,27,34452,5989,76,132037,0,0,33311,13842,0,33310,9017,5,32408,0,0,32350,5934,89,33290,8397,2,33301,0,0,132105,8701,12;
14539374900;363447,44904,1,4293,299,243,34532,8430,27,34452,5989,75,132037,0,0,33311,13820,0,33310,9018,5,32408,0,0,32350,5936,90,33290,8399,2,33301,0,0,132105,8702,12;
14640132400;363548,44904,1,4283,292,259,34532,8430,27,34452,5990,77,132037,0,0,33311,13838,0,33310,9022,5,32408,0,0,32350,5936,87,33290,8398,2,33301,0,0,132105,8702,12;
14740489600;363648,44904,1,4288,296,250,34532,8430,27,34452,5990,77,132037,0,0,33311,13829,0,33310,9020,5,32408,0,0,32350,5936,86,33290,8435,2,33301,0,0,132105,8704,12;
14835857000;363744,44904,1,4288,296,250,34532,8430,27,34452,5990,77,132037,0,0,33311,13822,0,33310,9020,5,32408,0,0,32350,5936,87,33290,8399,2,33301,0,0,132105,8704,12;
14939264600;363847,44904,1,4296,300,240,34532,8431,27,34452,5989,76,132037,0,0,33311,13811,0,33310,9018,5,32408,0,0,32350,5935,87,33290,8400,2,33301,0,0,132105,8701,12;
15040062300;363948,44904,1,4288,292,256,34532,8431,27,34452,5988,77,132037,0,0,33311,13834,0,33310,9021,5,32408,0,0,32350,5935,88,33290,8433,2,33301,0,0,132105,8701,12;
15140280900;364048,44904,1,4293,298,245,34532,8431,27,34452,5989,78,132037,0,0,33311,13817,0,33310,9019,5,32408,0,0,32350,5935,90,33290,8433,2,33301,0,0,132105,8705,12;
15235844400;364143,44904,1,4303,304,227,34532,8433,27,34452,5990,78,132037,0,0,33311,13841,0,33310,9017,5,32408,0,0,32350,5937,91,33290,8433,2,33301,0,0,132105,8702,12;
15341140000;364249,44904,1,4308,313,214,34532,8430,27,34452,5990,79,132037,0,0,33311,13829,0,33310,9012,5,32408,0,0,32350,5934,89,33290,8400,2,33301,0,0,132105,8702,11;
15440891200;364348,44904,1,4290,295,248,34532,8432,27,34452,5990,77,132037,0,0,33311,13842,0,33310,9021,5,32408,0,0,32350,5935,88,33290,8398,2,33301,0,0,132105,8701,11;
15541171700;364448,44904,1,4283,292,259,34532,8430,27,34452,5990,77,132037,0,0,33311,13837,0,33310,9022,5,32408,0,0,32350,5935,89,33290,8401,2,33301,0,0,132105,8703,12;
15636644700;364544,44904,1,4300,305,229,34532,8431,27,34452,5990,79,132037,0,0,33311,13831,0,33310,9016,5,32408,0,0,32350,5935,92,33290,8400,2,33301,0,0,132105,8701,12;
15739687500;364647,44904,1,4285,294,254,34532,8430,26,34452,5990,78,132037,0,0,33311,13841,0,33310,9021,5,32408,0,0,32350,5935,94,33290,8435,2,33301,0,0,132105,8706,11;
15841115300;364749,44904,1,4298,299,239,34532,8432,27,34452,5988,77,132037,0,0,33311,13828,0,33310,9018,5,32408,0,0,32350,5935,96,33290,8400,2,33301,0,0,132105,8702,12;
15936167700;364844,44904,1,4288,293,253,34532,8432,27,34452,5990,79,132037,0,0,33311,13876,0,33310,9022,5,32408,0,0,32350,5936,96,33290,8399,2,33301,0,0,132105,8700,11;
16040096800;364947,44904,1,4295,299,239,34532,8432,27,34452,5990,79,132037,0,0,33311,13848,0,33310,9019,5,32408,0,0,32350,5934,94,33290,8432,2,33301,0,0,132105,8703,11;
16139339500;365047,44904,1,4290,295,248,34532,8432,27,34452,5990,78,132037,0,0,33311,13872,0,33310,9021,5,32408,0,0,32350,5935,92,33290,8435,2,33301,0,0,132105,8702,11;
16239535700;365148,44904,1,4285,294,253,34532,8431,27,34452,5991,79,132037,0,0,33311,13868,0,33310,9022,5,32408,0,0,32350,5934,92,33290,8399,2,33301,0,0,132105,8699,11;
16341361000;365249,44904,1,4288,295,252,34532,8430,27,34452,5989,79,132037,0,0,33311,13844,0,33310,9020,5,32408,0,0,32350,5936,92,33290,8401,2,33301,0,0,132105,8703,11;
16436363200;365344,44904,1,4300,303,230,34532,8432,27,34452,5990,78,132037,0,0,33311,13859,0,33310,9017,5,32408,0,0,32350,5933,89,33290,8435,2,33301,0,0,132105,8698,11;
16539581100;365447,44904,1,4283,292,259,34532,8430,26,34452,5990,79,132037,0,0,33311,13887,0,33310,9022,5,32408,0,0,32350,5936,91,33290,8401,2,33301,0,0,132105,8702,11;
16640805900;365548,44904,1,4283,289,263,34532,8431,27,34452,5989,80,132037,0,0,33311,13881,0,33310,9023,5,32408,0,0,32350,5935,92,33290,8398,2,33301,0,0,132105,8703,11;
16737226800;365645,44904,1,4350,313,166,34532,8430,27,34452,5990,80,132037,0,0,33311,13858,0,33310,0,0,32408,0,0,32350,5936,94,33290,8400,2,33301,0,0,132105,8702,11;
16838114900;365746,44904,1,4303,302,229,34532,8433,27,34452,5989,78,132037,0,0,33311,13896,0,33310,9017,5,32408,0,0,32350,5934,91,33290,8399,2,33301,0,0,132105,8701,11;
16939425400;365847,44904,1,4301,304,231,34532,8431,27,34452,5989,80,132037,0,0,33311,13874,0,33310,9016,5,32408,0,0,32350,5934,92,33290,8399,2,33301,0,0,132105,8702,11;
17040439900;365948,44904,1,4293,301,241,34532,8430,28,34452,5990,81,132037,0,0,33311,13881,0,33310,9018,5,32408,0,0,32350,5936,94,33290,8399,2,33301,0,0,132105,8701,11;
17135780200;366043,44904,1,4283,293,260,34532,8429,27,34452,5989,80,132037,0,0,33311,13872,0,33310,9021,5,32408,0,0,32350,5936,93,33290,8435,2,33301,0,0,132105,8703,11;
17238359800;366146,44904,1,4290,295,248,34532,8432,27,34452,5990,80,132037,0,0,33311,13876,0,33310,9021,5,32408,0,0,32350,5935,93,33290,8400,2,33301,0,0,132105,8701,11;
17341491100;366250,44904,1,4295,298,241,34532,8432,27,34452,5989,80,132037,0,0,33311,13889,0,33310,9019,5,32408,0,0,32350,5934,93,33290,8400,2,33301,0,0,132105,8702,11;
17442025000;366348,44904,1,4281,289,266,34532,8430,27,34452,5989,79,132037,0,0,33311,13849,0,33310,9023,5,32408,0,0,32350,5936,92,33290,8436,2,33301,0,0,132105,8702,11;
17535557600;366444,44904,1,4286,298,251,34532,8428,27,34452,5990,79,132037,0,0,33311,13894,0,33310,9019,5,32408,0,0,32350,5935,92,33290,8401,2,33301,0,0,132105,8702,11;
17638971500;366547,44904,1,4293,299,243,34532,8430,27,34452,5989,79,132037,0,0,33311,13867,0,33310,9018,5,32408,0,0,32350,5934,93,33290,8401,2,33301,0,0,132105,8701,11;
17739119500;366647,44904,1,4293,299,243,34532,8430,27,34452,5989,79,132037,0,0,33311,13863,0,33310,9018,5,32408,0,0,32350,5935,94,33290,8398,2,33301,0,0,132105,8702,11;
17839833600;366748,44904,1,4295,299,239,34532,8432,27,34452,5990,78,132037,0,0,33311,13894,0,33310,9019,5,32408,0,0,32350,5934,93,33290,8398,2,33301,0,0,132105,8703,11;
17940011100;366848,44904,1,4291,297,248,34532,8430,26,34452,5989,78,132037,0,0,33311,13906,0,33310,9019,5,32408,0,0,32350,5935,96,33290,0,0,33301,0,0,132105,8702,11;
18035788300;366944,44904,1,4296,301,239,34532,8430,27,34452,5989,79,132037,0,0,33311,13865,0,33310,9017,5,32408,0,0,32350,5935,99,33290,8399,2,33301,0,0,132105,8702,11;
18139520500;367047,44904,1,4359,299,193,34532,8431,27,34452,5989,79,132037,0,0,33311,13867,0,33310,0,0,32408,0,0,32350,5934,98,33290,8398,2,33301,0,0,132105,8702,11;
18239140200;367147,44904,1,4370,287,221,34532,8430,27,34452,5989,79,132037,0,0,33311,13875,0,33310,0,0,32408,0,0,32350,5936,96,33290,8436,2,33301,0,0,132105,8704,11;
18340753300;367249,44904,1,4300,302,232,34532,8432,27,34452,5989,81,132037,0,0,33311,13897,0,33310,9017,5,32408,0,0,32350,5934,94,33290,8400,2,33301,0,0,132105,8700,12;
18440978900;367349,44904,1,4295,299,239,34532,8432,26,34452,5990,79,132037,0,0,33311,13909,0,33310,9019,5,32408,0,0,32350,5934,93,33290,8433,2,33301,0,0,132105,8703,11;
18539917000;367448,44904,1,4285,293,256,34532,8431,27,34452,5990,78,132037,0,0,33311,13884,0,33310,9022,5,32408,0,0,32350,5935,95,33290,8402,2,33301,0,0,132105,8702,11;
18635700700;367544,44904,1,4298,302,236,34532,8431,27,34452,5989,78,132037,0,0,33311,13889,0,33310,9017,5,32408,0,0,32350,5936,97,33290,8400,2,33301,0,0,132105,8703,11;
18739063600;367647,44904,1,4300,302,232,34532,8432,27,34452,5989,79,132037,0,0,33311,13874,0,33310,9017,5,32408,0,0,32350,5934,98,33290,8435,2,33301,0,0,132105,8702,12;
18838635900;367747,44904,1,4405,230,347,34532,8431,27,34452,5990,79,132037,0,0,33311,13911,0,33310,0,0,32408,0,0,32350,5936,96,33290,8398,2,33301,0,0,132105,8702,11;
18940133700;367847,44904,1,4296,301,239,34532,8430,27,34452,5989,78,132037,0,0,33311,13841,0,33310,9017,5,32408,0,0,32350,5936,99,33290,8398,2,33301,0,0,132105,8701,11;
19040016000;367948,44904,1,4283,292,259,34532,8430,27,34452,5990,77,132037,0,0,33311,13841,0,33310,9022,5,32408,0,0,32350,5935,94,33290,8401,2,33301,0,0,132105,8700,12;
19135615900;368044,44904,1,4288,298,248,34532,8429,27,34452,5990,79,132037,0,0,33311,13865,0,33310,9019,5,32408,0,0,32350,5934,94,33290,8393,2,33301,0,0,132105,8705,12;
19238734800;368147,44904,1,4293,301,242,34532,8429,26,34452,5989,77,132037,0,0,33311,13867,0,33310,9017,5,32408,0,0,32350,5935,92,33290,8430,2,33301,0,0,132105,8701,11;
19340334900;368248,44904,1,4288,298,248,34532,8429,27,34452,5990,79,132037,0,0,33311,13917,0,33310,9019,5,32408,0,0,32350,5935,91,33290,8400,2,33301,0,0,132105,8705,11;
19435240500;368343,44904,1,4285,294,254,34532,8430,27,34452,5990,79,132037,0,0,33311,13888,0,33310,9021,5,32408,0,0,32350,5936,92,33290,8432,2,33301,0,0,132105,8701,12;
19537527800;368446,44904,1,4295,301,238,34532,8431,27,34452,5990,79,132037,0,0,33311,13882,0,33310,9018,5,32408,0,0,32350,5936,91,33290,8400,2,33301,0,0,132105,8702,12;
19638098600;368546,44904,1,4290,295,248,34532,8432,27,34452,5990,79,132037,0,0,33311,13849,0,33310,9021,5,32408,0,0,32350,5934,89,33290,8401,2,33301,0,0,132105,8702,12;
19739219200;368647,44904,1,4291,300,244,34532,8429,27,34452,5990,78,132037,0,0,33311,13893,0,33310,9018,5,32408,0,0,32350,5936,88,33290,8400,2,33301,0,0,132105,8701,12;
19834529800;368743,44904,1,4308,308,218,34532,8433,27,34452,5990,79,132037,0,0,33311,13850,0,33310,9015,5,32408,0,0,32350,5934,87,33290,8399,2,33301,0,0,132105,8700,12;
19936800000;368845,44904,1,4290,294,250,34532,8432,27,34452,5989,78,132037,0,0,33311,13894,0,33310,9021,5,32408,0,0,32350,5934,88,33290,8435,2,33301,0,0,132105,8703,12;
20039487800;368948,44904,1,4288,293,254,34532,8431,27,34452,5989,79,132037,0,0,33311,13903,0,33310,9021,5,32408,0,0,32350,5936,88,33290,8436,2,33301,0,0,132105,8701,12;
20139764700;369048,44904,1,4293,298,245,34532,8431,27,34452,5989,79,132037,0,0,33311,13887,0,33310,9019,5,32408,0,0,32350,5936,92,33290,8401,2,33301,0,0,132105,8704,12;
20236758200;369145,44904,1,4293,298,245,34532,8431,27,34452,5989,78,132037,0,0,33311,13885,0,33310,9019,5,32408,0,0,32350,5934,92,33290,8399,2,33301,0,0,132105,8701,12;
20338481200;369247,44904,1,4295,301,238,34532,8431,27,34452,5990,79,132037,0,0,33311,13868,0,33310,9018,5,32408,0,0,32350,5935,92,33290,8433,2,33301,0,0,132105,8703,12;
20439253100;369347,44904,1,4293,297,244,34532,8432,27,34452,5990,79,132037,0,0,33311,13879,0,33310,9020,5,32408,0,0,32350,5935,89,33290,8401,2,33301,0,0,132105,8702,12;
20539531400;369448,44904,1,4296,302,240,34532,8429,27,34452,5988,79,132037,0,0,33311,13907,0,33310,9016,5,32408,0,0,32350,5935,88,33290,8432,2,33301,0,0,132105,8701,12;
20639074100;369547,44904,1,4293,303,240,34532,8428,26,34452,5989,76,132037,0,0,33311,13892,0,33310,9016,5,32408,0,0,32350,5935,86,33290,8401,2,33301,0,0,132105,8703,12;
20734765900;369643,44904,1,4291,296,249,34532,8431,27,34452,5989,77,132037,0,0,33311,13911,0,33310,9020,5,32408,0,0,32350,5937,88,33290,8401,2,33301,0,0,132105,8703,12;
20839028000;369747,44904,1,4286,296,253,34532,8429,27,34452,5990,79,132037,0,0,33311,13875,0,33310,9020,5,32408,0,0,32350,5936,92,33290,8399,2,33301,0,0,132105,8697,12;
20937949500;369846,44904,1,4285,293,256,34532,8431,27,34452,5990,78,132037,0,0,33311,13887,0,33310,9022,5,32408,0,0,32350,5936,89,33290,8401,2,33301,0,0,132105,8703,11;
21038340000;369947,44904,1,4295,301,238,34532,8431,26,34452,5990,79,132037,0,0,33311,13893,0,33310,9018,5,32408,0,0,32350,5935,90,33290,8435,2,33301,0,0,132105,8703,12;
21139327500;370048,44904,1,4300,300,234,34532,8433,27,34452,5989,79,132037,0,0,33311,13924,0,33310,9018,5,32408,0,0,32350,5937,91,33290,8435,2,33301,6498,0,132105,8703,12;
21234473000;370143,44904,1,4303,304,227,34532,8433,27,34452,5990,78,132037,0,0,33311,13887,0,33310,9017,5,32408,0,0,32350,5935,89,33290,8402,2,33301,0,0,132105,8703,11;
21337790800;370246,44904,1,4393,248,309,34532,8430,27,34452,5989,79,132037,0,0,33311,13899,0,33310,0,0,32408,0,0,32350,5936,89,33290,8432,2,33301,0,0,132105,8701,12;
21439467200;370348,44904,1,4288,297,251,34532,8429,26,34452,5989,77,132037,0,0,33311,13868,0,33310,9019,5,32408,0,0,32350,5935,88,33290,8401,2,33301,0,0,132105,8701,12;
21539763300;370448,44904,1,4285,294,254,34532,8430,26,34452,5990,79,132037,0,0,33311,13850,0,33310,9021,5,32408,0,0,32350,5934,84,33290,8400,2,33301,0,0,132105,8703,11;
21638397700;370547,44904,1,4285,294,254,34532,8430,26,34452,5990,77,132037,0,0,33311,13895,0,33310,9021,5,32408,0,0,32350,5936,87,33290,8401,2,33301,0,0,132105,8702,11;
21738962500;370647,44904,1,4291,300,244,34532,8429,26,34452,5990,78,132037,0,0,33311,13876,0,33310,9018,5,32408,0,0,32350,5936,85,33290,8401,2,33301,0,0,132105,8702,12;
21838776700;370747,44904,1,4286,293,257,34532,8430,26,34452,5989,80,132037,0,0,33311,13854,0,33310,9021,5,32408,0,0,32350,5936,90,33290,8403,2,33301,0,0,132105,8701,11;
21939089400;370847,44904,1,4296,300,240,34532,8431,26,34452,5989,76,132037,0,0,33311,13845,0,33310,9018,5,32408,0,0,32350,5936,92,33290,8402,2,33301,0,0,132105,8698,11;
22039317000;370948,44904,1,4295,298,241,34532,8432,26,34452,5989,77,132037,0,0,33311,13892,0,33310,9019,5,32408,0,0,32350,5935,94,33290,8400,2,33301,0,0,132105,8700,11;
22137959300;371046,44904,1,4293,301,242,34532,8429,26,34452,5989,79,132037,0,0,33311,13850,0,33310,9017,5,32408,0,0,32350,5936,93,33290,8436,2,33301,0,0,132105,8699,12;
22238190000;371147,44904,1,4293,299,243,34532,8430,26,34452,5989,79,132037,0,0,33311,13858,0,33310,9018,5,32408,0,0,32350,5934,92,33290,8399,2,33301,0,0,132105,8702,11;
22334044500;371243,44904,1,4295,295,245,34532,8433,27,34452,5988,78,132037,0,0,33311,13842,0,33310,9020,5,32408,0,0,32350,5936,98,33290,8400,2,33301,0,0,132105,8700,12;
22439066600;371348,44904,1,4286,292,259,34532,8430,26,34452,5988,78,132037,0,0,33311,13841,0,33310,9021,5,32408,0,0,32350,5934,100,33290,8400,2,33301,0,0,132105,8703,12;
22538674900;371447,44904,1,4288,295,252,34532,8430,26,34452,5989,77,132037,0,0,33311,13843,0,33310,9020,5,32408,0,0,32350,5935,96,33290,8402,2,33301,0,0,132105,8700,11;
22634840000;371543,44904,1,4291,293,253,34532,8432,27,34452,5988,80,132037,0,0,33311,13850,0,33310,9021,5,32408,0,0,32350,5935,91,33290,8402,2,33301,0,0,132105,8703,12;
22737452800;371646,44904,1,4288,297,251,34532,8429,27,34452,5989,80,132037,0,0,33311,13868,0,33310,9019,5,32408,0,0,32350,5936,82,33290,8399,2,33301,0,0,132105,8700,11;
22839172300;371748,44904,1,4296,302,240,34532,8429,27,34452,5988,79,132037,0,0,33311,13846,0,33310,9016,5,32408,0,0,32350,5935,75,33290,8435,2,33301,0,0,132105,8702,12;
22938927900;371847,44904,1,4362,294,209,34532,8429,27,34452,5989,77,132037,0,0,33311,13869,0,33310,0,0,32408,0,0,32350,5937,78,33290,8401,2,33301,0,0,132105,8700,12;
23034515400;371943,44904,1,4324,348,92,34532,8430,27,34452,5989,80,132037,0,0,33311,13834,0,33310,0,0,32408,0,0,32350,5936,78,33290,8401,2,33301,0,0,132105,8700,12;
23137331000;372046,44904,1,4328,344,101,34532,8429,27,34452,5989,80,132037,0,0,33311,13836,0,33310,0,0,32408,0,0,32350,5936,76,33290,8401,2,33301,0,0,132105,8700,12;
23238770700;372147,44904,1,4381,271,256,34532,8430,27,34452,5988,80,132037,0,0,33311,13885,0,33310,0,0,32408,0,0,32350,5936,77,33290,8431,2,33301,0,0,132105,8704,11;
23339883500;372249,44904,1,4358,298,189,34532,8433,27,34452,5989,80,132037,0,0,33311,13868,0,33310,0,0,32408,0,0,32350,5936,79,33290,8433,2,33301,0,0,132105,8703,12;
23434417800;372343,44904,1,4338,330,125,34532,8432,27,34452,5989,78,132037,0,0,33311,13847,0,33310,0,0,32408,0,0,32350,5936,85,33290,8433,2,33301,0,0,132105,8703,11;
23538960400;372446,44904,1,4344,318,150,34532,8432,27,34452,5989,79,132037,0,0,33311,13854,0,33310,0,0,32408,0,0,32350,5936,86,33290,8398,2,33301,0,0,132105,8702,12;
23637769000;372547,44904,1,4374,275,241,34532,8433,27,34452,5989,79,132037,0,0,33311,13883,0,33310,0,0,32408,0,0,32350,5935,86,33290,8433,2,33301,0,0,132105,8703,11;
23741253200;372650,44904,1,4383,266,268,34532,8430,27,34452,5989,79,132037,0,0,33311,13888,0,33310,0,0,32408,0,0,32350,5935,89,33290,8400,2,33301,0,0,132105,8703,11;
23835108800;372744,44904,1,4351,314,160,34532,8431,27,34452,5989,80,132037,0,0,33311,13858,0,33310,0,0,32408,0,0,32350,5936,89,33290,8435,2,33301,0,0,132105,8704,11;
23937792500;372847,44904,1,4389,251,299,34532,8431,27,34452,5989,80,132037,0,0,33311,13897,0,33310,0,0,32408,0,0,32350,5936,87,33290,8400,2,33301,0,0,132105,8701,11;
24038471600;372947,44904,1,4392,251,301,34532,8430,27,34452,5989,79,132037,0,0,33311,13897,0,33310,0,0,32408,0,0,32350,5935,88,33290,8433,2,33301,0,0,132105,8702,11;
24140147200;373049,44904,1,4409,226,358,34532,8430,27,34452,5990,79,132037,0,0,33311,13913,0,33310,0,0,32408,0,0,32350,5936,87,33290,8400,2,33301,0,0,132105,8702,11;
24233754900;373143,44904,1,4396,244,314,34532,8431,27,34452,5989,77,132037,0,0,33311,13902,0,33310,0,0,32408,0,0,32350,5934,88,33290,8432,2,33301,0,0,132105,8703,11;
24336360100;373245,44904,1,4416,215,383,34532,8430,27,34452,5989,78,132037,0,0,33311,13920,0,33310,0,0,32408,0,0,32350,5937,87,33290,8435,2,33301,0,0,132105,8702,11;
24437647700;373346,44904,1,4395,243,316,34532,8431,27,34452,5989,78,132037,0,0,33311,13902,0,33310,0,0,32408,0,0,32350,5935,89,33290,8399,2,33301,0,0,132105,8701,11;
24537022300;373446,44904,1,4397,243,317,34532,8431,27,34452,5989,78,132037,0,0,33311,13903,0,33310,0,0,32408,0,0,32350,5936,87,33290,8399,2,33301,0,0,132105,8703,11;
24638259800;373548,44904,1,4387,258,286,34532,8430,27,34452,5990,78,132037,0,0,33311,13893,0,33310,0,0,32408,0,0,32350,5936,83,33290,8435,2,33301,0,0,132105,8702,11;
24734106300;373643,44904,1,4358,302,190,34532,8430,27,34452,5989,78,132037,0,0,33311,13865,0,33310,0,0,32408,0,0,32350,5936,81,33290,8398,2,33301,0,0,132105,8702,11;
24836505500;373745,44904,1,4376,276,248,34532,8429,27,34452,5989,78,132037,0,0,33311,13881,0,33310,0,0,32408,0,0,32350,5936,81,33290,8435,2,33301,0,0,132105,8702,11;
24937290900;373846,44904,1,4376,275,248,34532,8430,27,34452,5989,77,132037,0,0,33311,13882,0,33310,0,0,32408,0,0,32350,5937,81,33290,8399,2,33301,0,0,132105,8702,11;
25037547300;373947,44904,1,4378,270,255,34532,8431,28,34452,5988,77,132037,0,0,33311,13885,0,33310,0,0,32408,0,0,32350,5937,82,33290,8432,2,33301,0,0,132105,8702,11;
25134592500;374043,44904,1,4396,243,314,34532,8432,28,34452,5990,79,132037,0,0,33311,13903,0,33310,0,0,32408,0,0,32350,5937,83,33290,8398,2,33301,0,0,132105,8703,12;
25235437200;374144,44904,1,4362,297,199,34532,8430,28,34452,5989,78,132037,0,0,33311,13868,0,33310,0,0,32408,0,0,32350,5936,84,33290,8400,2,33301,0,0,132105,8703,11;
25337100400;374246,44904,1,4382,267,263,34532,8431,28,34452,5990,77,132037,0,0,33311,13888,0,33310,0,0,32408,0,0,32350,5936,91,33290,8399,2,33301,0,0,132105,8704,11;
25439281200;374348,44904,1,4392,248,306,34532,8431,27,34452,5989,78,132037,0,0,33311,13899,0,33310,0,0,32408,0,0,32350,5935,94,33290,8400,2,33301,0,0,132105,8701,11;
25534884300;374443,44904,1,4362,297,203,34532,8429,27,34452,5989,77,132037,0,0,33311,13868,0,33310,0,0,32408,0,0,32350,5935,94,33290,8400,2,33301,0,0,132105,8702,11;
25636206500;374545,44904,1,4383,266,268,34532,8430,28,34452,5989,77,132037,0,0,33311,13888,0,33310,0,0,32408,0,0,32350,5935,96,33290,8398,2,33301,0,0,132105,8703,11;
25737019900;374646,44904,1,4383,262,277,34532,8430,27,34452,5989,77,132037,0,0,33311,13890,0,33310,0,0,32408,0,0,32350,5936,94,33290,8435,2,33301,0,0,132105,8701,11;
25838690900;374748,44904,1,4363,289,217,34532,8430,28,34452,5988,79,132037,0,0,33311,13872,0,33310,0,0,32408,0,0,32350,5935,91,33290,8398,2,33301,0,0,132105,8699,11;
25938905700;374848,44904,1,4383,264,272,34532,8430,28,34452,5989,81,132037,0,0,33311,13889,0,33310,0,0,32408,0,0,32350,5936,89,33290,8400,2,33301,0,0,132105,8702,11;
26034662900;374944,44904,1,4392,254,295,34532,8430,28,34452,5989,80,132037,0,0,33311,13896,0,33310,0,0,32408,0,0,32350,5936,85,33290,8399,2,33301,0,0,132105,8704,11;
26136924200;375046,44904,1,4388,260,280,34532,8430,28,34452,5989,80,132037,0,0,33311,13892,0,33310,0,0,32408,0,0,32350,5936,82,33290,8432,2,33301,0,0,132105,8704,11;
26237300100;375147,44904,1,4426,197,421,34532,8432,28,34452,5989,80,132037,0,0,33311,13932,0,33310,0,0,32408,0,0,32350,5937,82,33290,8400,2,33301,0,0,132105,8702,11;
26337129500;375247,44904,1,4396,252,304,34532,8428,28,34452,5988,80,132037,0,0,33311,13897,0,33310,0,0,32408,0,0,32350,5936,82,33290,8435,2,33301,0,0,132105,8704,11;
26433297400;375342,44904,1,4392,251,295,34532,8432,28,34452,5989,79,132037,0,0,33311,13898,0,33310,0,0,32408,0,0,32350,5937,82,33290,8398,2,33301,0,0,132105,8704,11;
26539966900;375449,44904,1,4351,307,175,34532,8431,28,34452,5989,79,132037,0,0,33311,13861,0,33310,0,0,32408,0,0,32350,5935,85,33290,8437,2,33301,0,0,132105,8700,11;
26636950700;375546,44904,1,4376,272,248,34532,8433,27,34452,5990,77,132037,0,0,33311,13885,0,33310,0,0,32408,0,0,32350,5934,86,33290,8435,2,33301,0,0,132105,8703,12;
26738040600;375648,44904,1,4407,228,354,34532,8430,27,34452,5989,77,132037,0,0,33311,13912,0,33310,0,0,32408,0,0,32350,5935,86,33290,8398,2,33301,0,0,132105,8702,12;
26833936900;375744,44904,1,4391,253,296,34532,8430,27,34452,5990,79,132037,0,0,33311,13896,0,33310,0,0,32408,0,0,32350,5936,90,33290,8433,2,33301,0,0,132105,8703,12;
26934201100;375844,44904,1,4423,201,414,34532,8431,27,34452,5990,79,132037,0,0,33311,13929,0,33310,0,0,32408,0,0,32350,5936,91,33290,8401,2,33301,0,0,132105,8701,11;
27036282800;375946,44904,1,4416,203,405,34532,8432,27,34452,5989,80,132037,0,0,33311,13926,0,33310,0,0,32408,0,0,32350,5936,88,33290,8401,2,33301,0,0,132105,8697,12;
27137041200;376047,44904,1,4412,221,369,34532,8430,27,34452,5989,79,132037,0,0,33311,13916,0,33310,0,0,32408,0,0,32350,5935,86,33290,8399,2,33301,0,0,132105,8702,12;
27238082000;376147,44904,1,4291,298,245,34532,8430,27,34452,5990,80,132037,0,0,33311,13947,0,33310,9019,5,32408,0,0,32350,5937,86,33290,8432,2,33301,0,0,132105,8702,12;
27332655700;376242,44904,1,4291,297,248,34532,8430,27,34452,5989,79,132037,0,0,33311,0,0,33310,9019,6,32408,0,0,32350,5937,86,33290,8435,2,33301,0,0,132105,8701,11;
27435320100;376345,44904,1,4301,301,235,34532,8432,27,34452,5988,80,132037,0,0,33311,0,0,33310,9017,6,32408,0,0,32350,5935,93,33290,8435,2,33301,0,0,132105,8702,12;
27537339500;376447,44904,1,4298,304,234,34532,8430,27,34452,5989,80,132037,0,0,33311,0,0,33310,9016,5,32408,0,0,32350,5934,95,33290,8433,2,33301,0,0,132105,8701,12;
27636165600;376546,44904,1,4298,300,237,34532,8432,27,34452,5989,79,132037,0,0,33311,0,0,33310,9018,5,32408,0,0,32350,5936,93,33290,8400,2,33301,0,0,132105,8702,11;
27738754700;376648,44904,1,4301,304,231,34532,8431,27,34452,5989,79,132037,0,0,33311,0,0,33310,9016,5,32408,0,0,32350,5934,90,33290,8399,2,33301,0,0,132105,8701,11;
29133812800;378042,44904,1,4469,131,582,34532,8432,27,34452,5989,80,132037,0,0,33311,13975,0,33310,0,0,32408,0,0,32350,5935,97,33290,8432,2,33301,0,0,132105,8701,12;
29235686500;378145,44904,1,4458,151,533,34532,8431,27,34452,5989,80,132037,0,0,33311,13962,0,33310,0,0,32408,0,0,32350,5935,93,33290,8432,2,33301,0,0,132105,8702,12;
29335871900;378246,44904,1,4430,188,441,34532,8432,27,34452,5989,81,132037,0,0,33311,13937,0,33310,0,0,32408,0,0,32350,5935,91,33290,8398,2,33301,0,0,132105,8701,12;
29836982800;378747,44904,1,4491,104,649,34532,8432,27,34452,5988,79,132037,0,0,33311,13993,0,33310,0,0,32408,0,0,32350,5936,92,33290,8399,2,33301,0,0,132105,8704,11;
29932744100;378842,44904,1,4496,98,669,34532,8431,27,34452,5988,81,132037,0,0,33311,13997,0,33310,0,0,32408,0,0,32350,5935,93,33290,8431,2,33301,0,0,132105,8704,11;
30035209900;378944,44904,1,4447,168,496,34532,8430,27,34452,5989,82,132037,0,0,33311,13950,0,33310,0,0,32408,0,0,32350,5935,91,33290,8399,2,33301,0,0,132105,8701,11;
30137122300;379047,44904,1,4498,88,694,34532,8431,27,34452,5989,80,132037,0,0,33311,14002,0,33310,0,0,32408,0,0,32350,5937,90,33290,8435,2,33301,0,0,132105,8700,11;
30235604600;379146,44904,1,4454,157,518,34532,8431,27,34452,5988,80,132037,0,0,33311,13958,0,33310,0,0,32408,0,0,32350,5936,89,33290,8432,2,33301,0,0,132105,8702,11;
30336633700;379247,44904,1,4429,197,426,34532,8430,27,34452,5989,80,132037,0,0,33311,13932,0,33310,0,0,32408,0,0,32350,5934,89,33290,8398,2,33301,0,0,132105,8703,11;
30433564400;379343,44904,1,4432,187,443,34532,8432,27,34452,5990,81,132037,0,0,33311,13938,0,33310,0,0,32408,0,0,32350,5936,90,33290,8399,2,33301,0,0,132105,8702,11;
30535688300;379446,44904,1,4482,117,618,34532,8431,27,34452,5990,82,132037,0,0,33311,13984,0,33310,0,0,32408,0,0,32350,5936,95,33290,8432,2,33301,0,0,132105,8703,11;
30634940200;379545,44904,1,4388,253,291,34532,8432,27,34452,5989,81,132037,0,0,33311,13896,0,33310,0,0,32408,0,0,32350,5935,92,33290,8433,2,33301,0,0,132105,8702,11;
30735884900;379646,44904,1,4364,287,216,34532,8432,27,34452,5989,83,132037,0,0,33311,13874,0,33310,0,0,32408,0,0,32350,5934,92,33290,8433,2,33301,0,0,132105,8701,11;
30832397000;379742,44904,1,4402,232,341,34532,8431,27,34452,5990,83,132037,0,0,33311,13909,0,33310,0,0,32408,0,0,32350,5934,94,33290,8400,2,33301,0,0,132105,8701,11;
30935084600;379844,44904,1,4434,185,451,34532,8431,27,34452,5989,82,132037,0,0,33311,13939,0,33310,0,0,32408,0,0,32350,5935,89,33290,8399,2,33301,0,0,132105,8701,11;
31035425300;379946,44904,1,4388,255,290,34532,8431,28,34452,5989,82,132037,0,0,33311,13895,0,33310,0,0,32408,0,0,32350,5934,85,33290,8432,2,33301,0,0,132105,8702,11;
31135892500;380046,44904,1,4431,189,445,34532,8430,27,34452,5990,82,132037,0,0,33311,13936,0,33310,0,0,32408,0,0,32350,5936,83,33290,8398,2,33301,0,0,132105,8700,11;
31232154700;380141,44904,1,4393,243,315,34532,8432,27,34452,5990,82,132037,0,0,33311,13902,0,33310,0,0,32408,0,0,32350,5936,82,33290,8400,2,33301,0,0,132105,8700,11;
31335173600;380245,44904,1,4383,266,262,34532,8432,27,34452,5989,82,132037,0,0,33311,13889,0,33310,0,0,32408,0,0,32350,5936,85,33290,8399,2,33301,0,0,132105,8705,11;
31436301100;380346,44904,1,4379,269,259,34532,8431,27,34452,5990,83,132037,0,0,33311,13886,0,33310,0,0,32408,0,0,32350,5936,87,33290,8398,2,33301,0,0,132105,8702,11;
31536748100;380447,44904,1,4328,344,100,34532,8430,27,34452,5989,82,132037,0,0,33311,13837,0,33310,0,0,32408,0,0,32350,5933,90,33290,8400,2,33301,0,0,132105,8701,12;
31637171100;380547,44904,1,4392,244,310,34532,8433,27,34452,5989,82,132037,0,0,33311,13902,0,33310,0,0,32408,0,0,32350,5936,92,33290,8401,2,33301,0,0,132105,8701,12;
31733312500;380643,44904,1,4332,332,124,34532,8430,27,34452,5990,81,132037,0,0,33311,13843,0,33310,0,0,32408,0,0,32350,5936,89,33290,8400,2,33301,0,0,132105,8698,12;
31834352500;380745,44904,1,4370,286,227,34532,8429,27,34452,5989,81,132037,0,0,33311,13875,0,33310,0,0,32408,0,0,32350,5935,84,33290,8401,2,33301,0,0,132105,8702,12;
31935437500;380845,44904,1,4346,319,147,34532,8432,27,34452,5989,83,132037,0,0,33311,13854,0,33310,0,0,32408,0,0,32350,5936,84,33290,8432,2,33301,0,0,132105,8704,12;
32036658700;380947,44904,1,4332,335,114,34532,8432,27,34452,5988,81,132037,0,0,33311,13843,0,33310,0,0,32408,0,0,32350,5935,83,33290,8435,2,33301,0,0,132105,8701,12;
32132317300;381042,44904,1,4325,344,96,34532,8432,27,34452,5989,80,132037,0,0,33311,13837,0,33310,0,0,32408,0,0,32350,5934,84,33290,8400,2,33301,0,0,132105,8700,11;
32234742400;381145,44904,1,4357,300,191,34532,8431,27,34452,5989,78,132037,0,0,33311,13866,0,33310,0,5,32408,0,0,32350,5934,87,33290,8433,2,33301,0,0,132105,8701,11;
32336108200;381246,44904,1,4293,296,246,34532,8432,27,34452,5989,79,132037,0,0,33311,13874,0,33310,9020,5,32408,0,0,32350,5935,86,33290,8400,2,33301,0,0,132105,8700,11;
32436875300;381347,44904,1,4293,296,247,34532,8431,27,34452,5988,80,132037,0,0,33311,13968,0,33310,9019,5,32408,0,0,32350,5935,86,33290,8398,2,33301,0,0,132105,8702,11;
32538325900;381448,44904,1,4293,300,244,34532,8429,26,34452,5988,78,132037,0,0,33311,13935,0,33310,9017,5,32408,0,0,32350,5936,83,33290,8401,2,33301,0,0,132105,8701,11;
32635952000;381546,44904,1,4288,294,255,34532,8430,27,34452,5988,77,132037,0,0,33311,13878,0,33310,9020,5,32408,0,0,32350,5936,84,33290,8432,2,33301,0,0,132105,8702,11;
32732374500;381642,44904,1,4303,304,228,34532,8432,27,34452,5989,79,132037,0,0,33311,13900,0,33310,9016,5,32408,0,0,32350,5934,88,33290,8437,2,33301,0,0,132105,8701,11;
32837087900;381747,44904,1,4296,300,240,34532,8431,27,34452,5989,80,132037,0,0,33311,13872,0,33310,9018,5,32408,0,0,32350,5935,91,33290,8400,2,33301,0,0,132105,8700,11;
32934243700;381845,44904,1,4293,293,250,34532,8433,27,34452,5988,79,132037,0,0,33311,13923,0,33310,9021,6,32408,0,0,32350,5934,91,33290,8436,2,33301,0,0,132105,8704,11;
33036047700;381946,44904,1,4291,296,249,34532,8431,27,34452,5989,81,132037,0,0,33311,0,0,33310,9020,6,32408,0,0,32350,5936,88,33290,8402,2,33301,0,0,132105,8701,12;
33136017400;382046,44904,1,4290,294,250,34532,8432,27,34452,5989,79,132037,0,0,33311,0,0,33310,9021,5,32408,0,0,32350,5934,86,33290,8435,2,33301,0,0,132105,8699,12;
