486253600;1108249,44904,1,942,520,364,34452,8581,20,34532,8943,18,33290,8941,1,33302,4970,183,32408,0,0,32240,0,0,33301,0,0,34534,9072,0,33310,10606,3,132037,0,0;
585606700;1108348,44904,1,924,521,403,34452,8582,20,34532,8933,17,33290,8937,1,33302,4971,183,32408,0,0,32240,0,0,33301,0,0,34534,9077,0,33310,10605,3,132037,0,0;
681626400;1108444,44904,1,942,522,360,34452,8582,20,34532,8943,18,33290,8935,1,33302,4970,184,32408,0,0,32240,0,0,33301,0,0,34534,0,0,33310,10606,3,132037,0,0;
782792100;1108546,44904,1,934,524,370,34452,8585,20,34532,8941,18,33290,8939,1,33302,4971,184,32408,0,0,32240,0,0,33301,0,0,34534,0,0,33310,10607,3,132037,0,0;
886801100;1108650,44904,1,937,523,368,34452,8583,20,34532,8941,17,33290,8938,1,33302,4971,183,32408,0,0,32240,0,0,33301,0,0,34534,0,0,33310,10606,3,132037,0,0;
985806600;1108749,44904,1,955,531,322,34452,8584,20,34532,8946,18,33290,8937,1,33302,4970,184,32408,0,0,32240,0,0,33301,0,0,34534,0,0,33310,10604,3,132037,0,0;
1084420300;1108847,44904,1,942,522,360,34452,8582,20,34532,8943,18,33290,8935,1,33302,4971,183,32408,0,0,32240,0,0,33301,0,0,34534,0,0,33310,10606,3,132037,0,0;
1187254400;1108950,44904,1,940,530,351,34452,8586,20,34532,8941,18,33290,8934,1,33302,4971,183,32408,0,0,32240,0,0,33301,0,0,34534,0,0,33310,10605,3,132037,0,0;
1289935700;1109053,44904,1,942,525,354,34452,8584,21,34532,8943,18,33290,8938,1,33302,4970,184,32408,0,0,32240,0,0,33301,0,0,34534,0,0,33310,10606,3,132037,0,0;
1385551900;1109148,44904,1,932,524,376,34452,8584,21,34532,8939,18,33290,8937,1,33302,4971,183,32408,0,0,32240,0,0,33301,0,0,34534,0,0,33310,10606,3,132037,0,0;
1484402600;1109247,44904,1,943,527,353,34452,8583,21,34532,8941,17,33290,8937,1,33302,4970,183,32408,0,0,32240,0,0,33301,0,0,34534,5076,0,33310,10604,3,132037,0,0;
1585639100;1109348,44904,1,939,522,362,34452,8584,21,34532,8943,18,33290,8937,1,33302,4971,184,32408,0,0,32240,0,0,33301,0,0,34534,0,0,33310,10607,3,132037,0,0;
1687076000;1109450,44904,1,939,522,362,34452,8584,21,34532,8943,18,33290,8939,1,33302,4971,184,32408,0,0,32240,0,0,33301,0,0,34534,0,0,33310,10607,3,132037,0,0;
1781479500;1109544,44904,1,952,532,324,34452,8585,21,34532,8945,18,33290,0,0,33302,4971,186,32408,0,0,32240,0,0,33301,0,0,34534,0,0,33310,10604,3,132037,0,0;
1882165400;1109645,44904,1,945,526,349,34452,8583,21,34532,8943,17,33290,8940,1,33302,4970,185,32408,0,0,32240,0,0,33301,0,0,34534,5029,0,33310,10605,3,132037,0,0;
1988157500;1109751,44904,1,947,526,344,34452,8583,21,34532,8944,18,33290,8935,1,33302,4971,185,32408,0,0,32240,0,0,33301,0,0,34534,5094,0,33310,10605,3,132037,0,0;
2085357900;1109848,44904,1,942,522,360,34452,8582,21,34532,8943,18,33290,8935,1,33302,4971,186,32408,0,0,32240,0,0,33301,0,0,34534,5059,0,33310,10606,3,132037,0,0;
2180128100;1109943,44904,1,945,523,352,34452,8583,21,34532,8944,18,33290,8938,1,33302,4970,184,32408,0,0,32240,0,0,33301,0,0,34534,0,0,33310,10606,3,132037,0,0;
2284743200;1110048,44904,1,941,522,355,34452,8585,20,34532,8945,17,33290,0,0,33302,4971,183,32408,0,0,32240,0,0,33301,0,0,34534,5073,0,33310,10608,3,132037,0,0;
2383525500;1110146,44904,1,944,518,360,34452,8582,21,34532,8946,18,33290,8938,1,33302,4971,183,32408,0,0,32240,0,0,33301,0,0,34534,5080,0,33310,10608,3,132037,0,0;
2484262900;1110247,44904,1,931,516,386,34452,8583,20,34532,8942,18,33290,8937,1,33302,4970,181,32408,0,0,32240,0,0,33301,0,0,34534,5050,0,33310,10609,3,132037,0,0;
2580237200;1110343,44904,1,933,519,374,34452,8585,20,34532,8943,18,33290,8939,1,33302,4971,182,32408,0,0,32240,0,0,33301,0,0,34534,5068,0,33310,10609,3,132037,0,0;
2685796300;1110449,44904,1,932,516,387,34452,8582,21,34532,8941,18,33290,8935,1,33302,4971,185,32408,0,0,32240,0,0,33301,0,0,34534,5100,0,33310,10608,3,132037,0,0;
2783769400;1110547,44904,1,939,521,365,34452,8583,21,34532,8943,18,33290,8937,1,33302,4971,184,32408,0,0,32240,0,0,33301,0,0,34534,5053,0,33310,10607,3,132037,0,0;
2884267900;1110647,44904,1,947,524,346,34452,8583,22,34532,8945,18,33290,8935,1,33302,4971,184,32408,0,0,32240,0,0,33301,0,0,34534,5027,0,33310,10606,3,132037,0,0;
2980262300;1110743,44904,1,936,520,370,34452,8584,22,34532,8943,18,33290,8938,1,33302,4970,183,32408,0,0,32240,0,0,33301,0,0,34534,0,0,33310,10608,3,132037,0,0;
3084197300;1110847,44904,1,940,523,363,34452,8583,22,34532,8942,18,33290,8937,1,33302,4970,184,32408,0,0,32240,0,0,33301,0,0,34534,5036,0,33310,10606,3,132037,0,0;
3188336100;1110951,44904,1,941,517,365,34452,8582,22,34532,8945,18,33290,8937,1,33302,4971,185,32408,0,0,32240,0,0,33301,0,0,34534,5039,0,33310,10608,3,132037,0,0;
3285617100;1111048,44904,1,939,522,362,34452,8584,22,34532,8943,18,33290,8935,1,33302,4972,186,32408,0,0,32240,0,0,33301,0,0,34534,5078,0,33310,10607,3,132037,0,0;
3380265700;1111143,44904,1,937,518,373,34452,8583,22,34532,8943,18,33290,8937,1,33302,4971,185,32408,0,0,32240,0,0,33301,0,0,34534,5052,0,33310,10608,3,132037,0,0;
3485667200;1111249,44904,1,944,526,344,34452,8586,21,34532,8945,18,33290,8937,1,33302,4972,185,32408,0,0,32240,0,0,33301,0,0,34534,5037,0,33310,10607,3,132037,0,0;
3586136800;1111349,44904,1,937,528,359,34452,8585,21,34532,8940,18,33290,8935,1,33302,4971,185,32408,0,0,32240,0,0,33301,0,0,34534,5028,0,33310,10605,3,132037,0,0;
3686257400;1111449,44904,1,934,522,373,34452,8584,22,34532,8941,18,33290,8938,1,33302,4971,185,32408,0,0,32240,0,0,33301,0,0,34534,5041,0,33310,10607,3,132037,0,0;
3782242700;1111545,44904,1,944,521,353,34452,8584,21,34532,8946,18,33290,8937,1,33302,4971,184,32408,0,0,32240,0,0,33301,0,0,34534,5069,0,33310,10608,3,132037,0,0;
3882140300;1111645,44904,1,938,521,372,34452,8582,21,34532,8941,18,33290,8939,1,33302,4971,184,32408,0,0,32240,0,0,33301,0,0,34534,5067,0,33310,10606,3,132037,0,0;
3984569000;1111747,44904,1,936,522,366,34452,8585,22,34532,8943,17,33290,8937,1,33302,4971,184,32408,0,0,32240,0,0,33301,0,0,34534,5074,0,33310,10608,3,132037,0,0;
4085494100;1111848,44904,1,944,521,354,34452,8583,21,34532,8945,17,33290,8939,1,33302,4971,181,32408,0,0,32240,0,0,33301,0,0,34534,5096,0,33310,10607,3,132037,0,0;
4188424700;1111951,44904,1,935,520,376,34452,8583,21,34532,8941,17,33290,8937,1,33302,4970,182,32408,0,0,32240,0,0,33301,0,0,34534,5067,0,33310,10607,3,132037,0,0;
4281381200;1112044,44904,1,940,521,366,34452,8582,21,34532,8942,17,33290,8937,1,33302,4970,182,32408,0,0,32240,0,0,33301,0,0,34534,0,0,33310,10606,3,132037,0,0;
4383102800;1112146,44904,1,935,526,367,34452,8585,20,34532,8940,18,33290,8938,1,33302,4970,182,32408,0,0,32240,0,0,33301,0,0,34534,5272,0,33310,10606,3,132037,0,0;
4482550900;1112245,44904,1,942,522,360,34452,8582,20,34532,8943,17,33290,8937,1,33302,4970,182,32408,0,0,32240,0,0,33301,0,0,34534,0,0,33310,10606,3,132037,0,0;
4585520900;1112348,44904,1,937,519,374,34452,8582,21,34532,8942,17,33290,8935,1,33302,4970,182,32408,0,0,32240,0,0,33301,0,0,34534,5093,0,33310,10607,3,132037,0,0;
4687251000;1112450,44904,1,939,521,365,34452,8583,22,34532,8943,17,33290,8938,1,33302,4971,184,32408,0,0,32240,0,0,33301,0,0,34534,5227,0,33310,10607,3,132037,0,0;
4781543300;1112544,44904,1,932,518,384,34452,8583,21,34532,8941,17,33290,8938,1,33302,4970,180,32408,0,0,32240,0,0,33301,0,0,34534,5089,0,33310,10608,3,132037,0,0;
4883002800;1112646,44904,1,937,522,367,34452,8584,22,34532,8942,18,33290,8938,1,33302,4971,183,32408,0,0,32240,0,0,33301,0,0,34534,0,0,33310,10607,3,132037,0,0;
4984085400;1112747,44904,1,939,522,362,34452,8584,22,34532,8943,17,33290,8935,1,33302,4971,184,32408,0,0,32240,0,0,33301,0,0,34534,5099,0,33310,10607,3,132037,0,0;
5086291100;1112849,44904,1,939,522,362,34452,8584,21,34532,8943,17,33290,8938,1,33302,4971,183,32408,0,0,32240,0,0,33301,0,0,34534,5058,0,33310,10607,3,132037,0,0;
5183039500;1112946,44904,1,937,521,371,34452,8583,22,34532,8942,17,33290,8937,1,33302,4971,182,32408,0,0,32240,0,0,33301,0,0,34534,0,0,33310,10607,3,132037,0,0;
5282110600;1113045,44904,1,944,521,354,34452,8583,22,34532,8945,18,33290,8935,1,33302,4971,184,32408,0,0,32240,0,0,33301,0,0,34534,5050,0,33310,10607,3,132037,0,0;
5383217800;1113146,44904,1,936,520,370,34452,8584,21,34532,8943,18,33290,8939,1,33302,4971,183,32408,0,0,32240,0,0,33301,0,0,34534,5099,0,33310,10608,3,132037,0,0;
5484208500;1113247,44904,1,939,526,356,34452,8585,21,34532,8942,17,33290,8939,1,33302,4970,182,32408,0,0,32240,0,0,33301,0,0,34534,0,0,33310,10606,3,132037,0,0;
5582063400;1113345,44904,1,936,522,366,34452,8585,21,34532,8943,18,33290,8935,1,33302,4971,182,32408,0,0,32240,0,0,33301,0,0,34534,5049,0,33310,10608,3,132037,0,0;
5683905200;1113447,44904,1,936,520,370,34452,8584,21,34532,8943,18,33290,8941,1,33302,4971,182,32408,0,0,32240,0,0,33301,0,0,34534,5080,0,33310,10608,3,132037,0,0;
5786030100;1113549,44904,1,934,518,379,34452,8583,22,34532,8942,18,33290,8938,1,33302,4971,183,32408,0,0,32240,0,0,33301,0,0,34534,0,0,33310,10608,3,132037,0,0;
5883967700;1113647,44904,1,934,514,384,34452,8582,22,34532,8943,18,33290,8938,1,33302,4971,182,32408,0,0,32240,0,0,33301,0,0,34534,5032,0,33310,10609,3,132037,0,0;
5987765400;1113751,44904,1,932,519,381,34452,8584,22,34532,8941,18,33290,8938,1,33302,4971,182,32408,0,0,32240,0,0,33301,0,0,34534,5101,0,33310,10608,3,132037,0,0;
6080599200;1113843,44904,1,941,521,359,34452,8584,22,34532,8945,18,33290,8938,1,33302,4971,182,32408,0,0,32240,0,0,33301,0,0,34534,0,0,33310,10608,3,132037,0,0;
6191039200;1113954,44904,1,939,517,371,34452,8582,22,34532,8944,18,33290,8938,1,33302,4970,181,32408,0,0,32240,0,0,33301,0,0,34534,5110,0,33310,10608,3,132037,0,0;
6285424100;1114048,44904,1,934,520,375,34452,8584,23,34532,8942,18,33290,8938,1,33302,4971,183,32408,0,0,32240,0,0,33301,0,0,34534,0,0,33310,10608,3,132037,0,0;
6383887000;1114147,44904,1,937,519,374,34452,8582,22,34532,8942,18,33290,8939,1,33302,4971,181,32408,0,0,32240,0,0,33301,0,0,34534,0,0,33310,10607,3,132037,0,0;
6480174100;1114243,44904,1,934,524,370,34452,8585,22,34532,8941,18,33290,8938,1,33302,4971,181,32408,0,0,32240,0,0,33301,0,0,34534,5051,0,33310,10607,3,132037,0,0;
6581526800;1114344,44904,1,931,521,378,34452,8585,21,34532,8941,18,33290,8934,1,33302,4971,182,32408,0,0,32240,0,0,33301,0,0,34534,0,0,33310,10608,3,132037,0,0;
6689128700;1114452,44904,1,931,521,378,34452,8585,21,34532,8941,18,33290,8938,1,33302,4971,181,32408,0,0,32240,0,0,33301,0,0,34534,5031,0,33310,10608,3,132037,0,0;
6785668700;1114548,44904,1,937,518,373,34452,8583,21,34532,8943,18,33290,8938,1,33302,4970,181,32408,0,0,32240,0,0,33301,0,0,34534,5008,0,33310,10608,3,132037,0,0;
6879778700;1114643,44904,1,937,524,365,34452,8584,21,34532,8941,18,33290,8939,1,33302,4970,181,32408,0,0,32240,0,0,33301,0,0,34534,5049,0,33310,10606,3,132037,0,0;
6983740100;1114747,44904,1,939,526,356,34452,8585,21,34532,8942,18,33290,8935,1,33302,4971,183,32408,0,0,32240,0,0,33301,0,0,34534,0,0,33310,10606,3,132037,0,0;
7084424100;1114847,44904,1,931,521,378,34452,8585,21,34532,8941,18,33290,8937,1,33302,4971,182,32408,0,0,32240,0,0,33301,0,0,34534,5072,0,33310,10608,3,132037,0,0;
7187280700;1114950,44904,1,934,521,372,34452,8585,21,34532,8942,18,33290,8934,1,33302,4970,180,32408,0,0,32240,0,0,33301,0,0,34534,5046,0,33310,10608,3,132037,0,0;
7284151000;1115047,44904,1,934,518,379,34452,8583,21,34532,8942,18,33290,8937,1,33302,4971,181,32408,0,0,32240,0,0,33301,0,0,34534,5069,0,33310,10608,3,132037,0,0;
7385230600;1115148,44904,1,932,514,390,34452,8582,21,34532,8942,18,33290,8937,1,33302,4971,181,32408,0,0,32240,0,0,33301,0,0,34534,5072,0,33310,10609,3,132037,0,0;
7481726200;1115245,44904,1,939,517,371,34452,8582,21,34532,8944,18,33290,8935,1,33302,4971,181,32408,0,0,32240,0,0,33301,0,0,34534,5091,0,33310,10608,3,132037,0,0;
7582631300;1115346,44904,1,935,526,367,34452,8585,22,34532,8940,18,33290,8937,1,33302,4972,181,32408,0,0,32240,0,0,33301,0,0,34534,0,0,33310,10606,3,132037,0,0;
7685482000;1115448,44904,1,926,517,394,34452,8584,22,34532,8940,18,33290,8935,1,33302,4971,179,32408,0,0,32240,0,0,33301,0,0,34534,5021,0,33310,10609,3,132037,0,0;
7779922800;1115543,44904,1,935,520,376,34452,8583,22,34532,8941,18,33290,8935,1,33302,4971,180,32408,0,0,32240,0,0,33301,0,0,34534,5060,0,33310,10607,3,132037,0,0;
7881291200;1115644,44904,1,934,524,370,34452,8585,22,34532,8941,18,33290,8939,1,33302,4970,179,32408,0,0,32240,0,0,33301,0,0,34534,0,0,33310,10607,3,132037,0,0;
7983360800;1115746,44904,1,948,526,345,34452,8582,22,34532,8943,18,33290,8938,1,33302,4971,180,32408,0,0,32240,0,0,33301,0,0,34534,0,0,33310,10604,3,132037,0,0;
8085579800;1115848,44904,1,937,519,374,34452,8582,21,34532,8942,18,33290,8938,1,33302,4971,180,32408,0,0,32240,0,0,33301,0,0,34534,0,0,33310,10607,3,132037,0,0;
8179312300;1115942,44904,1,940,519,368,34452,8582,22,34532,8943,18,33290,8938,1,33302,4971,179,32408,0,0,32240,0,0,33301,0,0,34534,0,0,33310,10607,3,132037,0,0;
8288267400;1116051,44904,1,939,526,356,34452,8585,22,34532,8942,18,33290,8934,1,33302,4971,178,32408,0,0,32240,0,0,33301,0,0,34534,0,0,33310,10606,3,132037,0,0;
8383354200;1116146,44904,1,940,525,359,34452,8584,21,34532,8942,18,33290,8938,1,33302,4971,180,32408,0,0,32240,0,0,33301,0,0,34534,0,0,33310,10606,3,132037,0,0;
8485432700;1116248,44904,1,937,524,365,34452,8584,21,34532,8941,18,33290,8932,1,33302,4971,179,32408,0,0,32240,0,0,33301,0,0,34534,0,0,33310,10606,3,132037,0,0;
8580695000;1116344,44904,1,937,522,367,34452,8584,21,34532,8942,18,33290,8934,1,33302,4971,180,32408,0,0,32240,0,0,33301,0,0,34534,5174,0,33310,10607,3,132037,0,0;
8681484300;1116444,44904,1,934,522,373,34452,8584,21,34532,8941,18,33290,8938,1,33302,4971,179,32408,0,0,32240,0,0,33301,0,0,34534,0,0,33310,10607,3,132037,0,0;
8783498700;1116546,44904,1,937,524,365,34452,8584,21,34532,8941,18,33290,8938,1,33302,4971,179,32408,0,0,32240,0,0,33301,0,0,34534,5081,0,33310,10606,3,132037,0,0;
8884775000;1116647,44904,1,942,527,352,34452,8584,21,34532,8942,18,33290,8938,1,33302,4970,177,32408,0,0,32240,0,0,33301,0,0,34534,5088,0,33310,10605,3,132037,0,0;
8979731000;1116742,44904,1,937,524,365,34452,8584,21,34532,8941,18,33290,8937,1,33302,4971,179,32408,0,0,32240,0,0,33301,0,0,34534,5084,0,33310,10606,3,132037,0,0;
9086260900;1116849,44904,1,934,518,379,34452,8583,21,34532,8942,18,33290,8938,1,33302,4971,180,32408,0,0,32240,0,0,33301,0,0,34534,5117,0,33310,10608,3,132037,0,0;
9183291200;1116946,44904,1,940,525,360,34452,8583,21,34532,8941,18,33290,8937,1,33302,4971,180,32408,0,0,32240,0,0,33301,0,0,34534,0,0,33310,10605,3,132037,0,0;
9284815300;1117048,44904,1,939,522,361,34452,8585,21,34532,8944,17,33290,8938,1,33302,4971,177,32408,0,0,32240,0,0,33301,0,0,34534,5083,0,33310,10608,3,132037,0,0;
9381501100;1117144,44904,1,937,524,364,34452,8585,21,34532,8942,18,33290,8939,1,33302,4971,179,32408,0,0,32240,0,0,33301,0,0,34534,0,0,33310,10607,3,132037,0,0;
9485169500;1117248,44904,1,937,524,365,34452,8584,21,34532,8941,18,33290,8935,1,33302,4971,179,32408,0,0,32240,0,0,33301,0,0,34534,0,0,33310,10606,3,132037,0,0;
9583725700;1117347,44904,1,937,519,374,34452,8582,21,34532,8942,18,33290,8938,1,33302,4971,179,32408,0,0,32240,0,0,33301,0,0,34534,0,0,33310,10607,3,132037,0,0;
9684702000;1117448,44904,1,945,524,353,34452,8582,22,34532,8943,18,33290,8938,1,33302,4970,179,32408,0,0,32240,0,0,33301,0,0,34534,0,0,33310,10605,3,132037,0,0;
9784082700;1117547,44904,1,934,518,379,34452,8583,21,34532,8942,17,33290,8940,1,33302,4971,178,32408,0,0,32240,0,0,33301,0,0,34534,0,0,33310,10608,3,132037,0,0;
9879687800;1117643,44904,1,929,521,383,34452,8585,21,34532,8940,17,33290,8938,1,33302,4971,178,32408,0,0,32240,0,0,33301,0,0,34534,0,0,33310,10608,3,132037,0,0;
9984693300;1117748,44904,1,929,510,401,34452,8581,21,34532,8942,17,33290,8939,1,33302,4971,178,32408,0,0,32240,0,0,33301,0,0,34534,0,0,33310,10610,3,132037,0,0;
10085168200;1117848,44904,1,932,523,375,34452,8585,21,34532,8940,18,33290,8935,1,33302,4971,179,32408,0,0,32240,0,0,33301,0,0,34534,0,0,33310,10607,3,132037,0,0;
10184554300;1117947,44904,1,937,522,367,34452,8584,20,34532,8942,17,33290,8935,1,33302,4971,178,32408,0,0,32240,0,0,33301,0,0,34534,0,0,33310,10607,3,132037,0,0;
10279152600;1118042,44904,1,932,514,391,34452,8581,20,34532,8941,17,33290,8938,1,33302,4970,179,32408,0,0,32240,0,0,33301,0,0,34534,0,0,33310,10608,3,132037,0,0;
10382400200;1118145,44904,1,930,516,393,34452,8582,21,34532,8940,17,33290,8935,1,33302,4971,180,32408,0,0,32240,0,0,33301,0,0,34534,0,0,33310,10608,3,132037,0,0;
10487082900;1118250,44904,1,927,517,395,34452,8583,20,34532,8939,17,33290,8939,1,33302,4971,180,32408,0,0,32240,0,0,33301,0,0,34534,0,0,33310,10608,3,132037,0,0;
10586337000;1118349,44904,1,942,523,356,34452,8584,21,34532,8944,18,33290,8938,1,33302,4971,180,32408,0,0,32240,0,0,33301,0,0,34534,0,0,33310,10607,3,132037,0,0;
10678887900;1118442,44904,1,929,517,389,34452,8584,21,34532,8941,18,33290,8938,1,33302,4971,179,32408,0,0,32240,0,0,33301,0,0,34534,0,0,33310,10609,3,132037,0,0;
10784690400;1118548,44904,1,940,521,366,34452,8582,21,34532,8942,17,33290,8934,1,33302,4971,179,32408,0,0,32240,0,0,33301,0,0,34534,0,0,33310,10606,3,132037,0,0;
10881534200;1118644,44904,1,939,520,364,34452,8584,21,34532,8944,17,33290,8935,1,33302,4971,181,32408,0,0,32240,0,0,33301,0,0,34534,5265,0,33310,10608,3,132037,0,0;
10983488000;1118746,44904,1,927,521,389,34452,8585,21,34532,8939,17,33290,8937,1,33302,4971,181,32408,0,0,32240,0,0,33301,0,0,34534,0,0,33310,10608,3,132037,0,0;
11079976700;1118843,44904,1,934,524,370,34452,8585,21,34532,8941,17,33290,8935,1,33302,4971,181,32408,0,0,32240,0,0,33301,0,0,34534,5180,0,33310,10607,3,132037,0,0;
11187338000;1118950,44904,1,934,520,375,34452,8584,21,34532,8942,17,33290,8938,1,33302,4971,182,32408,0,0,32240,0,0,33301,0,0,34534,5251,0,33310,10608,3,132037,0,0;
11287032200;1119050,44904,1,924,513,407,34452,8582,21,34532,8939,17,33290,8935,1,33302,4971,182,32408,0,0,32240,0,0,33301,0,0,34534,5065,0,33310,10609,3,132037,0,0;
11383141700;1119146,44904,1,936,526,361,34452,8586,21,34532,8942,17,33290,8938,1,33302,4970,181,32408,0,0,32240,0,0,33301,0,0,34534,5131,0,33310,10607,3,132037,0,0;
11484392800;1119247,44904,1,934,523,369,34452,8586,21,34532,8942,17,33290,8939,1,33302,4971,182,32408,0,0,32240,0,0,33301,0,0,34534,5049,0,33310,10608,3,132037,0,0;
11581146500;1119344,44904,1,927,516,399,34452,8582,21,34532,8939,17,33290,8937,1,33302,4971,182,32408,0,0,32240,0,0,33301,0,0,34534,5092,0,33310,10608,3,132037,0,0;
11684425500;1119447,44904,1,937,524,365,34452,8584,21,34532,8941,17,33290,8937,1,33302,4971,184,32408,0,0,32240,0,0,33301,0,0,34534,5307,0,33310,10606,3,132037,0,0;
11783971200;1119547,44904,1,932,518,384,34452,8583,21,34532,8941,17,33290,8937,1,33302,4971,183,32408,0,0,32240,0,0,33301,0,0,34534,5238,0,33310,10608,3,132037,0,0;
11882429200;1119645,44904,1,932,519,381,34452,8584,21,34532,8941,17,33290,8938,1,33302,4971,183,32408,0,0,32240,0,0,33301,0,0,34534,5161,0,33310,10608,3,132037,0,0;
11986858600;1119750,44904,1,942,525,354,34452,8584,21,34532,8943,17,33290,8938,1,33302,4971,183,32408,0,0,32240,0,0,33301,0,0,34534,0,0,33310,10606,3,132037,0,0;
12082633000;1119846,44904,1,940,528,354,34452,8585,21,34532,8941,17,33290,8935,1,33302,4971,184,32408,0,0,32240,0,0,33301,0,0,34534,0,0,33310,10605,3,132037,0,0;
12179746000;1119943,44904,1,931,524,371,34452,8587,21,34532,8941,17,33290,8937,1,33302,4971,183,32408,0,0,32240,0,0,33301,0,0,34534,0,0,33310,10608,3,132037,0,0;
12284124100;1120047,44904,1,937,515,380,34452,8581,21,34532,8943,17,33290,8938,1,33302,4971,184,32408,0,0,32240,0,0,33301,0,0,34534,0,0,33310,10608,3,132037,0,0;
12382182200;1120145,44904,1,942,519,363,34452,8582,21,34532,8944,17,33290,8937,1,33302,4971,185,32408,0,0,32240,0,0,33301,0,0,34534,0,0,33310,10607,3,132037,0,0;
12486893900;1120250,44904,1,940,525,360,34452,8583,21,34532,8941,17,33290,8935,1,33302,4971,184,32408,0,0,32240,0,0,33301,0,0,34534,0,0,33310,10605,3,132037,0,0;
12586344400;1120349,44904,1,942,527,351,34452,8585,21,34532,8943,17,33290,8939,1,33302,4971,183,32408,0,0,32240,0,0,33301,0,0,34534,0,0,33310,10606,3,132037,0,0;
12682517600;1120445,44904,1,940,521,366,34452,8582,21,34532,8942,17,33290,8937,1,33302,4972,185,32408,0,0,32240,0,0,33301,0,0,34534,0,0,33310,10606,3,132037,0,0;
12781083600;1120544,44904,1,931,524,371,34452,8587,22,34532,8941,17,33290,8937,1,33302,4971,184,32408,0,0,32240,0,0,33301,0,0,34534,0,0,33310,10608,3,132037,0,0;
12883475300;1120646,44904,1,937,526,362,34452,8585,22,34532,8941,17,33290,8939,1,33302,4971,184,32408,0,0,32240,0,0,33301,0,0,34534,0,0,33310,10606,3,132037,0,0;
12984893900;1120748,44904,1,931,521,378,34452,8585,22,34532,8941,17,33290,8939,1,33302,4971,184,32408,0,0,32240,0,0,33301,0,0,34534,0,0,33310,10608,3,132037,0,0;
13085649500;1120849,44904,1,943,524,358,34452,8582,22,34532,8942,17,33290,8935,1,33302,4971,185,32408,0,0,32240,0,0,33301,0,0,34534,0,0,33310,10605,3,132037,0,0;
13179518400;1120942,44904,1,932,516,387,34452,8582,21,34532,8941,17,33290,8938,1,33302,4972,185,32408,0,0,32240,0,0,33301,0,0,34534,0,0,33310,10608,3,132037,0,0;
13280329100;1121043,44904,1,932,518,384,34452,8583,21,34532,8941,17,33290,8938,1,33302,4971,184,32408,0,0,32240,0,0,33301,0,0,34534,0,0,33310,10608,3,132037,0,0;
13385494000;1121148,44904,1,930,523,382,34452,8584,21,34532,8938,17,33290,8938,1,33302,4971,183,32408,0,0,32240,0,0,33301,0,0,34534,0,0,33310,10606,3,132037,0,0;
13484639100;1121248,44904,1,931,521,378,34452,8585,21,34532,8941,17,33290,8935,1,33302,4971,183,32408,0,0,32240,0,0,33301,0,0,34534,0,0,33310,10608,3,132037,0,0;
13583756900;1121347,44904,1,947,524,347,34452,8582,20,34532,8944,17,33290,8939,1,33302,4971,182,32408,0,0,32240,0,0,33301,0,0,34534,0,0,33310,10605,3,132037,0,0;
13680814900;1121444,44904,1,945,529,344,34452,8584,21,34532,8942,17,33290,8938,1,33302,4972,183,32408,0,0,32240,0,0,33301,0,0,34534,0,0,33310,10604,3,132037,0,0;
13782481300;1121545,44904,1,946,524,354,34452,8581,20,34532,8942,17,33290,8935,1,33302,4971,183,32408,0,0,32240,0,0,33301,0,0,34534,0,0,33310,10604,3,132037,0,0;
13882447400;1121645,44904,1,943,525,355,34452,8583,20,34532,8942,17,33290,8938,1,33302,4971,182,32408,0,0,32240,0,0,33301,0,0,34534,0,0,33310,10605,3,132037,0,0;
13982765900;1121746,44904,1,937,524,365,34452,8584,20,34532,8941,17,33290,8938,1,33302,4972,183,32408,0,0,32240,0,0,33301,0,0,34534,0,0,33310,10606,3,132037,0,0;
14079465700;1121842,44904,1,942,523,357,34452,8583,20,34532,8943,17,33290,8938,1,33302,4971,182,32408,0,0,32240,0,0,33301,0,0,34534,0,0,33310,10606,3,132037,0,0;
14181710100;1121945,44904,1,943,525,355,34452,8583,21,34532,8942,17,33290,8938,1,33302,4971,183,32408,0,0,32240,0,0,33301,0,0,34534,0,0,33310,10605,3,132037,0,0;
14285394000;1122048,44904,1,940,528,354,34452,8585,20,34532,8941,17,33290,8938,1,33302,4971,182,32408,0,0,32240,0,0,33301,0,0,34534,0,0,33310,10605,3,132037,0,0;
14384561600;1122147,44904,1,939,526,356,34452,8585,20,34532,8942,17,33290,8938,1,33302,4971,181,32408,0,0,32240,0,0,33301,0,0,34534,0,0,33310,10606,3,132037,0,0;
14479078000;1122242,44904,1,932,518,385,34452,8582,20,34532,8940,17,33290,8939,1,33302,4971,183,32408,0,0,32240,0,0,33301,0,0,34534,0,0,33310,10607,3,132037,0,0;
14582248500;1122345,44904,1,940,523,363,34452,8583,20,34532,8942,17,33290,8938,1,33302,4971,182,32408,0,0,32240,0,0,33301,0,0,34534,0,0,33310,10606,3,132037,0,0;
14683752800;1122447,44904,1,947,529,337,34452,8585,20,34532,8944,17,33290,8938,1,33302,4971,182,32408,0,0,32240,0,0,33301,0,0,34534,0,0,33310,10605,3,132037,0,0;
14786708200;1122550,44904,1,942,521,359,34452,8583,20,34532,8944,17,33290,8937,1,33302,4971,183,32408,0,0,32240,0,0,33301,0,0,34534,0,0,33310,10607,3,132037,0,0;
14880909400;1122644,44904,1,940,527,357,34452,8584,21,34532,8941,17,33290,8939,1,33302,4971,182,32408,0,0,32240,0,0,33301,0,0,34534,0,0,33310,10605,3,132037,0,0;
14981960700;1122745,44904,1,932,523,375,34452,8585,21,34532,8940,17,33290,8937,1,33302,4971,182,32408,0,0,32240,0,0,33301,0,0,34534,0,0,33310,10607,3,132037,0,0;
15082883400;1122846,44904,1,942,527,352,34452,8584,21,34532,8942,17,33290,8937,1,33302,4971,183,32408,0,0,32240,0,0,33301,0,0,34534,0,0,33310,10605,3,132037,0,0;
15184766100;1122948,44904,1,942,522,360,34452,8582,21,34532,8943,17,33290,8937,1,33302,4971,182,32408,0,0,32240,0,0,33301,0,0,34534,0,0,33310,10606,3,132037,0,0;
15281501900;1123044,44904,1,940,527,357,34452,8584,22,34532,8941,17,33290,8934,1,33302,4971,184,32408,0,0,32240,0,0,33301,0,0,34534,0,0,33310,10605,3,132037,0,0;
15380902700;1123144,44904,1,937,521,371,34452,8583,22,34532,8942,17,33290,8937,1,33302,4971,184,32408,0,0,32240,0,0,33301,0,0,34534,0,0,33310,10607,3,132037,0,0;
15481911900;1123245,44904,1,934,518,379,34452,8583,22,34532,8942,17,33290,8935,1,33302,4971,183,32408,0,0,32240,0,0,33301,0,0,34534,0,0,33310,10608,3,132037,0,0;
15584210900;1123347,44904,1,940,521,366,34452,8582,22,34532,8942,17,33290,8938,1,33302,4971,184,32408,0,0,32240,0,0,33301,0,0,34534,0,0,33310,10606,3,132037,0,0;
15685679300;1123449,44904,1,932,519,381,34452,8584,22,34532,8941,17,33290,8937,1,33302,4971,181,32408,0,0,32240,0,0,33301,0,0,34534,0,0,33310,10608,3,132037,0,0;
15781630500;1123544,44904,1,934,516,381,34452,8583,22,34532,8943,17,33290,8939,1,33302,4971,184,32408,0,0,32240,0,0,33301,0,0,34534,0,0,33310,10609,3,132037,0,0;
15880773300;1123644,44904,1,937,518,373,34452,8583,22,34532,8943,17,33290,8935,1,33302,4971,184,32408,0,0,32240,0,0,33301,0,0,34534,0,0,33310,10608,3,132037,0,0;
15981753900;1123745,44904,1,939,519,367,34452,8583,22,34532,8944,17,33290,8935,1,33302,4971,184,32408,0,0,32240,0,0,33301,0,0,34534,0,0,33310,10608,3,132037,0,0;
16082911900;1123846,44904,1,939,519,367,34452,8583,22,34532,8944,17,33290,8938,1,33302,4971,184,32408,0,0,32240,0,0,33301,0,0,34534,0,0,33310,10608,3,132037,0,0;
16183111700;1123946,44904,1,934,522,373,34452,8584,22,34532,8941,17,33290,8935,1,33302,4971,184,32408,0,0,32240,0,0,33301,0,0,34534,5165,0,33310,10607,3,132037,0,0;
16284813400;1124048,44904,1,939,522,362,34452,8584,21,34532,8943,17,33290,8939,1,33302,4971,184,32408,0,0,32240,0,0,33301,0,0,34534,5101,0,33310,10607,3,132037,0,0;
16380277800;1124143,44904,1,934,518,378,34452,8584,21,34532,8943,17,33290,8938,1,33302,4971,184,32408,0,0,32240,0,0,33301,0,0,34534,5153,0,33310,10609,3,132037,0,0;
16482214100;1124245,44904,1,939,526,356,34452,8585,21,34532,8942,17,33290,8939,1,33302,4971,183,32408,0,0,32240,0,0,33301,0,0,34534,5064,0,33310,10606,3,132037,0,0;
16585414100;1124348,44904,1,939,517,371,34452,8582,21,34532,8944,17,33290,8938,1,33302,4971,182,32408,0,0,32240,0,0,33301,0,0,34534,5062,0,33310,10608,3,132037,0,0;
16678396000;1124441,44904,1,936,522,366,34452,8585,21,34532,8943,17,33290,8937,1,33302,4971,183,32408,0,0,32240,0,0,33301,0,0,34534,5034,0,33310,10608,3,132037,0,0;
16785560100;1124548,44904,1,939,522,361,34452,8585,21,34532,8944,17,33290,8938,1,33302,4971,184,32408,0,0,32240,0,0,33301,0,0,34534,5063,0,33310,10608,3,132037,0,0;
16883983600;1124647,44904,1,937,522,367,34452,8584,21,34532,8942,17,33290,8939,1,33302,4972,182,32408,0,0,32240,0,0,33301,0,0,34534,5086,0,33310,10607,3,132037,0,0;
16984968700;1124748,44904,1,932,518,384,34452,8583,20,34532,8941,17,33290,8938,1,33302,4972,183,32408,0,0,32240,0,0,33301,0,0,34534,5113,0,33310,10608,3,132037,0,0;
17079803600;1124843,44904,1,931,517,383,34452,8584,21,34532,8942,17,33290,8935,1,33302,4971,182,32408,0,0,32240,0,0,33301,0,0,34534,5175,0,33310,10609,3,132037,0,0;
17184068800;1124947,44904,1,940,525,359,34452,8584,20,34532,8942,17,33290,8937,1,33302,4971,181,32408,0,0,32240,0,0,33301,0,0,34534,5098,0,33310,10606,3,132037,0,0;
17283687500;1125046,44904,1,944,525,347,34452,8585,20,34532,8945,17,33290,8935,1,33302,4971,181,32408,0,0,32240,0,0,33301,0,0,34534,5091,0,33310,10607,3,132037,0,0;
17382365300;1125145,44904,1,935,519,380,34452,8582,20,34532,8941,17,33290,8938,1,33302,4971,180,32408,0,0,32240,0,0,33301,0,0,34534,5067,0,33310,10607,3,132037,0,0;
17479198500;1125242,44904,1,942,527,351,34452,8585,21,34532,8943,17,33290,8939,1,33302,4972,181,32408,0,0,32240,0,0,33301,0,0,34534,5049,0,33310,10606,3,132037,0,0;
17581954700;1125345,44904,1,939,526,355,34452,8586,20,34532,8943,17,33290,8938,1,33302,4972,181,32408,0,0,32240,0,0,33301,0,0,34534,5060,0,33310,10607,3,132037,0,0;
17683096200;1125446,44904,1,944,520,357,34452,8582,21,34532,8945,17,33290,8933,1,33302,4971,180,32408,0,0,32240,0,0,33301,0,0,34534,5053,0,33310,10607,3,132037,0,0;
17784464300;1125547,44904,1,938,521,372,34452,8582,21,34532,8941,18,33290,8938,1,33302,4971,180,32408,0,0,32240,0,0,33301,0,0,34534,5051,0,33310,10606,3,132037,0,0;
17879401800;1125642,44904,1,932,518,384,34452,8583,21,34532,8941,17,33290,8937,1,33302,4971,180,32408,0,0,32240,0,0,33301,0,0,34534,5063,0,33310,10608,3,132037,0,0;
17985007600;1125748,44904,1,934,518,379,34452,8583,21,34532,8942,17,33290,8938,1,33302,4971,179,32408,0,0,32240,0,0,33301,0,0,34534,5061,0,33310,10608,3,132037,0,0;
18082522800;1125845,44904,1,937,526,362,34452,8585,20,34532,8941,17,33290,8938,1,33302,4971,177,32408,0,0,32240,0,0,33301,0,0,34534,5039,0,33310,10606,3,132037,0,0;
18185593000;1125946,44904,1,937,519,374,34452,8582,21,34532,8942,18,33290,8937,1,33302,4971,180,32408,0,0,32240,0,0,33301,0,0,34534,5047,0,33310,10607,3,132037,0,0;
18280262500;1126043,44904,1,945,524,353,34452,8582,21,34532,8943,17,33290,8938,1,33302,4972,180,32408,0,0,32240,0,0,33301,0,0,34534,5067,0,33310,10605,3,132037,0,0;
18383964300;1126147,44904,1,929,523,381,34452,8585,21,34532,8939,17,33290,8935,1,33302,4971,179,32408,0,0,32240,0,0,33301,0,0,34534,5062,0,33310,10607,3,132037,0,0;
18481628200;1126245,44904,1,932,519,381,34452,8584,21,34532,8941,18,33290,8938,1,33302,4970,179,32408,0,0,32240,0,0,33301,0,0,34534,5136,0,33310,10608,3,132037,0,0;
18582737700;1126346,44904,1,939,524,358,34452,8585,20,34532,8943,17,33290,8940,1,33302,4971,179,32408,0,0,32240,0,0,33301,0,0,34534,5058,0,33310,10607,3,132037,0,0;
18683986900;1126447,44904,1,936,522,366,34452,8585,21,34532,8943,17,33290,8939,1,33302,4971,179,32408,0,0,32240,0,0,33301,0,0,34534,0,0,33310,10608,3,132037,0,0;
18780949400;1126544,44904,1,936,516,375,34452,8583,20,34532,8944,17,33290,8937,1,33302,4971,180,32408,0,0,32240,0,0,33301,0,0,34534,5071,0,33310,10609,3,132037,0,0;
18881258400;1126644,44904,1,934,518,379,34452,8583,20,34532,8942,17,33290,8935,1,33302,4971,178,32408,0,0,32240,0,0,33301,0,0,34534,5113,0,33310,10608,3,132037,0,0;
18981785400;1126744,44904,1,926,518,390,34452,8586,21,34532,8941,17,33290,8938,1,33302,4970,180,32408,0,0,32240,0,0,33301,0,0,34534,5227,0,33310,10610,3,132037,0,0;
19084589500;1126847,44904,1,936,523,363,34452,8586,21,34532,8943,18,33290,8939,1,33302,4970,180,32408,0,0,32240,0,0,33301,0,0,34534,0,0,33310,10608,3,132037,0,0;
19182834600;1126946,44904,1,932,522,379,34452,8584,21,34532,8940,17,33290,8938,1,33302,4971,179,32408,0,0,32240,0,0,33301,0,0,34534,0,0,33310,10607,3,132037,0,0;
19280733500;1127043,44904,1,929,513,394,34452,8583,21,34532,8942,18,33290,8939,1,33302,4971,179,32408,0,0,32240,0,0,33301,0,0,34534,0,0,33310,10610,3,132037,0,0;
19383592200;1127146,44904,1,931,517,382,34452,8585,21,34532,8943,18,33290,8938,1,33302,4971,178,32408,0,0,32240,0,0,33301,0,0,34534,5101,0,33310,10610,3,132037,0,0;
19481828100;1127245,44904,1,928,520,382,34452,8586,21,34532,8941,17,33290,8937,1,33302,4971,179,32408,0,0,32240,0,0,33301,0,0,34534,5024,0,33310,10609,3,132037,0,0;
19583527100;1127346,44904,1,932,518,384,34452,8583,21,34532,8941,18,33290,8937,1,33302,4970,179,32408,0,0,32240,0,0,33301,0,0,34534,5067,0,33310,10608,3,132037,0,0;
19678322100;1127441,44904,1,932,518,384,34452,8583,21,34532,8941,18,33290,8934,1,33302,4971,180,32408,0,0,32240,0,0,33301,0,0,34534,5039,0,33310,10608,3,132037,0,0;
19787008400;1127550,44904,1,927,519,393,34452,8583,21,34532,8938,17,33290,8938,1,33302,4971,178,32408,0,0,32240,0,0,33301,0,0,34534,5113,0,33310,10607,3,132037,0,0;
19883269000;1127646,44904,1,931,523,374,34452,8586,21,34532,8941,18,33290,8935,1,33302,4971,179,32408,0,0,32240,0,0,33301,0,0,34534,5084,0,33310,10608,3,132037,0,0;
19982454600;1127745,44904,1,929,515,392,34452,8583,21,34532,8941,17,33290,8937,1,33302,4971,180,32408,0,0,32240,0,0,33301,0,0,34534,5079,0,33310,10609,3,132037,0,0;
20083748900;1127847,44904,1,925,514,408,34452,8581,21,34532,8938,17,33290,8937,1,33302,4970,178,32408,0,0,32240,0,0,33301,0,0,34534,5099,0,33310,10608,3,132037,0,0;
20179659400;1127942,44904,1,929,510,401,34452,8581,21,34532,8942,17,33290,8937,1,33302,4971,179,32408,0,0,32240,0,0,33301,0,0,34534,0,0,33310,10610,3,132037,0,0;
20280902300;1128044,44904,1,936,520,370,34452,8584,21,34532,8943,17,33290,8937,1,33302,4971,180,32408,0,0,32240,0,0,33301,0,0,34534,5171,0,33310,10608,3,132037,0,0;
20385450100;1128148,44904,1,938,521,372,34452,8582,21,34532,8941,17,33290,8938,1,33302,4971,178,32408,0,0,32240,0,0,33301,0,0,34534,0,0,33310,10606,3,132037,0,0;
20483074600;1128246,44904,1,934,524,370,34452,8585,21,34532,8941,17,33290,8937,1,33302,4970,178,32408,0,0,32240,0,0,33301,0,0,34534,0,0,33310,10607,3,132037,0,0;
20578954400;1128342,44904,1,924,516,400,34452,8584,21,34532,8939,17,33290,8935,1,33302,4971,178,32408,0,0,32240,0,0,33301,0,0,34534,0,0,33310,10609,3,132037,0,0;
20682387600;1128445,44904,1,932,516,387,34452,8582,21,34532,8941,17,33290,8937,1,33302,4971,179,32408,0,0,32240,0,0,33301,0,0,34534,0,0,33310,10608,3,132037,0,0;
20782734300;1128546,44904,1,932,519,381,34452,8584,21,34532,8941,17,33290,8938,1,33302,4971,180,32408,0,0,32240,0,0,33301,0,0,34534,0,0,33310,10608,3,132037,0,0;
20882676700;1128646,44904,1,934,518,379,34452,8583,21,34532,8942,17,33290,8938,1,33302,4971,179,32408,0,0,32240,0,0,33301,0,0,34534,0,0,33310,10608,3,132037,0,0;
20978347800;1128741,44904,1,935,524,371,34452,8584,21,34532,8940,17,33290,8935,1,33302,4971,179,32408,0,0,32240,0,0,33301,0,0,34534,0,0,33310,10606,3,132037,0,0;
21082793400;1128846,44904,1,937,522,367,34452,8584,21,34532,8942,17,33290,8938,1,33302,4971,179,32408,0,0,32240,0,0,33301,0,0,34534,5290,0,33310,10607,3,132037,0,0;
21188663500;1128951,44904,1,934,522,373,34452,8584,22,34532,8941,17,33290,8938,1,33302,4971,180,32408,0,0,32240,0,0,33301,0,0,34534,0,0,33310,10607,3,132037,0,0;
21285088300;1129048,44904,1,927,517,395,34452,8583,21,34532,8939,17,33290,8937,1,33302,4971,181,32408,0,0,32240,0,0,33301,0,0,34534,0,0,33310,10608,3,132037,0,0;
21383030400;1129146,44904,1,932,522,379,34452,8584,21,34532,8940,17,33290,8938,1,33302,4971,180,32408,0,0,32240,0,0,33301,0,0,34534,0,0,33310,10607,3,132037,0,0;
21481117900;1129244,44904,1,942,521,359,34452,8583,21,34532,8944,17,33290,8938,1,33302,4971,181,32408,0,0,32240,0,0,33301,0,0,34534,0,0,33310,10607,3,132037,0,0;
21582020900;1129345,44904,1,937,523,368,34452,8583,21,34532,8941,17,33290,8938,1,33302,4971,182,32408,0,0,32240,0,0,33301,0,0,34534,0,0,33310,10606,3,132037,0,0;
21684402100;1129447,44904,1,942,525,354,34452,8584,21,34532,8943,17,33290,8938,1,33302,4971,181,32408,0,0,32240,0,0,33301,0,0,34534,0,0,33310,10606,3,132037,0,0;
21782999200;1129546,44904,1,937,528,359,34452,8585,21,34532,8940,17,33290,8937,1,33302,4971,183,32408,0,0,32240,0,0,33301,0,0,34534,0,0,33310,10605,3,132037,0,0;
21878178800;1129641,44904,1,934,524,370,34452,8585,21,34532,8941,17,33290,8937,1,33302,4971,182,32408,0,0,32240,0,0,33301,0,0,34534,0,0,33310,10607,3,132037,0,0;
21984844900;1129748,44904,1,937,528,358,34452,8586,21,34532,8941,17,33290,8938,1,33302,4971,183,32408,0,0,32240,0,0,33301,0,0,34534,0,0,33310,10606,3,132037,0,0;
22084230400;1129847,44904,1,944,525,348,34452,8584,21,34532,8944,17,33290,8938,1,33302,4971,183,32408,0,0,32240,0,0,33301,0,0,34534,0,0,33310,10606,3,132037,0,0;
22183491200;1129946,44904,1,932,522,379,34452,8584,22,34532,8940,17,33290,8938,1,33302,4970,183,32408,0,0,32240,0,0,33301,0,0,34534,0,0,33310,10607,3,132037,0,0;
22282550400;1130045,44904,1,942,527,352,34452,8584,21,34532,8942,17,33290,8938,1,33302,4972,183,32408,0,0,32240,0,0,33301,0,0,34534,0,0,33310,10605,3,132037,0,0;
22383488000;1130146,44904,1,943,524,359,34452,8581,21,34532,8941,17,33290,8937,1,33302,4971,183,32408,0,0,32240,0,0,33301,0,0,34534,0,0,33310,10604,3,132037,0,0;
22480770400;1130244,44904,1,940,532,348,34452,8586,21,34532,8940,17,33290,8938,1,33302,4971,183,32408,0,0,32240,0,0,33301,0,0,34534,0,0,33310,10604,3,132037,0,0;
22583047100;1130346,44904,1,922,515,409,34452,8583,21,34532,8938,17,33290,8938,1,33302,4971,182,32408,0,0,32240,0,0,33301,0,0,34534,0,0,33310,10609,3,132037,0,0;
22683359600;1130446,44904,1,937,522,367,34452,8584,21,34532,8942,17,33290,8938,1,33302,4971,182,32408,0,0,32240,0,0,33301,0,0,34534,0,0,33310,10607,3,132037,0,0;
22777883500;1130541,44904,1,944,528,342,34452,8586,20,34532,8944,17,33290,8938,1,33302,4971,182,32408,0,0,32240,0,0,33301,0,0,34534,0,0,33310,10606,3,132037,0,0;
22880387500;1130643,44904,1,944,523,351,34452,8584,21,34532,8945,17,33290,8938,1,33302,4971,181,32408,0,0,32240,0,0,33301,0,0,34534,0,0,33310,10607,3,132037,0,0;
22982038700;1130745,44904,1,932,522,379,34452,8584,21,34532,8940,17,33290,8937,1,33302,4970,180,32408,0,0,32240,0,0,33301,0,0,34534,0,0,33310,10607,3,132037,0,0;
23082756200;1130846,44904,1,934,521,372,34452,8585,21,34532,8942,17,33290,8939,1,33302,4970,182,32408,0,0,32240,0,0,33301,0,0,34534,0,0,33310,10608,3,132037,0,0;
23179405200;1130942,44904,1,940,527,357,34452,8584,21,34532,8941,17,33290,8935,1,33302,4971,182,32408,0,0,32240,0,0,33301,0,0,34534,0,0,33310,10605,3,132037,0,0;
23282938500;1131046,44904,1,940,519,368,34452,8582,21,34532,8943,17,33290,8938,1,33302,4971,183,32408,0,0,32240,0,0,33301,0,0,34534,0,0,33310,10607,3,132037,0,0;
23384576400;1131147,44904,1,940,527,357,34452,8584,21,34532,8941,18,33290,8937,1,33302,4970,181,32408,0,0,32240,0,0,33301,0,0,34534,0,0,33310,10605,3,132037,0,0;
23484438700;1131247,44904,1,932,520,382,34452,8583,21,34532,8940,17,33290,8935,1,33302,4971,181,32408,0,0,32240,0,0,33301,0,0,34534,0,0,33310,10607,3,132037,0,0;
23581956800;1131345,44904,1,940,527,357,34452,8584,21,34532,8941,18,33290,8937,1,33302,4971,182,32408,0,0,32240,0,0,33301,0,0,34534,0,0,33310,10605,3,132037,0,0;
23683126400;1131446,44904,1,937,524,364,34452,8585,21,34532,8942,17,33290,8937,1,33302,4971,181,32408,0,0,32240,0,0,33301,0,0,34534,0,0,33310,10607,3,132037,0,0;
23782254400;1131545,44904,1,937,517,376,34452,8582,21,34532,8943,17,33290,8937,1,33302,4971,182,32408,0,0,32240,0,0,33301,0,0,34534,0,0,33310,10608,3,132037,0,0;
23883243900;1131646,44904,1,942,522,360,34452,8582,21,34532,8943,17,33290,8938,1,33302,4972,183,32408,0,0,32240,0,0,33301,0,0,34534,0,0,33310,10606,3,132037,0,0;
23978267500;1131741,44904,1,936,527,358,34452,8587,21,34532,8942,18,33290,8938,1,33302,4972,184,32408,0,0,32240,0,0,33301,0,0,34534,0,0,33310,10607,3,132037,0,0;
24082805700;1131846,44904,1,932,529,367,34452,8586,21,34532,8938,18,33290,8937,1,33302,4971,183,32408,0,0,32240,0,0,33301,0,0,34534,0,0,33310,10605,3,132037,0,0;
24182162000;1131945,44904,1,931,521,378,34452,8585,21,34532,8941,18,33290,8937,1,33302,4971,184,32408,0,0,32240,0,0,33301,0,0,34534,0,0,33310,10608,3,132037,0,0;
24282414400;1132045,44904,1,934,524,370,34452,8585,21,34532,8941,18,33290,8937,1,33302,4971,183,32408,0,0,32240,0,0,33301,0,0,34534,0,0,33310,10607,3,132037,0,0;
24380022100;1132143,44904,1,945,526,350,34452,8582,20,34532,8942,18,33290,8938,1,33302,4971,183,32408,0,0,32240,0,0,33301,0,0,34534,0,0,33310,10604,3,132037,0,0;
24480265700;1132243,44904,1,939,521,365,34452,8583,21,34532,8943,18,33290,8937,1,33302,4972,183,32408,0,0,32240,0,0,33301,0,0,34534,0,0,33310,10607,3,132037,0,0;
24581596700;1132344,44904,1,929,519,385,34452,8585,20,34532,8941,18,33290,8937,1,33302,4971,181,32408,0,0,32240,0,0,33301,0,0,34534,0,0,33310,10609,3,132037,0,0;
24682029400;1132445,44904,1,937,523,368,34452,8583,20,34532,8941,17,33290,8937,1,33302,4971,182,32408,0,0,32240,0,0,33301,0,0,34534,0,0,33310,10606,3,132037,0,0;
24782802100;1132546,44904,1,932,519,381,34452,8584,20,34532,8941,17,33290,8938,1,33302,4971,181,32408,0,0,32240,0,0,33301,0,0,34534,0,0,33310,10608,3,132037,0,0;
24878598800;1132641,44904,1,942,527,352,34452,8584,20,34532,8942,18,33290,8939,1,33302,4971,182,32408,0,0,32240,0,0,33301,0,0,34534,5412,0,33310,10605,3,132037,0,0;
24980594600;1132743,44904,1,935,519,380,34452,8582,20,34532,8941,17,33290,8937,1,33302,4972,183,32408,0,0,32240,0,0,33301,0,0,34534,5433,0,33310,10607,3,132037,0,0;
25082256500;1132845,44904,1,932,523,375,34452,8585,21,34532,8940,18,33290,8935,1,33302,4971,181,32408,0,0,32240,0,0,33301,0,0,34534,0,0,33310,10607,3,132037,0,0;
25182570000;1132945,44904,1,940,527,357,34452,8584,21,34532,8941,18,33290,8939,1,33302,4971,181,32408,0,0,32240,0,0,33301,0,0,34534,0,0,33310,10605,3,132037,0,0;
25277477400;1133040,44904,1,937,524,365,34452,8584,21,34532,8941,17,33290,8937,1,33302,4971,182,32408,0,0,32240,0,0,33301,0,0,34534,0,0,33310,10606,3,132037,0,0;
25379758000;1133143,44904,1,936,523,363,34452,8586,20,34532,8943,18,33290,8938,1,33302,4970,181,32408,0,0,32240,0,0,33301,0,0,34534,0,0,33310,10608,3,132037,0,0;
25481839400;1133245,44904,1,934,524,370,34452,8585,21,34532,8941,18,33290,8937,1,33302,4972,182,32408,0,0,32240,0,0,33301,0,0,34534,0,0,33310,10607,3,132037,0,0;
25582555600;1133345,44904,1,929,526,374,34452,8587,21,34532,8939,17,33290,8938,1,33302,4971,181,32408,0,0,32240,0,0,33301,0,0,34534,0,0,33310,10607,3,132037,0,0;
25680268600;1133443,44904,1,935,522,374,34452,8583,21,34532,8940,17,33290,8938,1,33302,4970,180,32408,0,0,32240,0,0,33301,0,0,34534,0,0,33310,10606,3,132037,0,0;
25780356200;1133543,44904,1,934,520,375,34452,8584,21,34532,8942,17,33290,8937,1,33302,4971,181,32408,0,0,32240,0,0,33301,0,0,34534,0,0,33310,10608,3,132037,0,0;
25881431000;1133644,44904,1,927,521,389,34452,8585,20,34532,8939,17,33290,8941,1,33302,4971,180,32408,0,0,32240,0,0,33301,0,0,34534,0,0,33310,10608,3,132037,0,0;
25983007200;1133746,44904,1,940,521,366,34452,8582,21,34532,8942,17,33290,8937,1,33302,4970,180,32408,0,0,32240,0,0,33301,0,0,34534,0,0,33310,10606,3,132037,0,0;
26085604000;1133848,44904,1,924,516,400,34452,8584,20,34532,8939,17,33290,8939,1,33302,4971,180,32408,0,0,32240,0,0,33301,0,0,34534,0,0,33310,10609,3,132037,0,0;
26178086700;1133941,44904,1,931,524,371,34452,8587,20,34532,8941,17,33290,8938,1,33302,4971,179,32408,0,0,32240,0,0,33301,0,0,34534,0,0,33310,10608,3,132037,0,0;
26281413500;1134044,44904,1,937,523,368,34452,8583,21,34532,8941,17,33290,8940,1,33302,4971,180,32408,0,0,32240,0,0,33301,0,0,34534,0,0,33310,10606,3,132037,0,0;
26381598000;1134145,44904,1,934,524,370,34452,8585,21,34532,8941,17,33290,8938,1,33302,4971,182,32408,0,0,32240,0,0,33301,0,0,34534,5248,0,33310,10607,3,132037,0,0;
26482286300;1134245,44904,1,930,518,391,34452,8582,21,34532,8939,17,33290,8939,1,33302,4971,181,32408,0,0,32240,0,0,33301,0,0,34534,0,0,33310,10607,3,132037,0,0;
26582033400;1134345,44904,1,934,518,379,34452,8583,21,34532,8942,17,33290,8937,1,33302,4971,181,32408,0,0,32240,0,0,33301,0,0,34534,0,0,33310,10608,3,132037,0,0;
26681039300;1134444,44904,1,932,520,382,34452,8583,21,34532,8940,17,33290,8937,1,33302,4970,181,32408,0,0,32240,0,0,33301,0,0,34534,0,0,33310,10607,3,132037,0,0;
26781217700;1134544,44904,1,937,524,365,34452,8584,20,34532,8941,17,33290,8938,1,33302,4971,180,32408,0,0,32240,0,0,33301,0,0,34534,0,0,33310,10606,3,132037,0,0;
26881363400;1134644,44904,1,943,527,353,34452,8583,20,34532,8941,17,33290,8938,1,33302,4971,181,32408,0,0,32240,0,0,33301,0,0,34534,0,0,33310,10604,3,132037,0,0;
26978476600;1134741,44904,1,932,522,379,34452,8584,20,34532,8940,17,33290,8935,1,33302,4971,182,32408,0,0,32240,0,0,33301,0,0,34534,0,0,33310,10607,3,132037,0,0;
27080000700;1134843,44904,1,939,527,352,34452,8587,20,34532,8943,17,33290,8938,1,33302,4971,181,32408,0,0,32240,0,0,33301,0,0,34534,0,0,33310,10607,3,132037,0,0;
27181492000;1134944,44904,1,937,521,371,34452,8583,20,34532,8942,17,33290,8939,1,33302,4971,181,32408,0,0,32240,0,0,33301,0,0,34534,0,0,33310,10607,3,132037,0,0;
27282285600;1135045,44904,1,935,526,367,34452,8585,21,34532,8940,17,33290,8938,1,33302,4971,182,32408,0,0,32240,0,0,33301,0,0,34534,0,0,33310,10606,3,132037,0,0;
27382570100;1135145,44904,1,932,523,375,34452,8585,21,34532,8940,17,33290,8939,1,33302,4971,181,32408,0,0,32240,0,0,33301,0,0,34534,0,0,33310,10607,3,132037,0,0;
27482368400;1135245,44904,1,942,527,352,34452,8584,20,34532,8942,17,33290,8935,1,33302,4970,182,32408,0,0,32240,0,0,33301,0,0,34534,0,0,33310,10605,3,132037,0,0;
27578700200;1135342,44904,1,939,530,350,34452,8587,21,34532,8942,17,33290,8937,1,33302,4971,182,32408,0,0,32240,0,0,33301,0,0,34534,0,0,33310,10606,3,132037,0,0;
27685496800;1135448,44904,1,937,524,365,34452,8584,20,34532,8941,17,33290,8939,1,33302,4971,181,32408,0,0,32240,0,0,33301,0,0,34534,0,0,33310,10606,3,132037,0,0;
27782975400;1135546,44904,1,939,528,353,34452,8586,20,34532,8942,17,33290,8937,1,33302,4971,182,32408,0,0,32240,0,0,33301,0,0,34534,0,0,33310,10606,3,132037,0,0;
27881797100;1135645,44904,1,930,516,393,34452,8582,21,34532,8940,17,33290,8938,1,33302,4971,183,32408,0,0,32240,0,0,33301,0,0,34534,0,0,33310,10608,3,132037,0,0;
27978040200;1135741,44904,1,935,522,374,34452,8583,21,34532,8940,17,33290,8935,1,33302,4971,184,32408,0,0,32240,0,0,33301,0,0,34534,0,0,33310,10606,3,132037,0,0;
28080599500;1135844,44904,1,933,519,374,34452,8585,21,34532,8943,17,33290,8939,1,33302,4972,183,32408,0,0,32240,0,0,33301,0,0,34534,0,0,33310,10609,3,132037,0,0;
28185810200;1135949,44904,1,940,525,359,34452,8584,21,34532,8942,17,33290,8935,1,33302,4971,183,32408,0,0,32240,0,0,33301,0,0,34534,0,0,33310,10606,3,132037,0,0;
28282724500;1136046,44904,1,932,520,382,34452,8583,21,34532,8940,17,33290,8935,1,33302,4971,183,32408,0,0,32240,0,0,33301,0,0,34534,0,0,33310,10607,3,132037,0,0;
28377182400;1136140,44904,1,930,516,393,34452,8582,21,34532,8940,17,33290,8939,1,33302,4971,183,32408,0,0,32240,0,0,33301,0,0,34534,0,0,33310,10608,3,132037,0,0;
28480036600;1136243,44904,1,929,519,386,34452,8584,21,34532,8940,18,33290,8940,1,33302,4971,184,32408,0,0,32240,0,0,33301,0,0,34534,0,0,33310,10608,3,132037,0,0;
28580739100;1136344,44904,1,930,522,385,34452,8583,21,34532,8938,17,33290,8937,1,33302,4971,183,32408,0,0,32240,0,0,33301,0,0,34534,0,0,33310,10606,3,132037,0,0;
28681637600;1136445,44904,1,945,529,343,34452,8585,21,34532,8943,17,33290,8935,1,33302,4971,183,32408,0,0,32240,0,0,33301,0,0,34534,9000,0,33310,10605,3,132037,0,0;
28783548200;1136546,44904,1,935,519,380,34452,8582,21,34532,8941,17,33290,8937,1,33302,4971,182,32408,0,0,32240,0,0,33301,0,0,34534,0,0,33310,10607,3,132037,0,0;
28877971400;1136641,44904,1,932,522,379,34452,8584,20,34532,8940,17,33290,8935,1,33302,4971,183,32408,0,0,32240,0,0,33301,0,0,34534,0,0,33310,10607,3,132037,0,0;
28980301100;1136743,44904,1,932,529,366,34452,8587,21,34532,8939,17,33290,8937,1,33302,4971,184,32408,0,0,32240,0,0,33301,0,0,34534,0,0,33310,10606,3,132037,0,0;
29081516900;1136844,44904,1,922,520,401,34452,8584,21,34532,8935,17,33290,8934,1,33302,4971,182,32408,0,0,32240,0,0,33301,0,0,34534,0,0,33310,10607,3,132037,0,0;
29181636300;1136944,44904,1,923,524,395,34452,8585,21,34532,8934,17,33290,8937,1,33302,4971,182,32408,0,0,32240,0,0,33301,0,0,34534,0,0,33310,10606,3,132037,0,0;
29279224800;1137042,44904,1,930,516,393,34452,8582,20,34532,8940,18,33290,8939,1,33302,4971,182,32408,0,0,32240,0,0,33301,0,0,34534,0,0,33310,10608,3,132037,0,0;
29380355500;1137143,44904,1,876,508,526,34452,8581,21,34532,1,0,33290,8931,1,33302,4972,182,32408,0,0,32240,0,0,33301,0,0,34534,0,0,33310,10608,3,132037,0,0;
29480777600;1137244,44904,1,935,526,368,34452,8584,20,34532,8939,17,33290,8933,1,33302,4971,182,32408,0,0,32240,0,0,33301,0,0,34534,0,0,33310,10605,3,132037,0,0;
29581741000;1137345,44904,1,949,526,337,34452,8584,20,34532,8946,18,33290,8937,1,33302,4971,182,32408,0,0,32240,0,0,33301,0,0,34534,0,0,33310,10606,3,132037,0,0;
29680470900;1137443,44904,1,901,516,454,34452,8584,20,34532,8927,16,33290,8935,1,33302,4970,181,32408,0,0,32240,0,0,33301,0,0,34534,0,0,33310,10608,3,132037,0,0;
29780673100;1137544,44904,1,937,528,359,34452,8585,19,34532,8940,17,33290,8938,1,33302,4971,181,32408,0,0,32240,0,0,33301,0,0,34534,0,0,33310,10605,3,132037,0,0;
29881717400;1137645,44904,1,940,525,360,34452,8583,19,34532,8941,17,33290,8938,1,33302,4971,182,32408,0,0,32240,0,0,33301,0,0,34534,0,0,33310,10605,3,132037,0,0;
29981175500;1137744,44904,1,943,529,349,34452,8584,19,34532,8941,17,33290,8937,1,33302,4971,181,32408,0,0,32240,0,0,33301,0,0,34534,0,0,33310,10604,3,132037,0,0;
30083049200;1137846,44904,1,937,519,374,34452,8582,19,34532,8942,17,33290,8937,1,33302,4971,181,32408,0,0,32240,0,0,33301,0,0,34534,0,0,33310,10607,3,132037,0,0;
30178224300;1137941,44904,1,942,523,357,34452,8583,20,34532,8943,17,33290,8938,1,33302,0,0,32408,0,0,32240,0,0,33301,0,0,34534,0,0,33310,10606,3,132037,0,0;
30281137700;1138044,44904,1,940,523,364,34452,8582,19,34532,8941,17,33290,8939,1,33302,4971,182,32408,0,0,32240,0,0,33301,0,0,34534,0,0,33310,10605,3,132037,0,0;
30379822900;1138143,44904,1,929,519,386,34452,8584,20,34532,8940,17,33290,8939,1,33302,4971,181,32408,0,0,32240,0,0,33301,0,0,34534,0,0,33310,10608,3,132037,0,0;
