3544090300;145354,44904,1,-373,525,564,34452,9696,7,34532,9476,10,33290,9492,2,33302,4571,254,32408,3229,0,32240,0,0,33301,0,0,34534,1,0,33310,11451,2,132037,0,0;
3544542100;145454,44904,1,-393,509,632,34452,9696,7,34532,9475,9,33290,9498,1,33302,4571,255,32408,3389,0,32240,0,0,33301,0,0,34534,1,0,33310,11457,2,132037,0,0;
3545003700;145556,44904,1,-377,526,566,34452,9699,8,34532,9477,9,33290,9494,1,33302,4571,255,32408,3246,0,32240,0,0,33301,0,0,34534,9458,0,33310,11453,2,132037,0,0;
3545460300;145650,44904,1,-337,587,420,34452,9697,6,34532,9461,9,33290,9466,2,33302,4571,246,32408,0,0,32240,0,0,33301,0,0,34534,1,0,33310,11425,1,132037,0,0;
3545883200;145752,44904,1,-323,566,392,34452,9698,6,34532,9480,8,33290,1,0,33302,4571,243,32408,0,0,32240,0,0,33301,0,0,34534,1,0,33310,11436,3,132037,0,0;
3546213000;145855,44904,1,-463,467,875,34452,9696,6,34532,9464,9,33290,1,0,33302,4572,241,32408,0,0,32240,0,0,33301,0,0,34534,1,0,33310,11472,1,132037,0,0;
3546563900;146052,44904,1,-381,528,578,34452,9698,8,34532,9473,10,33290,1,0,33302,4571,253,32408,0,0,32240,0,0,33301,0,0,34534,1,0,33310,11451,1,132037,0,0;
3546861100;146153,44904,1,-483,472,936,34452,9696,7,34532,9452,8,33290,1,0,33302,4572,251,32408,3275,0,32240,0,0,33301,0,0,34534,1,0,33310,11469,3,132037,0,0;
3547128200;146252,44904,1,-370,513,555,34452,9699,6,34532,9487,9,33290,9485,0,33302,4572,245,32408,3255,0,32240,0,0,33301,0,0,34534,1,0,33310,11459,3,132037,0,0;
3547415300;146355,44904,1,-329,620,374,34452,9698,6,34532,9449,8,33290,9482,1,33302,4572,240,32408,3268,0,32240,0,0,33301,0,0,34534,1,0,33310,11412,2,132037,0,0;
3547670400;146654,44904,1,-414,509,696,34452,9695,6,34532,9464,10,33290,9492,2,33302,4571,234,32408,0,0,32240,13672,0,33301,0,0,34534,1,0,33310,11455,2,132037,0,0;
3547905000;146851,44904,1,-518,389,1134,34452,9693,7,34532,9475,8,33290,1,0,33302,4572,231,32408,0,0,32240,0,0,33301,0,0,34534,1,0,33310,11501,2,132037,0,0;
3548194500;147156,44904,1,-572,362,1340,34452,9697,7,34532,9468,9,33290,1,0,33302,4570,229,32408,0,0,32240,0,0,33301,0,0,34534,1,0,33310,11514,2,132037,0,0;
3696928300;147854,44904,1,-370,581,526,34452,9693,6,34532,9445,10,33290,1,0,33302,4571,237,32408,0,0,32240,13727,0,33301,0,0,34534,1,0,33310,11423,1,132037,0,0;
3796272600;147953,44904,1,-368,550,532,34452,9696,6,34532,9465,9,33290,1,0,33302,4572,241,32408,0,0,32240,0,0,33301,0,0,34534,1,0,33310,11439,2,132037,0,0;
3896918900;148054,44904,1,-481,476,920,34452,9697,7,34532,9452,10,33290,1,0,33302,4571,241,32408,0,0,32240,0,0,33301,0,0,34534,1,0,33310,11468,2,132037,0,0;
4697695500;148855,44904,1,-381,524,586,34452,9696,7,34532,9473,11,33290,9482,1,33302,4571,247,32408,0,0,32240,0,0,33301,0,0,34534,1,0,33310,11451,2,132037,0,0;
5397341700;149554,44904,1,-419,482,734,34452,9694,6,34532,9475,10,33290,1,0,33302,4571,255,32408,0,0,32240,0,0,33301,0,0,34534,1,0,33310,11466,1,132037,0,0;
5497333000;149654,44904,1,-536,399,1168,34452,9698,6,34532,1,0,33290,9488,1,33302,4571,255,32408,0,0,32240,0,0,33301,0,0,34534,1,0,33310,11500,0,132037,0,0;
5696663600;149854,44904,1,-317,577,377,34452,9696,8,34532,9475,12,33290,9484,3,33302,4571,255,32408,3330,0,32240,0,0,33301,0,0,34534,462,0,33310,11430,2,132037,0,0;
6000477300;150157,44904,1,-416,516,693,34452,9696,7,34532,9461,10,33290,9482,1,33302,4570,255,32408,3337,0,32240,0,0,33301,0,0,34534,1,0,33310,11453,2,132037,0,0;
6096041400;150253,44904,1,-398,518,628,34452,9700,7,34532,9472,9,33290,9479,1,33302,4570,255,32408,3282,0,32240,0,0,33301,0,0,34534,1,0,33310,11456,3,132037,0,0;
6296768100;150454,44904,1,-454,471,825,34452,9701,7,34532,9472,9,33290,9490,2,33302,4571,255,32408,0,0,32240,0,0,33301,0,0,34534,4665,0,33310,11475,1,132037,0,0;
7102434900;151259,44904,1,-444,495,796,34452,9695,7,34532,1,0,33290,9478,2,33302,4571,248,32408,0,0,32240,0,0,33301,0,0,34534,1,0,33310,11460,1,132037,0,0;
7698899200;151856,44904,1,-408,521,650,34452,9701,6,34532,9467,9,33290,9488,2,33302,4572,251,32408,0,0,32240,0,0,33301,0,0,34534,1,0,33310,11455,2,132037,0,0;
7792479900;151950,44904,1,-414,497,693,34452,9699,6,34532,9475,9,33290,9512,2,33302,4572,252,32408,0,0,32240,0,0,33301,0,0,34534,1,0,33310,11464,2,132037,0,0;
7898206600;152055,44904,1,-480,589,828,34452,9698,7,34532,9393,8,33290,9501,2,33302,4573,252,32408,0,0,32240,0,0,33301,0,0,34534,1,0,33310,11418,1,132037,0,0;
8397533300;152554,44904,1,1252,1913,-2642,34452,9700,6,34532,9466,9,33290,9485,1,33302,4571,255,32408,0,0,32240,0,0,33301,0,0,34534,1,0,33310,10909,0,132037,0,0;
8703996100;152861,44904,1,-428,501,727,34452,9700,6,34532,9467,9,33290,1,0,33302,4571,255,32408,0,0,32240,0,0,33301,0,0,34534,1,0,33310,11462,2,132037,0,0;
9100681100;153258,44904,1,-353,526,513,34452,9694,6,34532,9483,11,33290,9522,1,33302,4571,255,32408,0,0,32240,0,0,33301,0,0,34534,1,0,33310,11450,2,132037,0,0;
9198998900;153356,44904,1,-270,626,216,34452,9699,6,34532,9474,9,33290,9474,1,33302,4571,255,32408,0,0,32240,0,0,33301,0,0,34534,1,0,33310,11413,1,132037,0,0;
9296360500;153453,44904,1,-416,533,675,34452,9698,6,34532,1,0,33290,9474,0,33302,4572,255,32408,0,0,32240,0,0,33301,0,0,34534,1,0,33310,11446,2,132037,0,0;
11396079900;155553,44904,1,-178,565,47,34452,9692,7,34532,1,0,33290,9560,1,33302,4572,255,32408,0,0,32240,0,0,33301,0,0,34534,211,0,33310,11439,1,132037,0,0;
11496540900;155654,44904,1,-435,518,731,34452,9701,7,34532,9456,9,33290,1,0,33302,4571,255,32408,0,0,32240,0,0,33301,0,0,34534,1,0,33310,11455,2,132037,0,0;
12497814100;156655,44904,1,-476,498,882,34452,9699,7,34532,1,0,33290,9465,2,33302,4571,255,32408,0,0,32240,0,0,33301,0,0,34534,1,0,33310,11460,2,132037,0,0;
12894685600;157052,44904,1,-624,301,1642,34452,9692,6,34532,9468,10,33290,9509,0,33302,4571,255,32408,0,0,32240,0,0,33301,0,0,34534,1,0,33310,11534,1,132037,0,0;
13395243800;157552,44904,1,7492,6750,-5030,34452,9693,6,34532,9475,8,33290,1,0,33302,4571,255,32408,0,0,32240,0,0,33301,0,0,34534,1,0,33310,8805,0,132037,0,0;
14592705100;158750,44904,1,-311,601,351,34452,9694,7,34532,9463,8,33290,1,0,33302,4571,255,32408,0,0,32240,0,0,33301,0,0,34534,1,0,33310,11418,0,132037,0,0;
14897838600;159055,44904,1,-409,528,663,34452,9696,8,34532,9458,8,33290,9490,0,33302,4571,255,32408,0,0,32240,0,0,33301,0,0,34534,1,0,33310,11448,1,132037,0,0;
14993193400;159150,44904,1,-550,342,1280,34452,9696,7,34532,9488,8,33290,1,0,33302,4571,255,32408,0,0,32240,0,0,33301,0,0,34534,1,0,33310,11523,0,132037,0,0;
15196186900;159353,44904,1,-497,452,994,34452,9697,8,34532,9457,7,33290,1,0,33302,4571,255,32408,0,0,32240,0,0,33301,0,0,34534,9417,0,33310,11478,3,132037,0,0;
15296830800;159454,44904,1,-397,524,608,34452,9704,8,34532,9474,8,33290,9490,2,33302,4571,255,32408,0,0,32240,0,0,33301,0,0,34534,1,0,33310,11457,1,132037,0,0;
15494880600;159652,44904,1,-528,410,1137,34452,9696,8,34532,9463,8,33290,9495,1,33302,4571,255,32408,0,0,32240,0,0,33301,0,0,34534,1,0,33310,11494,2,132037,0,0;
15595295100;159752,44904,1,-396,515,629,34452,9698,7,34532,9473,7,33290,9504,0,33302,4572,255,32408,0,0,32240,0,0,33301,0,0,34534,1,0,33310,11456,1,132037,0,0;
15699264900;159856,44904,1,12051,10118,-1450,34452,9693,7,34532,9472,8,33290,9485,1,33302,4571,255,32408,0,0,32240,0,0,33301,0,0,34534,9415,0,33310,7017,0,132037,0,0;
15891822400;160049,44904,1,-349,529,504,34452,9693,7,34532,9482,8,33290,9506,2,33302,4573,255,32408,0,0,32240,0,0,33301,0,0,34534,1,0,33310,11448,0,132037,0,0;
15993529100;160151,44904,1,-533,464,1084,34452,9702,7,34532,9438,8,33290,9491,1,33302,4572,255,32408,0,0,32240,0,0,33301,0,0,34534,1,0,33310,11475,0,132037,0,0;
16095607200;160253,44904,1,-646,463,1513,34452,9702,7,34532,9383,8,33290,9451,1,33302,4571,255,32408,0,0,32240,0,0,33301,0,0,34534,1,0,33310,11470,1,132037,0,0;
16196620000;160354,44904,1,-509,517,1012,34452,9688,7,34532,9406,8,33290,1,0,33302,4571,255,32408,0,0,32240,0,0,33301,0,0,34534,1,0,33310,11440,2,132037,0,0;
16291402900;160448,44904,1,-414,478,726,34452,9693,7,34532,9478,7,33290,9494,2,33302,4571,255,32408,0,0,32240,0,0,33301,0,0,34534,1,0,33310,11467,1,132037,0,0;
16395014300;160552,44904,1,-327,554,441,34452,9688,7,34532,9474,10,33290,9493,2,33302,4572,255,32408,0,0,32240,0,0,33301,0,0,34534,1,0,33310,11433,0,132037,0,0;
16496916200;160654,44904,1,-435,471,793,34452,9693,7,34532,9472,9,33290,9485,0,33302,4572,255,32408,0,0,32240,0,0,33301,0,0,34534,1,0,33310,11469,0,132037,0,0;
17293263200;161450,44904,1,-247,573,196,34452,9697,7,34532,1,0,33290,9529,1,33302,4571,255,32408,0,0,32240,0,0,33301,0,0,34534,1,0,33310,11436,1,132037,0,0;
18497601100;162655,44904,1,-435,495,762,34452,9697,7,34532,9464,9,33290,9540,1,33302,4571,255,32408,0,0,32240,0,0,33301,0,0,34534,1,0,33310,11462,2,132037,0,0;
18995851200;163153,44904,1,-526,550,1012,34452,9696,6,34532,9389,7,33290,9486,0,33302,4572,255,32408,0,0,32240,0,0,33301,0,0,34534,1,0,33310,11431,2,132037,0,0;
19498051300;163655,44904,1,-401,510,649,34452,9697,6,34532,1,0,33290,9492,1,33302,4572,255,32408,0,0,32240,0,0,33301,0,0,34534,1,0,33310,11457,2,132037,0,0;
19898555000;164055,44904,1,-479,475,922,34452,9695,7,34532,1,0,33290,9472,1,33302,4571,255,32408,0,0,32240,0,0,33301,0,0,34534,1,0,33310,11467,0,132037,0,0;
20201212700;164358,44904,1,-493,418,1027,34452,9692,8,34532,1,0,33290,9492,2,33302,4571,255,32408,0,0,32240,0,0,33301,0,0,34534,1,0,33310,11489,2,132037,0,0;
20297568700;164454,44904,1,-333,546,443,34452,9695,7,34532,1,0,33290,9502,1,33302,4571,255,32408,0,0,32240,0,0,33301,0,0,34534,1,0,33310,11442,2,132037,0,0;
20395716300;164553,44904,1,-392,491,640,34452,9697,8,34532,1,0,33290,9506,1,33302,4571,255,32408,0,0,32240,0,0,33301,0,0,34534,1,0,33310,11466,1,132037,0,0;
20694030300;164851,44904,1,-278,598,252,34452,9699,7,34532,1,0,33290,9504,1,33302,4572,255,32408,0,0,32240,0,0,33301,0,0,34534,1,0,33310,11425,1,132037,0,0;
20891198400;165048,44904,1,-547,525,1104,34452,9696,6,34532,9392,9,33290,1,0,33302,4572,255,32408,0,0,32240,0,0,33301,0,0,34534,1,0,33310,11441,0,132037,0,0;
21398582400;165556,44904,1,-448,486,799,34452,9700,8,34532,9466,8,33290,1,0,33302,4571,255,32408,0,0,32240,0,0,33301,0,0,34534,1,0,33310,11468,1,132037,0,0;
21497161200;165654,44904,1,-428,494,729,34452,9701,8,34532,1,0,33290,9492,1,33302,4571,255,32408,0,0,32240,0,0,33301,0,0,34534,1,0,33310,11466,2,132037,0,0;
21694687800;165852,44904,1,-427,489,740,34452,9698,8,34532,9472,7,33290,9509,2,33302,4572,255,32408,0,0,32240,0,0,33301,0,0,34534,1,0,33310,11466,1,132037,0,0;
21793068000;165950,44904,1,-368,532,540,34452,9698,7,34532,9477,9,33290,9477,0,33302,4572,255,32408,0,0,32240,0,0,33301,0,0,34534,1,0,33310,11450,1,132037,0,0;
21893325700;166050,44904,1,-353,537,491,34452,9699,7,34532,9482,11,33290,9542,3,33302,4572,255,32408,0,0,32240,0,0,33301,0,0,34534,1,0,33310,11449,1,132037,0,0;
23695071400;167852,44904,1,-438,482,790,34452,9695,6,34532,9467,9,33290,9513,1,33302,4572,255,32408,0,0,32240,0,0,33301,0,0,34534,1,0,33310,11466,1,132037,0,0;
24892384600;169049,44904,1,-423,470,748,34452,9696,6,34532,9482,8,33290,1,0,33302,4572,255,32408,0,0,32240,0,0,33301,0,0,34534,1,0,33310,11473,1,132037,0,0;
24994665400;169152,44904,1,-535,392,1187,34452,9694,7,34532,1,0,33290,9488,0,33302,4573,255,32408,0,0,32240,0,0,33301,0,0,34534,3750,0,33310,11500,2,132037,0,0;
25692600800;169850,44904,1,-456,491,834,34452,9696,6,34532,9455,8,33290,9513,1,33302,4571,255,32408,0,0,32240,0,0,33301,0,0,34534,1,0,33310,11462,2,132037,0,0;
28790169700;172947,44904,1,-504,467,1011,34452,9695,7,34532,1,0,33290,9464,1,33302,4572,255,32408,0,0,32240,0,0,33301,0,0,34534,3193,0,33310,11469,1,132037,0,0;
30596057600;174753,44904,1,-502,502,976,34452,9695,6,34532,1,0,33290,9447,1,33302,4571,255,32408,0,0,32240,0,0,33301,0,0,34534,1,0,33310,11454,2,132037,0,0;
30698487800;174856,44904,1,-406,474,676,34452,9702,6,34532,1,0,33290,9514,1,33302,4572,255,32408,0,0,32240,0,0,33301,0,0,34534,1,0,33310,11477,1,132037,0,0;
30993525400;175151,44904,1,-359,466,571,34452,9694,6,34532,1,0,33290,9531,1,33302,4572,255,32408,0,0,32240,0,0,33301,0,0,34534,1,0,33310,11476,2,132037,0,0;
31392416800;175549,44904,1,-483,469,929,34452,9698,7,34532,9456,9,33290,9451,1,33302,4572,255,32408,0,0,32240,0,0,33301,0,0,34534,1,0,33310,11472,2,132037,0,0;
31492653100;175650,44904,1,-372,530,545,34452,9700,6,34532,9478,10,33290,9475,1,33302,4571,255,32408,0,0,32240,0,0,33301,0,0,34534,1,0,33310,11452,2,132037,0,0;
31694492700;175852,44904,1,-428,500,731,34452,9699,7,34532,9467,10,33290,1,0,33302,4572,255,32408,0,0,32240,0,0,33301,0,0,34534,1,0,33310,11462,1,132037,0,0;
32595690000;176753,44904,1,-472,486,883,34452,9697,6,34532,9451,7,33290,9503,2,33302,4572,255,32408,0,0,32240,0,0,33301,0,0,34534,1,0,33310,11464,2,132037,0,0;
33191098000;177348,44904,1,-532,403,1140,34452,9701,6,34532,9470,10,33290,1,0,33302,4572,255,32408,0,0,32240,0,0,33301,0,0,34534,1,0,33310,11501,1,132037,0,0;
34491655800;178649,44904,1,-625,489,1420,34452,9698,7,34532,9375,6,33290,1,0,33302,4572,255,32408,0,0,32240,0,0,33301,0,0,34534,1,0,33310,11456,0,132037,0,0;
35792526900;179950,44904,1,-366,546,532,34452,9695,6,34532,9467,7,33290,1,0,33302,4572,255,32408,0,0,32240,0,0,33301,0,0,34534,1,0,33310,11440,0,132037,0,0;
35895300700;180052,44904,1,-300,594,317,34452,9697,6,34532,9475,8,33290,1,0,33302,4572,255,32408,0,0,32240,0,0,33301,0,0,34534,1,0,33310,11424,1,132037,0,0;
36693752400;180851,44904,1,10493,8893,-3491,34452,9697,6,34532,1,0,33290,9497,1,33302,4572,255,32408,0,0,32240,0,0,33301,0,0,34534,1,0,33310,7727,0,132037,0,0;
36894792600;181052,44904,1,-545,442,1170,34452,9696,6,34532,1,0,33290,9459,1,33302,4572,255,32408,0,0,32240,0,0,33301,0,0,34534,767,0,33310,11479,2,132037,0,0;
37298263900;181455,44904,1,-403,530,635,34452,9699,6,34532,1,0,33290,9483,1,33302,4571,255,32408,0,0,32240,0,0,33301,0,0,34534,1,0,33310,11450,2,132037,0,0;
37491382800;181648,44904,1,-433,443,799,34452,9696,6,34532,1,0,33290,9511,2,33302,4572,255,32408,0,0,32240,0,0,33301,0,0,34534,1,0,33310,11484,1,132037,0,0;
37593466000;181750,44904,1,-408,509,672,34452,9697,7,34532,1,0,33290,9489,2,33302,4572,255,32408,0,0,32240,0,0,33301,0,0,34534,1,0,33310,11457,1,132037,0,0;
37694895900;181852,44904,1,-468,472,868,34452,9701,7,34532,9465,8,33290,9488,2,33302,4572,255,32408,0,0,32240,0,0,33301,0,0,34534,1,0,33310,11474,1,132037,0,0;
37891102200;182048,44904,1,-383,519,590,34452,9698,7,34532,9477,9,33290,1,0,33302,4571,255,32408,0,0,32240,0,0,33301,0,0,34534,1,0,33310,11455,0,132037,0,0;
37994579600;182151,44904,1,-374,532,564,34452,9695,7,34532,9471,8,33290,9499,2,33302,4572,255,32408,0,0,32240,0,0,33301,0,0,34534,1,0,33310,11446,1,132037,0,0;
38594990300;182752,44904,1,-416,485,708,34452,9699,6,34532,9480,9,33290,9483,1,33302,4572,255,32408,0,0,32240,0,0,33301,0,0,34534,1,0,33310,11469,1,132037,0,0;
38694726200;182852,44904,1,-373,539,554,34452,9696,6,34532,9469,10,33290,9486,2,33302,4572,255,32408,0,0,32240,0,0,33301,0,0,34534,1,0,33310,11444,1,132037,0,0;
38790168700;182947,44904,1,-368,501,565,34452,9696,6,34532,1,0,33290,9511,2,33302,4572,255,32408,0,0,32240,0,0,33301,0,0,34534,1,0,33310,11462,1,132037,0,0;
39001258300;183158,44904,1,-402,503,659,34452,9697,6,34532,9475,9,33290,1,0,33302,4572,255,32408,0,0,32240,0,0,33301,0,0,34534,1,0,33310,11460,1,132037,0,0;
39593233800;183750,44904,1,-463,474,868,34452,9696,7,34532,1,0,33290,9481,1,33302,4573,255,32408,0,0,32240,0,0,33301,0,0,34534,0,0,33310,11469,1,132037,0,0;
40090542700;184248,44904,1,-426,466,757,34452,9697,6,34532,9483,12,33290,1,0,33302,4572,255,32408,0,0,32240,0,0,33301,0,0,34534,1,0,33310,11475,1,132037,0,0;
40295011000;184452,44904,1,-484,463,950,34452,9695,6,34532,9455,11,33290,6935,0,33302,4573,255,32408,0,0,32240,0,0,33301,0,0,34534,1,0,33310,11472,1,132037,0,0;
40491616100;184649,44904,1,-429,483,745,34452,9700,6,34532,9476,10,33290,9478,1,33302,4572,255,32408,0,0,32240,0,0,33301,0,0,34534,1,0,33310,11470,1,132037,0,0;
40695046600;184852,44904,1,-374,541,556,34452,9696,6,34532,1,0,33290,9487,2,33302,4572,255,32408,0,0,32240,0,0,33301,0,0,34534,1,0,33310,11443,0,132037,0,0;
40788993000;184946,44904,1,-572,390,1329,34452,9693,6,34532,1,0,33290,9470,2,33302,4572,255,32408,0,0,32240,0,0,33301,0,0,34534,1,0,33310,11498,1,132037,0,0;
40891681300;185049,44904,1,-482,492,913,34452,9697,6,34532,9443,8,33290,9525,1,33302,4572,255,32408,0,0,32240,0,0,33301,0,0,34534,1,0,33310,11461,0,132037,0,0;
40992367600;185149,44904,1,-291,548,328,34452,9696,6,34532,1,0,33290,9521,3,33302,4572,255,32408,0,0,32240,1,0,33301,0,0,34534,1,0,33310,11444,1,132037,0,0;
41094727700;185252,44904,1,-591,348,1432,34452,9696,6,34532,1,0,33290,9486,1,33302,4572,255,32408,0,0,32240,0,0,33301,0,0,34534,1716,0,33310,11518,3,132037,0,0;
41293517600;185451,44904,1,-392,503,620,34452,9700,6,34532,9483,9,33290,9501,1,33302,4572,255,32408,0,0,32240,0,0,33301,0,0,34534,1,0,33310,11463,1,132037,0,0;
41392532300;185550,44904,1,-440,504,775,34452,9696,7,34532,1,0,33290,9476,2,33302,4572,255,32408,0,0,32240,0,0,33301,0,0,34534,1,0,33310,11457,2,132037,0,0;
41693357800;185850,44904,1,-420,459,734,34452,9700,6,34532,1,0,33290,9513,1,33302,4572,255,32408,0,0,32240,0,0,33301,0,0,34534,1,0,33310,11481,1,132037,0,0;
41894369300;186051,44904,1,-489,443,971,34452,9698,6,34532,1,0,33290,9487,0,33302,0,0,32408,0,0,32240,0,0,33301,0,0,34534,1,0,33310,11483,1,132037,0,0;
41992217300;186149,44904,1,-535,438,1133,34452,9697,6,34532,1,0,33290,9467,1,33302,4572,255,32408,0,0,32240,0,0,33301,0,0,34534,1,0,33310,11482,1,132037,0,0;
42093451500;186250,44904,1,-395,527,621,34452,9697,6,34532,1,0,33290,9486,1,33302,4572,255,32408,0,0,32240,0,0,33301,0,0,34534,1,0,33310,11450,1,132037,0,0;
42193161400;186350,44904,1,-515,464,1047,34452,9696,6,34532,1,0,33290,9462,2,33302,4572,255,32408,0,0,32240,0,0,33301,0,0,34534,1,0,33310,11471,0,132037,0,0;
42292490700;186450,44904,1,-493,485,924,34452,9705,7,34532,9450,10,33290,9494,2,33302,4572,255,32408,0,0,32240,0,0,33301,0,0,34534,9414,0,33310,11470,1,132037,0,0;
42394208300;186551,44904,1,-445,485,846,34452,9684,6,34532,9450,8,33290,9481,0,33302,4573,255,32408,0,0,32240,0,0,33301,0,0,34534,1,0,33310,11455,1,132037,0,0;
42490720400;186648,44904,1,-454,519,792,34452,9700,7,34532,1,0,33290,9466,1,33302,4572,255,32408,0,0,32240,0,0,33301,0,0,34534,1,0,33310,11453,1,132037,0,0;
42590189500;186747,44904,1,-578,394,1349,34452,9693,6,34532,1,0,33290,9465,1,33302,4572,255,32408,0,0,32240,0,0,33301,0,0,34534,1,0,33310,11496,2,132037,0,0;
42694682300;186852,44904,1,-410,507,683,34452,9696,7,34532,1,0,33290,9488,1,33302,4572,255,32408,0,0,32240,0,0,33301,0,0,34534,1,0,33310,11457,1,132037,0,0;
42792575900;186950,44904,1,-433,488,741,34452,9703,6,34532,1,0,33290,9495,2,33302,4571,255,32408,0,0,32240,0,0,33301,0,0,34534,1,0,33310,11470,1,132037,0,0;
43191287200;187348,44904,1,-453,453,880,34452,9688,5,34532,1,0,33290,9488,1,33302,4572,255,32408,0,0,32240,0,0,33301,0,0,34534,1,0,33310,11472,1,132037,0,0;
43293042800;187450,44904,1,-346,537,478,34452,9697,7,34532,1,0,33290,9503,1,33302,4572,255,32408,0,0,32240,0,0,33301,0,0,34534,1,0,33310,11448,1,132037,0,0;
43388237900;187545,44904,1,-428,484,763,34452,9693,7,34532,1,0,33290,9489,1,33302,4572,255,32408,0,0,32240,0,0,33301,0,0,34534,1,0,33310,11464,1,132037,0,0;
43495229300;187652,44904,1,-588,373,1384,34452,9699,7,34532,1,0,33290,9478,2,33302,4572,255,32408,0,0,32240,0,0,33301,0,0,34534,1,0,33310,11510,2,132037,0,0;
43592356500;187749,44904,1,-386,512,605,34452,9697,7,34532,5005,0,33290,9498,0,33302,4572,255,32408,0,0,32240,0,0,33301,0,0,34534,1,0,33310,11457,1,132037,0,0;
43693035900;187850,44904,1,-460,498,829,34452,9700,7,34532,1,0,33290,9474,2,33302,4572,255,32408,0,0,32240,0,0,33301,0,0,34534,1,0,33310,11462,2,132037,0,0;
43789214900;187946,44904,1,-435,507,741,34452,9701,7,34532,1,0,33290,9482,1,33302,4572,255,32408,0,0,32240,0,0,33301,0,0,34534,1,0,33310,11460,2,132037,0,0;
43891210600;188048,44904,1,-516,424,1097,34452,9693,6,34532,9458,8,33290,9484,0,33302,4572,255,32408,0,0,32240,0,0,33301,0,0,34534,4973,0,33310,11486,3,132037,0,0;
44187744000;188345,44904,1,-476,538,861,34452,9696,6,34532,1,0,33290,9441,1,33302,4573,255,32408,0,0,32240,0,0,33301,0,0,34534,1,0,33310,11439,2,132037,0,0;
44492423800;188649,44904,1,-421,527,687,34452,9700,7,34532,1,0,33290,9477,1,33302,4572,255,32408,0,0,32240,0,0,33301,0,0,34534,1,0,33310,11451,1,132037,0,0;
44588722000;188746,44904,1,-606,368,1454,34452,9700,7,34532,1,0,33290,9473,1,33302,4572,255,32408,0,0,32240,0,0,33301,0,0,34534,1,0,33310,11512,2,132037,0,0;
44793119400;188950,44904,1,-482,448,943,34452,9698,6,34532,9467,8,33290,9534,2,33302,4573,255,32408,0,0,32240,0,0,33301,0,0,34534,1,0,33310,11481,1,132037,0,0;
44988180800;189145,44904,1,-353,530,510,34452,9694,6,34532,1,0,33290,9500,1,33302,4572,255,32408,0,0,32240,0,0,33301,0,0,34534,1,0,33310,11448,2,132037,0,0;
45093369900;189250,44904,1,-448,482,836,34452,9690,6,34532,1,0,33290,9477,1,33302,4573,255,32408,0,0,32240,0,0,33301,0,0,34534,1,0,33310,11461,2,132037,0,0;
45291000600;189448,44904,1,-435,533,731,34452,9698,6,34532,9445,8,33290,9468,1,33302,4572,255,32408,0,0,32240,0,0,33301,0,0,34534,8754,0,33310,11445,0,132037,0,0;
45394655500;189552,44904,1,-417,539,672,34452,9699,6,34532,9451,7,33290,9479,1,33302,4572,255,32408,0,0,32240,0,0,33301,0,0,34534,1,0,33310,11444,4,132037,0,0;
45489339700;189646,44904,1,-451,494,826,34452,9693,6,34532,9452,7,33290,9478,0,33302,4573,255,32408,0,0,32240,0,0,33301,0,0,34534,1,0,33310,11458,2,132037,0,0;
45593661500;189751,44904,1,-387,486,637,34452,9694,5,34532,1,0,33290,9508,2,33302,4572,255,32408,0,0,32240,0,0,33301,0,0,34534,1,0,33310,11466,0,132037,0,0;
45691999300;189849,44904,1,-400,547,585,34452,9709,6,34532,1,0,33290,9486,1,33302,4573,255,32408,0,0,32240,0,0,33301,0,0,34534,1,0,33310,11451,1,132037,0,0;
45792691700;189950,44904,1,-482,516,889,34452,9698,6,34532,1,0,33290,9452,0,33302,4571,255,32408,0,0,32240,0,0,33301,0,0,34534,1,0,33310,11451,1,132037,0,0;
45895000700;190052,44904,1,-394,531,615,34452,9697,6,34532,7587,0,33290,9484,2,33302,4573,255,32408,0,0,32240,0,0,33301,0,0,34534,1,0,33310,11448,0,132037,0,0;
46090846100;190248,44904,1,-460,478,849,34452,9698,5,34532,9462,8,33290,1,0,33302,4572,255,32408,0,0,32240,0,0,33301,0,0,34534,9510,0,33310,11469,1,132037,0,0;
46191961300;190349,44904,1,-401,504,661,34452,9695,6,34532,9473,9,33290,9496,1,33302,4572,255,32408,0,0,32240,0,0,33301,0,0,34534,1,0,33310,11458,2,132037,0,0;
46292608100;190450,44904,1,-457,492,829,34452,9698,6,34532,9456,8,33290,9482,0,33302,4572,255,32408,0,0,32240,0,0,33301,0,0,34534,1,0,33310,11463,1,132037,0,0;
46387998500;190545,44904,1,-354,561,467,34452,9702,6,34532,1,0,33290,9492,1,33302,4572,255,32408,0,0,32240,0,0,33301,0,0,34534,1,0,33310,11440,1,132037,0,0;
46494299900;190651,44904,1,-467,461,903,34452,9693,6,34532,9462,8,33290,9482,1,33302,4571,255,32408,0,0,32240,0,0,33301,0,0,34534,1,0,33310,11472,1,132037,0,0;
46992206200;191149,44904,1,-347,553,455,34452,9702,6,34532,9480,9,33290,9485,2,33302,4572,255,32408,0,0,32240,0,0,33301,0,0,34534,1,0,33310,11444,1,132037,0,0;
47492361200;191649,44904,1,-497,425,1072,34452,9682,5,34532,1,0,33290,9475,0,33302,4572,255,32408,0,0,32240,0,0,33301,0,0,34534,1,0,33310,11477,1,132037,0,0;
47692522000;191850,44904,1,-390,527,605,34452,9698,6,34532,1,0,33290,9489,1,33302,4572,255,32408,0,0,32240,0,0,33301,0,0,34534,1,0,33310,11451,1,132037,0,0;
47792436300;191949,44904,1,-528,468,1076,34452,9699,6,34532,9435,10,33290,9464,1,33302,4572,255,32408,0,0,32240,0,0,33301,0,0,34534,1,0,33310,11471,1,132037,0,0;
47988086600;192145,44904,1,-487,481,902,34452,9707,6,34532,1,0,33290,9478,2,33302,4572,255,32408,0,0,32240,0,0,33301,0,0,34534,1,0,33310,11474,1,132037,0,0;
48089438200;192247,44904,1,-493,456,992,34452,9693,6,34532,1,0,33290,9473,2,33302,4572,255,32408,0,0,32240,0,0,33301,0,0,34534,1,0,33310,11473,2,132037,0,0;
48191425300;192348,44904,1,-442,475,811,34452,9693,6,34532,1,0,33290,9487,0,33302,4572,255,32408,0,0,32240,0,0,33301,0,0,34534,1,0,33310,11467,1,132037,0,0;
48292764700;192450,44904,1,-429,507,731,34452,9698,7,34532,1,0,33290,9482,1,33302,4572,255,32408,0,0,32240,0,0,33301,0,0,34534,1,0,33310,11458,1,132037,0,0;
48393170400;192550,44904,1,-517,391,1119,34452,9695,6,34532,4495,0,33290,9498,2,33302,4573,255,32408,0,0,32240,0,0,33301,0,0,34534,1,0,33310,11502,1,132037,0,0;
48589263700;192746,44904,1,-437,488,773,34452,9697,7,34532,1,0,33290,9487,1,33302,4572,255,32408,0,0,32240,0,0,33301,0,0,34534,1,0,33310,11465,1,132037,0,0;
48693345900;192850,44904,1,-424,489,734,34452,9697,7,34532,1,0,33290,9492,0,33302,4573,255,32408,0,0,32240,0,0,33301,0,0,34534,1,0,33310,11465,1,132037,0,0;
48794137600;192951,44904,1,-383,512,598,34452,9697,7,34532,1,0,33290,9499,2,33302,4570,255,32408,0,0,32240,0,0,33301,0,0,34534,56,0,33310,11457,1,132037,0,0;
48994755600;193152,44904,1,-486,491,942,34452,9692,8,34532,1,0,33290,9457,1,33302,4572,255,32408,0,0,32240,0,0,33301,0,0,34534,1,0,33310,11457,1,132037,0,0;
49191087700;193348,44904,1,-399,540,601,34452,9704,7,34532,1,0,33290,9485,1,33302,4571,255,32408,0,0,32240,0,0,33301,0,0,34534,1,0,33310,11450,1,132037,0,0;
49294660300;193452,44904,1,-481,506,883,34452,9701,6,34532,8219,0,33290,9461,1,33302,4572,255,32408,0,0,32240,0,0,33301,0,0,34534,1299,0,33310,11458,1,132037,0,0;
49388391700;193545,44904,1,-427,475,768,34452,9693,7,34532,1,0,33290,9494,1,33302,4572,255,32408,0,0,32240,0,0,33301,0,0,34534,1,0,33310,11468,2,132037,0,0;
49591612200;193748,44904,1,-463,477,849,34452,9701,6,34532,1,0,33290,9485,1,33302,4572,255,32408,0,0,32240,0,0,33301,0,0,34534,1,0,33310,11472,1,132037,0,0;
49787293500;193944,44904,1,-378,561,537,34452,9701,7,34532,1723,0,33290,9480,0,33302,4573,255,32408,0,0,32240,0,0,33301,0,0,34534,1,0,33310,11438,2,132037,0,0;
49890378000;194047,44904,1,-356,499,546,34452,9692,7,34532,1,0,33290,9513,1,33302,4572,255,32408,0,0,32240,0,0,33301,0,0,34534,1,0,33310,11460,2,132037,0,0;
49991477400;194149,44904,1,-441,474,801,34452,9696,7,34532,1,0,33290,9491,2,33302,4572,255,32408,0,0,32240,0,0,33301,0,0,34534,1,0,33310,11470,1,132037,0,0;
50092337600;194249,44904,1,-514,460,1031,34452,9700,7,34532,9448,8,33290,9501,1,33302,4572,255,32408,0,0,32240,0,0,33301,0,0,34534,1,0,33310,11476,1,132037,0,0;
50193307000;194350,44904,1,-369,500,564,34452,9698,7,34532,1,0,33290,9513,2,33302,4572,255,32408,0,0,32240,0,0,33301,0,0,34534,1,0,33310,11464,2,132037,0,0;
50390516100;194548,44904,1,-401,511,634,34452,9702,7,34532,1,0,33290,9497,1,33302,4572,255,32408,0,0,32240,0,0,33301,0,0,34534,1,0,33310,11461,1,132037,0,0;
50492891600;194650,44904,1,-443,499,790,34452,9695,7,34532,1,0,33290,9476,1,33302,4573,255,32408,0,0,32240,0,0,33301,0,0,34534,3911,0,33310,11458,1,132037,0,0;
50597867500;194755,44904,1,-435,506,730,34452,9704,7,34532,1,0,33290,9486,1,33302,4572,255,32408,0,0,32240,0,0,33301,0,0,34534,1,0,33310,11463,2,132037,0,0;
50788144500;194945,44904,1,-468,462,893,34452,9696,7,34532,1,0,33290,9485,1,33302,4572,255,32408,0,0,32240,0,0,33301,0,0,34534,1,0,33310,11474,1,132037,0,0;
50890817900;195048,44904,1,-449,432,859,34452,9696,7,34532,1,0,33290,9509,1,33302,4572,255,32408,0,0,32240,0,0,33301,0,0,34534,1,0,33310,11488,2,132037,0,0;
50992809200;195150,44904,1,-477,464,906,34452,9701,7,34532,1,0,33290,9485,2,33302,4573,255,32408,0,0,32240,0,0,33301,0,0,34534,1313,0,33310,11477,1,132037,0,0;
51094236500;195251,44904,1,-440,506,772,34452,9696,7,34532,1,0,33290,9475,1,33302,4572,255,32408,0,0,32240,0,0,33301,0,0,34534,1,0,33310,11456,2,132037,0,0;
51291233300;195448,44904,1,-353,531,497,34452,9698,7,34532,1,0,33290,9504,1,33302,4572,255,32408,0,0,32240,0,0,33301,0,0,34534,1,0,33310,11451,1,132037,0,0;
51390538900;195548,44904,1,-465,469,854,34452,9703,7,34532,9470,8,33290,9488,1,33302,4572,255,32408,0,0,32240,0,0,33301,0,0,34534,1,0,33310,11477,2,132037,0,0;
51493139300;195650,44904,1,-335,543,430,34452,9701,7,34532,1,0,33290,9509,1,33302,4572,255,32408,0,0,32240,0,0,33301,0,0,34534,1,0,33310,11449,1,132037,0,0;
51593313300;195750,44904,1,-338,468,490,34452,9701,7,34532,1,0,33290,9548,1,33302,4572,255,32408,0,0,32240,0,0,33301,0,0,34534,1,0,33310,11482,2,132037,0,0;
51691616100;195849,44904,1,-391,570,579,34452,9697,7,34532,1,0,33290,9465,4,33302,4573,255,32408,0,0,32240,0,0,33301,0,0,34534,1,0,33310,11430,2,132037,0,0;
51894488400;196051,44904,1,-372,467,589,34452,9700,7,34532,1,0,33290,9531,1,33302,4572,255,32408,0,0,32240,0,0,33301,0,0,34534,1,0,33310,11480,2,132037,0,0;
51993277200;196150,44904,1,-562,414,1244,34452,9699,7,34532,1,0,33290,9469,1,33302,4572,255,32408,0,0,32240,0,0,33301,0,0,34534,1,0,33310,11493,1,132037,0,0;
52094242100;196251,44904,1,-414,500,700,34452,9696,7,34532,1,0,33290,9490,0,33302,4573,255,32408,0,0,32240,0,0,33301,0,0,34534,1,0,33310,11460,1,132037,0,0;
52188180300;196345,44904,1,-556,456,1169,34452,9703,7,34532,1,0,33290,9454,1,33302,4572,255,32408,0,0,32240,0,0,33301,0,0,34534,1,0,33310,11478,2,132037,0,0;
52290030900;196447,44904,1,-423,485,718,34452,9702,7,34532,1,0,33290,9500,1,33302,4573,255,32408,0,0,32240,0,0,33301,0,0,34534,1,0,33310,11471,2,132037,0,0;
52492708100;196650,44904,1,-458,476,844,34452,9698,6,34532,9464,8,33290,9485,1,33302,4572,255,32408,0,0,32240,0,0,33301,0,0,34534,1,0,33310,11470,0,132037,0,0;
52793108500;196950,44904,1,-459,461,847,34452,9702,7,34532,1,0,33290,9496,0,33302,4572,255,32408,0,0,32240,0,0,33301,0,0,34534,1650,0,33310,11480,1,132037,0,0;
52891737400;197049,44904,1,-501,454,1016,34452,9694,7,34532,1,0,33290,9471,0,33302,4573,255,32408,0,0,32240,0,0,33301,0,0,34534,1,0,33310,11474,1,132037,0,0;
52990579800;197148,44904,1,-475,447,918,34452,9699,7,34532,1,0,33290,9493,0,33302,4572,255,32408,0,0,32240,0,0,33301,0,0,34534,1,0,33310,11483,0,132037,0,0;
53090147400;197247,44904,1,-395,520,607,34452,9703,7,34532,1,0,33290,9496,3,33302,4572,255,32408,0,0,32240,0,0,33301,0,0,34534,1,0,33310,11458,0,132037,0,0;
53191897100;197349,44904,1,-452,485,808,34452,9701,7,34532,1,0,33290,9486,1,33302,4572,255,32408,0,0,32240,0,0,33301,0,0,34534,1872,0,33310,11469,1,132037,0,0;
53396725400;197554,44904,1,-453,459,849,34452,9696,7,34532,9473,10,33290,9488,2,33302,4572,255,32408,0,0,32240,0,0,33301,0,0,34534,1,0,33310,11476,1,132037,0,0;
53488528500;197646,44904,1,-453,504,810,34452,9697,6,34532,1,0,33290,9471,1,33302,4573,255,32408,0,0,32240,0,0,33301,0,0,34534,1,0,33310,11457,0,132037,0,0;
53690863400;197848,44904,1,-376,552,532,34452,9703,6,34532,1,0,33290,9488,2,33302,4572,255,32408,0,0,32240,0,0,33301,0,0,34534,1,0,33310,11444,0,132037,0,0;
53889348300;198046,44904,1,-514,416,1088,34452,9695,7,34532,1,0,33290,9486,2,33302,4573,255,32408,0,0,32240,0,0,33301,0,0,34534,1,0,33310,11491,0,132037,0,0;
54090660600;198248,44904,1,-462,423,915,34452,9693,6,34532,1,0,33290,9505,1,33302,4573,255,32408,0,0,32240,0,0,33301,0,0,34534,1,0,33310,11489,1,132037,0,0;
54191534400;198349,44904,1,-360,523,523,34452,9698,6,34532,9485,9,33290,9476,1,33302,4573,255,32408,0,0,32240,0,0,33301,0,0,34534,1,0,33310,11454,1,132037,0,0;
54289087600;198446,44904,1,-415,476,728,34452,9694,6,34532,9480,9,33290,9495,1,33302,4572,255,32408,0,0,32240,0,0,33301,0,0,34534,1,0,33310,11469,1,132037,0,0;
54390772700;198548,44904,1,-451,492,783,34452,9706,7,34532,1,0,33290,9488,0,33302,4572,255,32408,0,0,32240,0,0,33301,0,0,34534,1,0,33310,11470,1,132037,0,0;
54788586000;198946,44904,1,-418,508,701,34452,9698,6,34532,9466,8,33290,9473,1,33302,4572,255,32408,0,0,32240,0,0,33301,0,0,34534,1,0,33310,11458,1,132037,0,0;
54891458600;199048,44904,1,-531,414,1149,34452,9695,6,34532,1,0,33290,9479,1,33302,4572,255,32408,0,0,32240,0,0,33301,0,0,34534,1,0,33310,11491,0,132037,0,0;
55187203500;199344,44904,1,-358,519,518,34452,9699,7,34532,1,0,33290,9509,1,33302,4573,255,32408,0,0,32240,0,0,33301,0,0,34534,1,0,33310,11457,0,132037,0,0;
55290040600;199447,44904,1,-405,442,737,34452,9690,6,34532,1,0,33290,9518,2,33302,4573,255,32408,0,0,32240,0,0,33301,0,0,34534,2401,0,33310,11481,2,132037,0,0;
55391826600;199549,44904,1,-428,493,742,34452,9697,7,34532,9468,8,33290,9503,1,33302,4572,255,32408,0,0,32240,0,0,33301,0,0,34534,9433,0,33310,11463,1,132037,0,0;
55493666100;199651,44904,1,-464,475,863,34452,9698,7,34532,1,0,33290,9482,1,33302,4572,255,32408,0,0,32240,0,0,33301,0,0,34534,1,0,33310,11470,1,132037,0,0;
55590850200;199748,44904,1,-415,523,669,34452,9701,7,34532,1,0,33290,9483,2,33302,4572,255,32408,0,0,32240,0,0,33301,0,0,34534,1,0,33310,11454,1,132037,0,0;
55690235600;199847,44904,1,-390,491,632,34452,9697,6,34532,1,0,33290,9507,1,33302,4573,255,32408,0,0,32240,0,0,33301,0,0,34534,1,0,33310,11466,2,132037,0,0;
55791460500;199949,44904,1,-528,402,1154,34452,9694,6,34532,1,0,33290,9486,0,33302,4573,255,32408,0,0,32240,0,0,33301,0,0,34534,1,0,33310,11496,0,132037,0,0;
55894283000;200049,44904,1,-429,506,746,34452,9694,6,34532,1,0,33290,9478,2,33302,4572,255,32408,0,0,32240,0,0,33301,0,0,34534,1,0,33310,11455,1,132037,0,0;
56091388100;200248,44904,1,-447,507,750,34452,9709,7,34532,1,0,33290,9485,1,33302,4572,255,32408,0,0,32240,0,0,33301,0,0,34534,1,0,33310,11466,1,132037,0,0;
56291812700;200449,44904,1,-468,476,886,34452,9695,7,34532,9456,8,33290,9492,0,33302,4573,255,32408,0,0,32240,0,0,33301,0,0,34534,1,0,33310,11467,3,132037,0,0;
56387221200;200544,44904,1,-416,522,683,34452,9698,6,34532,1,0,33290,9480,1,33302,4573,255,32408,0,0,32240,0,0,33301,0,0,34534,1,0,33310,11452,1,132037,0,0;
56493271300;200650,44904,1,-442,465,812,34452,9695,7,34532,9474,10,33290,9482,1,33302,4573,255,32408,0,0,32240,0,0,33301,0,0,34534,1,0,33310,11473,1,132037,0,0;
56592032600;200749,44904,1,-412,501,678,34452,9701,7,34532,9476,10,33290,9491,0,33302,4572,255,32408,0,0,32240,0,0,33301,0,0,34534,1,0,33310,11464,1,132037,0,0;
56691317200;200848,44904,1,-386,510,596,34452,9701,7,34532,9483,9,33290,9499,2,33302,4572,255,32408,0,0,32240,0,0,33301,0,0,34534,1,0,33310,11461,1,132037,0,0;
56788244700;200945,44904,1,-402,505,655,34452,9698,6,34532,9475,10,33290,9481,1,33302,4573,255,32408,0,0,32240,0,0,33301,0,0,34534,1,0,33310,11460,1,132037,0,0;
56890176200;201047,44904,1,-412,504,685,34452,9698,6,34532,9471,8,33290,9496,1,33302,4572,255,32408,0,0,32240,0,0,33301,0,0,34534,1,0,33310,11460,1,132037,0,0;
56992851400;201150,44904,1,-411,502,690,34452,9696,7,34532,9470,9,33290,9493,1,33302,4572,255,32408,0,0,32240,0,0,33301,0,0,34534,1,0,33310,11459,2,132037,0,0;
57094549100;201252,44904,1,-507,462,1017,34452,9697,7,34532,9447,7,33290,1,0,33302,4572,255,32408,0,0,32240,0,0,33301,0,0,34534,1,0,33310,11473,1,132037,0,0;
57187411900;201345,44904,1,-449,494,811,34452,9696,7,34532,1,0,33290,9477,1,33302,4572,255,32408,0,0,32240,0,0,33301,0,0,34534,1,0,33310,11461,1,132037,0,0;
57389433400;201547,44904,1,-431,543,697,34452,9703,7,34532,1,0,33290,9467,1,33302,4572,255,32408,0,0,32240,0,0,33301,0,0,34534,1,0,33310,11445,1,132037,0,0;
57492689500;201650,44904,1,-413,525,657,34452,9703,7,34532,1,0,33290,9485,1,33302,4574,255,32408,0,0,32240,0,0,33301,0,0,34534,1,0,33310,11455,1,132037,0,0;
57591234800;201748,44904,1,-380,535,552,34452,9704,7,34532,1,0,33290,9496,1,33302,4573,255,32408,0,0,32240,0,0,33301,0,0,34534,1,0,33310,11453,1,132037,0,0;
57687978700;201845,44904,1,-393,536,610,34452,9697,7,34532,9462,10,33290,9502,1,33302,4574,255,32408,0,0,32240,0,0,33301,0,0,34534,1701,0,33310,11445,1,132037,0,0;
57790015600;201947,44904,1,-375,524,562,34452,9699,7,34532,9479,10,33290,9481,1,33302,4572,255,32408,0,0,32240,0,0,33301,0,0,34534,4932,0,33310,11454,1,132037,0,0;
57891876100;202049,44904,1,-426,491,753,34452,9693,7,34532,1,0,33290,9486,1,33302,4573,255,32408,0,0,32240,0,0,33301,0,0,34534,1,0,33310,11461,1,132037,0,0;
58091795600;202249,44904,1,-430,498,745,34452,9697,7,34532,1,0,33290,9485,2,33302,4573,255,32408,0,0,32240,0,0,33301,0,0,34534,1185,0,33310,11461,1,132037,0,0;
58191010700;202348,44904,1,-486,453,960,34452,9696,7,34532,1,0,33290,9481,0,33302,4573,255,32408,0,0,32240,0,0,33301,0,0,34534,6622,0,33310,11477,1,132037,0,0;
58390823400;202548,44904,1,-453,482,836,34452,9695,8,34532,1,0,33290,9480,1,33302,4573,255,32408,0,0,32240,0,0,33301,0,0,34534,1,0,33310,11465,1,132037,0,0;
58489337900;202646,44904,1,-438,495,771,34452,9697,7,34532,1,0,33290,9483,1,33302,4573,255,32408,0,0,32240,0,0,33301,0,0,34534,1,0,33310,11462,1,132037,0,0;
58691055300;202848,44904,1,-363,515,526,34452,9701,7,34532,1,0,33290,9511,2,33302,4573,255,32408,0,0,32240,0,0,33301,0,0,34534,1,0,33310,11460,2,132037,0,0;
58789433400;202946,44904,1,-440,533,733,34452,9702,7,34532,1,0,33290,9467,0,33302,4573,255,32408,0,0,32240,0,0,33301,0,0,34534,1,0,33310,11449,1,132037,0,0;
58996637900;203154,44904,1,-459,482,836,34452,9700,7,34532,1,0,33290,9483,2,33302,4571,255,32408,0,0,32240,0,0,33301,0,0,34534,1,0,33310,11469,1,132037,0,0;
59093171700;203250,44904,1,-312,549,388,34452,9694,6,34532,1,0,33290,9509,1,33302,4573,255,32408,0,0,32240,0,0,33301,0,0,34534,1,0,33310,11441,2,132037,0,0;
59191173800;203348,44904,1,-397,531,623,34452,9697,7,34532,9463,9,33290,9467,1,33302,4574,255,32408,0,0,32240,0,0,33301,0,0,34534,1,0,33310,11448,1,132037,0,0;
59390300500;203547,44904,1,-442,493,792,34452,9695,6,34532,1,0,33290,9480,1,33302,4573,255,32408,0,0,32240,0,0,33301,0,0,34534,1,0,33310,11461,1,132037,0,0;
59487941100;203645,44904,1,-446,498,792,34452,9698,6,34532,9458,9,33290,1,0,33302,4574,255,32408,0,0,32240,0,0,33301,0,0,34534,1,0,33310,11461,1,132037,0,0;
59593982900;203751,44904,1,-470,436,916,34452,9698,6,34532,9479,9,33290,9504,1,33302,4573,255,32408,0,0,32240,0,0,33301,0,0,34534,1,0,33310,11487,1,132037,0,0;
59692830500;203850,44904,1,-480,467,925,34452,9697,6,34532,9457,9,33290,1,0,33302,4573,255,32408,0,0,32240,0,0,33301,0,0,34534,1,0,33310,11472,1,132037,0,0;
59790634000;203948,44904,1,-387,520,601,34452,9698,6,34532,9474,8,33290,9469,0,33302,4573,255,32408,0,0,32240,0,0,33301,0,0,34534,1,0,33310,11454,1,132037,0,0;
59887531200;204045,44904,1,-419,495,722,34452,9695,6,34532,9469,9,33290,9489,1,33302,4573,255,32408,0,0,32240,0,0,33301,0,0,34534,1,0,33310,11461,1,132037,0,0;
59989990600;204147,44904,1,-434,490,760,34452,9698,6,34532,9468,8,33290,9488,1,33302,4572,255,32408,0,0,32240,0,0,33301,0,0,34534,1,0,33310,11465,1,132037,0,0;
60096122900;204253,44904,1,-584,480,1270,34452,9698,6,34532,9400,9,33290,1,0,33302,4573,255,32408,0,0,32240,0,0,33301,0,0,34534,1,0,33310,11462,1,132037,0,0;
60191834000;204349,44904,1,-476,465,913,34452,9697,6,34532,9460,9,33290,9491,1,33302,4572,255,32408,0,0,32240,0,0,33301,0,0,34534,1,0,33310,11473,1,132037,0,0;
60292526300;204450,44904,1,-606,457,1395,34452,9693,7,34532,9396,8,33290,9470,1,33302,4572,255,32408,0,0,32240,0,0,33301,0,0,34534,1,0,33310,11467,1,132037,0,0;
60387295400;204544,44904,1,-462,486,861,34452,9695,6,34532,1,0,33290,9474,0,33302,4572,255,32408,0,0,32240,0,0,33301,0,0,34534,1,0,33310,11463,1,132037,0,0;
60489365800;204646,44904,1,-426,486,734,34452,9700,7,34532,9476,10,33290,9486,2,33302,4572,255,32408,0,0,32240,0,0,33301,0,0,34534,9475,1,33310,11469,1,132037,0,0;
60592580300;204749,44904,1,-421,494,720,34452,9697,6,34532,9471,9,33290,9494,2,33302,4572,255,32408,0,0,32240,0,0,33301,0,0,34534,1,0,33310,11463,1,132037,0,0;
60691899300;204849,44904,1,-393,484,651,34452,9696,6,34532,9488,10,33290,9488,1,33302,4573,255,32408,0,0,32240,0,0,33301,0,0,34534,9428,0,33310,11468,1,132037,0,0;
60791058300;204948,44904,1,-390,529,605,34452,9697,6,34532,9467,8,33290,9506,1,33302,4573,255,32408,0,0,32240,0,0,33301,0,0,34534,1,0,33310,11449,1,132037,0,0;
60887240500;205044,44904,1,-398,498,665,34452,9693,6,34532,9475,9,33290,9493,1,33302,4573,255,32408,0,0,32240,0,0,33301,0,0,34534,1,0,33310,11459,1,132037,0,0;
60989896200;205147,44904,1,-406,544,628,34452,9701,6,34532,9456,9,33290,9491,1,33302,4573,255,32408,0,0,32240,0,0,33301,0,0,34534,3924,0,33310,11444,1,132037,0,0;
61089437700;205247,44904,1,-375,513,570,34452,9698,6,34532,9484,10,33290,9480,1,33302,4573,255,32408,0,0,32240,0,0,33301,0,0,34534,1,0,33310,11458,2,132037,0,0;
61190909700;205348,44904,1,-405,500,684,34452,9693,7,34532,9471,9,33290,9503,1,33302,4573,255,32408,0,0,32240,0,0,33301,0,0,34534,1,0,33310,11458,1,132037,0,0;
61287794200;205445,44904,1,-363,533,526,34452,9697,7,34532,9478,11,33290,9461,2,33302,4573,255,32408,0,0,32240,0,0,33301,0,0,34534,1,0,33310,11449,1,132037,0,0;
61390188800;205547,44904,1,-447,513,776,34452,9700,7,34532,9452,7,33290,9522,2,33302,4573,255,32408,0,0,32240,0,0,33301,0,0,34534,1,0,33310,11456,1,132037,0,0;
61491197300;205648,44904,1,-480,434,937,34452,9701,7,34532,9479,8,33290,9507,2,33302,4573,255,32408,0,0,32240,0,0,33301,0,0,34534,1,0,33310,11490,1,132037,0,0;
61689678900;205847,44904,1,-364,538,520,34452,9699,6,34532,1,0,33290,9496,1,33302,4573,255,32408,0,0,32240,0,0,33301,0,0,34534,1,0,33310,11448,1,132037,0,0;
61791016900;205948,44904,1,-427,483,751,34452,9696,6,34532,9473,9,33290,9477,1,33302,4573,255,32408,0,0,32240,0,0,33301,0,0,34534,1,0,33310,11467,1,132037,0,0;
61993136000;206150,44904,1,-471,476,898,34452,9695,7,34532,1,0,33290,9475,2,33302,4572,255,32408,0,0,32240,0,0,33301,0,0,34534,1,0,33310,11467,1,132037,0,0;
62189092300;206346,44904,1,-349,540,477,34452,9699,7,34532,1,0,33290,9502,2,33302,4573,255,32408,0,0,32240,0,0,33301,0,0,34534,1,0,33310,11448,2,132037,0,0;
62392745300;206550,44904,1,-456,503,816,34452,9698,7,34532,1,0,33290,9471,1,33302,4573,255,32408,0,0,32240,0,0,33301,0,0,34534,9379,1,33310,11458,1,132037,0,0;
62489066900;206646,44904,1,-436,493,751,34452,9702,7,34532,1,0,33290,9490,1,33302,4572,255,32408,0,0,32240,0,0,33301,0,0,34534,7750,0,33310,11467,2,132037,0,0;
62988416700;207146,44904,1,-342,559,448,34452,9698,6,34532,1,0,33290,9494,2,33302,4573,255,32408,0,0,32240,0,0,33301,0,0,34534,1,0,33310,11438,1,132037,0,0;
63093124900;207250,44904,1,-362,522,541,34452,9694,7,34532,1,0,33290,9500,1,33302,4573,255,32408,0,0,32240,0,0,33301,0,0,34534,1,0,33310,11451,2,132037,0,0;
63190118800;207347,44904,1,-423,498,719,34452,9699,7,34532,9470,9,33290,9489,1,33302,4573,255,32408,0,0,32240,0,0,33301,0,0,34534,1,0,33310,11463,1,132037,0,0;
63291477100;207449,44904,1,-520,413,1108,34452,9696,7,34532,1,0,33290,9486,2,33302,4573,255,32408,0,0,32240,0,0,33301,0,0,34534,1,0,33310,11493,2,132037,0,0;
63389564000;207547,44904,1,-336,542,442,34452,9699,7,34532,1,0,33290,9507,2,33302,4573,255,32408,0,0,32240,0,0,33301,0,0,34534,1,0,33310,11448,1,132037,0,0;
63491491800;207649,44904,1,-402,513,655,34452,9696,7,34532,9469,10,33290,9513,2,33302,4574,255,32408,0,0,32240,0,0,33301,0,0,34534,9457,0,33310,11455,3,132037,0,0;
63890313500;208047,44904,1,-369,547,546,34452,9693,7,34532,1,0,33290,9483,2,33302,4573,255,32408,0,0,32240,0,0,33301,0,0,34534,1,0,33310,11438,1,132037,0,0;
63988614500;208146,44904,1,-415,508,710,34452,9692,7,34532,1,0,33290,9481,2,33302,4573,255,32408,0,0,32240,0,0,33301,0,0,34534,1,0,33310,11453,1,132037,0,0;
64286059500;208443,44904,1,-374,501,589,34452,9694,7,34532,1,0,33290,9506,1,33302,4572,255,32408,0,0,32240,0,0,33301,0,0,34534,1,0,33310,11460,1,132037,0,0;
64488948400;208646,44904,1,-477,483,902,34452,9697,6,34532,9450,8,33290,1,0,33302,4573,255,32408,0,0,32240,0,0,33301,0,0,34534,1,0,33310,11465,0,132037,0,0;
64591177900;208748,44904,1,-449,475,819,34452,9698,6,34532,1,0,33290,9489,1,33302,4572,255,32408,0,0,32240,0,0,33301,0,0,34534,1,0,33310,11471,1,132037,0,0;
64688130500;208845,44904,1,-437,514,746,34452,9700,6,34532,9456,8,33290,9497,1,33302,4572,255,32408,0,0,32240,0,0,33301,0,0,34534,1,0,33310,11456,1,132037,0,0;
64992401500;209149,44904,1,-370,534,527,34452,9703,7,34532,1,0,33290,9500,1,33302,4573,255,32408,0,0,32240,0,0,33301,0,0,34534,1,0,33310,11453,1,132037,0,0;
65089036900;209246,44904,1,-521,475,1038,34452,9701,7,34532,1,0,33290,9459,1,33302,4572,255,32408,0,0,32240,0,0,33301,0,0,34534,1,0,33310,11470,2,132037,0,0;
65189572900;209347,44904,1,-381,528,578,34452,9698,6,34532,9473,7,33290,9496,0,33302,4573,255,32408,0,0,32240,0,0,33301,0,0,34534,3737,0,33310,11451,1,132037,0,0;
65289177700;209446,44904,1,-477,479,906,34452,9697,7,34532,1,0,33290,9473,1,33302,4573,255,32408,0,0,32240,0,0,33301,0,0,34534,1,0,33310,11467,1,132037,0,0;
65495358500;209652,44904,1,-537,452,1112,34452,9701,6,34532,5291,0,33290,9463,1,33302,4573,255,32408,0,0,32240,0,0,33301,0,0,34534,1,0,33310,11479,1,132037,0,0;
65588075000;209745,44904,1,-466,467,887,34452,9695,6,34532,1,0,33290,9482,2,33302,4573,255,32408,0,0,32240,0,0,33301,0,0,34534,1,0,33310,11471,2,132037,0,0;
65788292200;209945,44904,1,-529,431,1105,34452,9701,6,34532,1,0,33290,9478,2,33302,4574,255,32408,0,0,32240,0,0,33301,0,0,34534,1,0,33310,11489,2,132037,0,0;
65987982300;210145,44904,1,-438,462,789,34452,9699,6,34532,9482,8,33290,9463,1,33302,4573,255,32408,0,0,32240,0,0,33301,0,0,34534,1,0,33310,11478,1,132037,0,0;
66195200900;210352,44904,1,-437,460,809,34452,9693,7,34532,9477,9,33290,9472,1,33302,4572,255,32408,0,0,32240,0,0,33301,0,0,34534,1,0,33310,11474,0,132037,0,0;
66292088000;210449,44904,1,-217,526,161,34452,9693,6,34532,1,0,33290,9564,0,33302,4572,255,32408,0,0,32240,0,0,33301,0,0,34534,1,0,33310,11456,1,132037,0,0;
66885482100;211043,44904,1,-381,502,583,34452,9702,7,34532,1,0,33290,9511,1,33302,4574,255,32408,0,0,32240,0,0,33301,0,0,34534,1,0,33310,11466,1,132037,0,0;
67089299200;211246,44904,1,-485,394,998,34452,9698,6,34532,1,0,33290,9515,1,33302,4573,255,32408,0,0,32240,0,0,33301,0,0,34534,1,0,33310,11505,1,132037,0,0;
67190637400;211348,44904,1,-416,509,664,34452,9707,6,34532,1,0,33290,9496,2,33302,4573,255,32408,0,0,32240,0,0,33301,0,0,34534,1,0,33310,11465,2,132037,0,0;
67285729600;211443,44904,1,-506,424,1052,34452,9695,6,34532,1,0,33290,9486,1,33302,4571,255,32408,0,0,32240,0,0,33301,0,0,34534,1,0,33310,11488,1,132037,0,0;
67390431000;211547,44904,1,-448,472,814,34452,9699,7,34532,1,0,33290,9492,1,33302,4573,255,32408,0,0,32240,0,0,33301,0,0,34534,1,0,33310,11473,1,132037,0,0;
67489898700;211647,44904,1,-592,339,1467,34452,9691,6,34532,0,0,33290,9485,1,33302,4571,255,32408,0,0,32240,0,0,33301,0,0,34534,1,0,33310,11518,1,132037,0,0;
67592232000;211749,44904,1,-442,485,792,34452,9697,6,34532,1,0,33290,9486,1,33302,4573,255,32408,0,0,32240,0,0,33301,0,0,34534,1,0,33310,11466,1,132037,0,0;
67793528300;211951,44904,1,-431,512,742,34452,9696,7,34532,1,0,33290,9476,2,33302,4572,255,32408,0,0,32240,0,0,33301,0,0,34534,1,0,33310,11454,2,132037,0,0;
68087268000;212244,44904,1,-240,615,157,34452,9696,6,34532,1,0,33290,9509,1,33302,4573,255,32408,0,0,32240,0,0,33301,0,0,34534,1,0,33310,11417,0,132037,0,0;
68292547400;212450,44904,1,-360,514,547,34452,9692,6,34532,1,0,33290,9503,1,33302,4572,255,32408,0,0,32240,0,0,33301,0,0,34534,1,0,33310,11453,0,132037,0,0;
68392453100;212549,44904,1,-389,497,637,34452,9693,6,34532,1,0,33290,9500,2,33302,4573,255,32408,0,0,32240,0,0,33301,0,0,34534,1,0,33310,11460,2,132037,0,0;
68486112500;212643,44904,1,-408,535,664,34452,9694,6,34532,1,0,33290,9472,1,33302,4573,255,32408,0,0,32240,0,0,33301,0,0,34534,1,0,33310,11442,1,132037,0,0;
68591678200;212749,44904,1,-511,405,1062,34452,9702,7,34532,1,0,33290,9501,1,33302,4573,255,32408,0,0,32240,0,0,33301,0,0,34534,1,0,33310,11502,2,132037,0,0;
68691676400;212849,44904,1,-534,434,1114,34452,9702,6,34532,1,0,33290,9475,2,33302,4573,255,32408,0,0,32240,0,0,33301,0,0,34534,1,0,33310,11488,1,132037,0,0;
68790815100;212948,44904,1,-415,442,737,34452,9699,6,34532,1,0,33290,9523,2,33302,4573,255,32408,0,0,32240,0,0,33301,0,0,34534,1,0,33310,11488,2,132037,0,0;
69089693300;213247,44904,1,-482,483,898,34452,9703,6,34532,1,0,33290,9475,1,33302,4574,255,32408,0,0,32240,0,0,33301,0,0,34534,1,0,33310,11470,1,132037,0,0;
69189718800;213347,44904,1,-364,538,520,34452,9699,6,34532,1,0,33290,9496,1,33302,4573,255,32408,0,0,32240,0,0,33301,0,0,34534,1,0,33310,11448,1,132037,0,0;
69292293600;213449,44904,1,-387,518,619,34452,9693,7,34532,9470,9,33290,9467,1,33302,4573,255,32408,0,0,32240,0,0,33301,0,0,34534,1,0,33310,11451,1,132037,0,0;
