443818500;1044653,44904,1,1008,528,342,34452,8529,20,34532,8918,17,33290,8912,1,33302,4998,175,32408,0,0,32240,0,0,33301,0,0,34534,0,0,33310,10565,4,132037,0,0;
545831300;1044755,44904,1,1016,529,326,34452,8528,20,34532,8920,17,33290,8913,1,33302,4999,176,32408,0,0,32240,0,0,33301,0,0,34534,0,0,33310,10564,4,132037,0,0;
642955400;1044852,44904,1,1001,521,367,34452,8527,19,34532,8916,17,33290,8911,1,33302,4998,175,32408,0,0,32240,0,0,33301,0,0,34534,0,0,33310,10566,4,132037,0,0;
748136100;1044957,44904,1,999,520,376,34452,8526,20,34532,8915,17,33290,8913,1,33302,4999,175,32408,0,0,32240,0,0,33301,0,0,34534,0,0,33310,10566,4,132037,0,0;
847410100;1045056,44904,1,1011,521,349,34452,8525,20,34532,8919,17,33290,8914,1,33302,4998,175,32408,0,0,32240,0,0,33301,0,0,34534,0,0,33310,10565,3,132037,0,0;
946271800;1045155,44904,1,1003,522,362,34452,8527,20,34532,8917,17,33290,8913,1,33302,4998,177,32408,0,0,32240,0,0,33301,0,0,34534,0,0,33310,10566,3,132037,0,0;
1040994600;1045250,44904,1,1006,522,356,34452,8527,20,34532,8918,18,33290,8914,1,33302,4999,177,32408,0,0,32240,0,0,33301,0,0,34534,0,0,33310,10566,4,132037,0,0;
1147108500;1045356,44904,1,1014,522,344,34452,8525,20,34532,8920,17,33290,8914,1,33302,4998,177,32408,0,0,32240,0,0,33301,0,0,34534,0,0,33310,10565,3,132037,0,0;
1251212500;1045460,44904,1,1009,523,352,34452,8526,20,34532,8918,17,33290,8914,1,33302,4998,176,32408,0,0,32240,0,0,33301,0,0,34534,0,0,33310,10565,3,132037,0,0;
1348857900;1045558,44904,1,1019,524,331,34452,8525,20,34532,8921,17,33290,8914,1,33302,4998,177,32408,0,0,32240,0,0,33301,0,0,34534,0,0,33310,10564,3,132037,0,0;
1441562500;1045650,44904,1,1011,523,346,34452,8526,20,34532,8919,17,33290,8915,1,33302,4999,177,32408,0,0,32240,0,0,33301,0,0,34534,0,0,33310,10565,3,132037,0,0;
1547497000;1045756,44904,1,1005,523,352,34452,8529,21,34532,8919,17,33290,8914,1,33302,4998,177,32408,0,0,32240,0,0,33301,0,0,34534,0,0,33310,10567,3,132037,0,0;
1649724400;1045858,44904,1,1006,524,354,34452,8527,20,34532,8917,17,33290,8913,1,33302,4999,177,32408,0,0,32240,0,0,33301,0,0,34534,0,0,33310,10565,4,132037,0,0;
1749913000;1045959,44904,1,1009,525,349,34452,8526,20,34532,8917,16,33290,8913,1,33302,4998,176,32408,0,0,32240,0,0,33301,0,0,34534,0,0,33310,10564,3,132037,0,0;
1843294600;1046052,44904,1,1009,523,352,34452,8526,20,34532,8918,17,33290,8914,1,33302,4999,177,32408,0,0,32240,0,0,33301,0,0,34534,0,0,33310,10565,4,132037,0,0;
1943796300;1046153,44904,1,1002,527,359,34452,8528,20,34532,8914,17,33290,8915,1,33302,4998,175,32408,0,0,32240,0,0,33301,0,0,34534,0,0,33310,10564,3,132037,0,0;
2047533900;1046256,44904,1,1003,523,358,34452,8528,20,34532,8917,17,33290,8914,1,33302,4998,175,32408,0,0,32240,0,0,33301,0,0,34534,0,0,33310,10566,3,132037,0,0;
2150566300;1046359,44904,1,1014,523,341,34452,8526,20,34532,8920,17,33290,8913,1,33302,4998,174,32408,0,0,32240,0,0,33301,0,0,34534,0,0,33310,10565,3,132037,0,0;
2243328500;1046452,44904,1,999,514,385,34452,8524,20,34532,8916,17,33290,8914,1,33302,4998,172,32408,0,0,32240,0,0,33301,0,0,34534,0,0,33310,10567,3,132037,0,0;
2344928800;1046554,44904,1,1006,520,359,34452,8526,19,34532,8918,16,33290,8913,1,33302,4999,173,32408,0,0,32240,0,0,33301,0,0,34534,0,0,33310,10566,3,132037,0,0;
2444676400;1046653,44904,1,1015,525,331,34452,8528,19,34532,8922,17,33290,8910,1,33302,4998,173,32408,0,0,32240,0,0,33301,0,0,34534,0,0,33310,10566,3,132037,0,0;
2546823600;1046756,44904,1,1009,521,355,34452,8525,20,34532,8918,17,33290,8913,1,33302,4998,173,32408,0,0,32240,0,0,33301,0,0,34534,0,0,33310,10565,3,132037,0,0;
2647721200;1046856,44904,1,1011,528,337,34452,8528,20,34532,8918,17,33290,8913,1,33302,4998,172,32408,0,0,32240,0,0,33301,0,0,34534,0,0,33310,10564,3,132037,0,0;
2746120400;1046955,44904,1,1012,524,347,34452,8525,20,34532,8918,17,33290,8912,1,33302,4999,173,32408,0,0,32240,0,0,33301,0,0,34534,0,0,33310,10564,3,132037,0,0;
2847201700;1047056,44904,1,1003,521,361,34452,8528,19,34532,8918,17,33290,8912,1,33302,4998,173,32408,0,0,32240,0,0,33301,0,0,34534,0,0,33310,10567,3,132037,0,0;
2948644000;1047157,44904,1,1008,522,351,34452,8527,19,34532,8919,17,33290,8912,1,33302,4999,173,32408,0,0,32240,0,0,33301,0,0,34534,0,0,33310,10566,3,132037,0,0;
3046015400;1047255,44904,1,1016,525,332,34452,8527,19,34532,8921,17,33290,8912,1,33302,4998,170,32408,0,0,32240,0,0,33301,0,0,34534,0,0,33310,10565,3,132037,0,0;
3141435100;1047350,44904,1,1003,518,367,34452,8526,18,34532,8918,17,33290,8912,1,33302,4998,171,32408,0,0,32240,0,0,33301,0,0,34534,0,0,33310,10567,3,132037,0,0;
3243975000;1047453,44904,1,1008,529,339,34452,8530,19,34532,8918,18,33290,8913,1,33302,4999,172,32408,0,0,32240,0,0,33301,0,0,34534,0,0,33310,10565,3,132037,0,0;
3344700500;1047554,44904,1,1008,526,344,34452,8529,19,34532,8919,18,33290,8912,1,33302,4998,171,32408,0,0,32240,0,0,33301,0,0,34534,0,0,33310,10566,3,132037,0,0;
3445066300;1047654,44904,1,1004,520,365,34452,8526,19,34532,8917,17,33290,8913,1,33302,4998,171,32408,0,0,32240,0,0,33301,0,0,34534,0,0,33310,10566,3,132037,0,0;
3541704500;1047750,44904,1,1011,519,352,34452,8525,19,34532,8920,17,33290,8911,1,33302,4998,172,32408,0,0,32240,0,0,33301,0,0,34534,0,0,33310,10566,3,132037,0,0;
3645852200;1047854,44904,1,1006,522,356,34452,8527,19,34532,8918,17,33290,8913,1,33302,4998,170,32408,0,0,32240,0,0,33301,0,0,34534,0,0,33310,10566,3,132037,0,0;
3747960300;1047957,44904,1,1003,520,364,34452,8527,20,34532,8918,18,33290,8910,1,33302,4998,172,32408,0,0,32240,0,0,33301,0,0,34534,0,0,33310,10567,3,132037,0,0;
3844981000;1048054,44904,1,1005,525,350,34452,8529,19,34532,8918,17,33290,8913,1,33302,4998,169,32408,0,0,32240,0,0,33301,0,0,34534,0,0,33310,10566,4,132037,0,0;
3940818100;1048150,44904,1,1008,524,347,34452,8528,19,34532,8919,17,33290,8913,1,33302,4998,171,32408,0,0,32240,0,0,33301,0,0,34534,0,0,33310,10566,3,132037,0,0;
4042912500;1048252,44904,1,1011,523,346,34452,8526,19,34532,8919,17,33290,8913,1,33302,4998,172,32408,0,0,32240,0,0,33301,0,0,34534,0,0,33310,10565,3,132037,0,0;
4148266600;1048357,44904,1,1006,522,357,34452,8526,19,34532,8917,17,33290,8911,1,33302,4998,172,32408,0,0,32240,0,0,33301,0,0,34534,0,0,33310,10565,3,132037,0,0;
4245180100;1048454,44904,1,1001,521,367,34452,8527,19,34532,8916,18,33290,8912,1,33302,4998,173,32408,0,0,32240,0,0,33301,0,0,34534,0,0,33310,10566,3,132037,0,0;
4341017600;1048550,44904,1,1012,524,347,34452,8525,19,34532,8918,18,33290,8912,1,33302,4998,172,32408,0,0,32240,0,0,33301,0,0,34534,0,0,33310,10564,3,132037,0,0;
4447546600;1048656,44904,1,1003,523,358,34452,8528,19,34532,8917,18,33290,8911,1,33302,4998,174,32408,0,0,32240,0,0,33301,0,0,34534,0,0,33310,10566,3,132037,0,0;
4547361600;1048756,44904,1,1003,523,358,34452,8528,19,34532,8917,17,33290,8912,1,33302,4999,172,32408,0,0,32240,0,0,33301,0,0,34534,0,0,33310,10566,3,132037,0,0;
4647346600;1048856,44904,1,1001,521,367,34452,8527,19,34532,8916,17,33290,8912,1,33302,4998,172,32408,0,0,32240,0,0,33301,0,0,34534,0,0,33310,10566,3,132037,0,0;
4742663800;1048951,44904,1,1008,526,345,34452,8528,20,34532,8918,18,33290,8911,1,33302,4998,175,32408,0,0,32240,0,0,33301,0,0,34534,0,0,33310,10565,4,132037,0,0;
4844232400;1049053,44904,1,1012,524,347,34452,8525,20,34532,8918,18,33290,8914,1,33302,4999,176,32408,0,0,32240,0,0,33301,0,0,34534,0,0,33310,10564,3,132037,0,0;
4944656500;1049153,44904,1,1006,526,351,34452,8528,20,34532,8917,18,33290,8911,1,33302,4999,176,32408,0,0,32240,0,0,33301,0,0,34534,0,0,33310,10565,3,132037,0,0;
5048781500;1049257,44904,1,1006,524,353,34452,8528,20,34532,8918,18,33290,8911,1,33302,4998,176,32408,0,0,32240,0,0,33301,0,0,34534,0,0,33310,10566,3,132037,0,0;
5147495600;1049356,44904,1,1003,523,358,34452,8528,20,34532,8917,18,33290,8912,1,33302,4999,177,32408,0,0,32240,0,0,33301,0,0,34534,0,0,33310,10566,3,132037,0,0;
5246825000;1049456,44904,1,1011,523,346,34452,8526,20,34532,8919,18,33290,8912,1,33302,4999,177,32408,0,0,32240,0,0,33301,0,0,34534,0,0,33310,10565,3,132037,0,0;
5346313000;1049555,44904,1,996,517,383,34452,8527,20,34532,8916,18,33290,8911,1,33302,4999,177,32408,0,0,32240,0,0,33301,0,0,34534,0,0,33310,10568,3,132037,0,0;
5445695800;1049654,44904,1,1009,524,348,34452,8527,20,34532,8918,18,33290,8913,1,33302,4999,178,32408,0,0,32240,0,0,33301,0,0,34534,0,0,33310,10565,3,132037,0,0;
5541102100;1049750,44904,1,1013,525,337,34452,8527,21,34532,8920,18,33290,8912,1,33302,4999,178,32408,0,0,32240,0,0,33301,0,0,34534,0,0,33310,10565,3,132037,0,0;
5643247900;1049852,44904,1,998,517,378,34452,8526,21,34532,8916,18,33290,8910,1,33302,4998,177,32408,0,0,32240,0,0,33301,0,0,34534,0,0,33310,10567,3,132037,0,0;
5745772600;1049954,44904,1,1010,524,342,34452,8528,21,34532,8920,18,33290,8913,1,33302,4999,177,32408,0,0,32240,0,0,33301,0,0,34534,0,0,33310,10566,3,132037,0,0;
5845544300;1050054,44904,1,1011,527,341,34452,8527,20,34532,8918,18,33290,8909,1,33302,4998,178,32408,0,0,32240,0,0,33301,0,0,34534,9056,0,33310,10564,3,132037,0,0;
5947941200;1050157,44904,1,1001,521,366,34452,8528,20,34532,8917,18,33290,8912,1,33302,4999,177,32408,0,0,32240,0,0,33301,0,0,34534,0,0,33310,10567,3,132037,0,0;
6042716400;1050251,44904,1,998,519,374,34452,8528,20,34532,8917,18,33290,8911,1,33302,4998,178,32408,0,0,32240,0,0,33301,0,0,34534,0,0,33310,10568,3,132037,0,0;
6146961000;1050356,44904,1,1004,521,366,34452,8525,20,34532,8916,17,33290,8914,1,33302,4998,176,32408,0,0,32240,0,0,33301,0,0,34534,0,0,33310,10565,3,132037,0,0;
6245906300;1050455,44904,1,1006,522,357,34452,8526,20,34532,8917,18,33290,8912,1,33302,4999,177,32408,0,0,32240,0,0,33301,0,0,34534,0,0,33310,10565,3,132037,0,0;
6345835200;1050555,44904,1,1003,517,366,34452,8527,20,34532,8919,18,33290,8912,1,33302,4999,175,32408,0,0,32240,0,0,33301,0,0,34534,0,0,33310,10568,3,132037,0,0;
6442459700;1050651,44904,1,1001,519,369,34452,8527,20,34532,8917,17,33290,8913,1,33302,4999,176,32408,0,0,32240,0,0,33301,0,0,34534,0,0,33310,10567,3,132037,0,0;
6543157600;1050752,44904,1,1003,518,367,34452,8526,21,34532,8918,18,33290,8914,1,33302,4998,175,32408,0,0,32240,0,0,33301,0,0,34534,0,0,33310,10567,3,132037,0,0;
6644905000;1050854,44904,1,1009,527,346,34452,8527,20,34532,8917,18,33290,8913,1,33302,4998,175,32408,0,0,32240,0,0,33301,0,0,34534,0,0,33310,10564,3,132037,0,0;
6746848100;1050956,44904,1,999,514,385,34452,8524,20,34532,8916,18,33290,8911,1,33302,4998,175,32408,0,0,32240,0,0,33301,0,0,34534,0,0,33310,10567,3,132037,0,0;
6848011500;1051057,44904,1,1011,526,340,34452,8528,21,34532,8919,18,33290,8914,1,33302,4998,175,32408,0,0,32240,0,0,33301,0,0,34534,0,0,33310,10565,3,132037,0,0;
6943564200;1051152,44904,1,1003,523,358,34452,8528,21,34532,8917,18,33290,8912,1,33302,4998,174,32408,0,0,32240,0,0,33301,0,0,34534,0,0,33310,10566,3,132037,0,0;
7043756200;1051253,44904,1,1003,520,364,34452,8527,20,34532,8918,18,33290,8913,1,33302,4998,172,32408,0,0,32240,0,0,33301,0,0,34534,0,0,33310,10567,3,132037,0,0;
7146229100;1051355,44904,1,1008,521,354,34452,8526,21,34532,8919,18,33290,8912,1,33302,4998,173,32408,0,0,32240,0,0,33301,0,0,34534,0,0,33310,10566,3,132037,0,0;
7246856800;1051456,44904,1,1006,520,359,34452,8526,21,34532,8918,18,33290,8913,1,33302,4998,172,32408,0,0,32240,0,0,33301,0,0,34534,0,0,33310,10566,3,132037,0,0;
7342212900;1051551,44904,1,1012,528,330,34452,8530,21,34532,8921,18,33290,8913,1,33302,4999,172,32408,0,0,32240,0,0,33301,0,0,34534,0,0,33310,10566,3,132037,0,0;
7444828900;1051653,44904,1,1004,520,365,34452,8526,21,34532,8917,18,33290,8908,1,33302,4998,172,32408,0,0,32240,0,0,33301,0,0,34534,0,0,33310,10566,3,132037,0,0;
7543852400;1051753,44904,1,1013,523,340,34452,8527,20,34532,8921,18,33290,8913,1,33302,4999,171,32408,0,0,32240,0,0,33301,0,0,34534,0,0,33310,10566,3,132037,0,0;
7646092800;1051855,44904,1,1003,514,373,34452,8525,20,34532,8919,17,33290,8914,1,33302,4999,172,32408,0,0,32240,0,0,33301,0,0,34534,0,0,33310,10568,3,132037,0,0;
7741484000;1051950,44904,1,1011,521,349,34452,8525,20,34532,8919,18,33290,8914,1,33302,4998,172,32408,0,0,32240,0,0,33301,0,0,34534,0,0,33310,10565,3,132037,0,0;
7844382400;1052053,44904,1,1001,527,358,34452,8529,20,34532,8915,17,33290,8913,1,33302,4999,172,32408,0,0,32240,0,0,33301,0,0,34534,0,0,33310,10565,3,132037,0,0;
7945261900;1052154,44904,1,1006,520,359,34452,8526,19,34532,8918,17,33290,8913,1,33302,4999,172,32408,0,0,32240,0,0,33301,0,0,34534,0,0,33310,10566,3,132037,0,0;
8046032700;1052255,44904,1,1004,527,353,34452,8529,19,34532,8916,18,33290,8912,1,33302,4998,172,32408,0,0,32240,0,0,33301,0,0,34534,0,0,33310,10565,3,132037,0,0;
8146271300;1052355,44904,1,1010,526,339,34452,8529,19,34532,8920,17,33290,8911,1,33302,4998,172,32408,0,0,32240,0,0,33301,0,0,34534,0,0,33310,10566,3,132037,0,0;
8249543100;1052458,44904,1,1005,529,343,34452,8531,19,34532,8918,17,33290,8912,1,33302,4998,172,32408,0,0,32240,0,0,33301,0,0,34534,0,0,33310,10566,3,132037,0,0;
8344729200;1052553,44904,1,1006,520,359,34452,8526,19,34532,8918,17,33290,8913,1,33302,4998,171,32408,0,0,32240,0,0,33301,0,0,34534,0,0,33310,10566,3,132037,0,0;
8445448800;1052654,44904,1,1014,527,335,34452,8527,20,34532,8919,17,33290,8912,1,33302,4998,172,32408,0,0,32240,0,0,33301,0,0,34534,0,0,33310,10564,3,132037,0,0;
8542553800;1052751,44904,1,1009,523,353,34452,8525,20,34532,8917,18,33290,8913,1,33302,4998,171,32408,0,0,32240,0,0,33301,0,0,34534,0,0,33310,10564,4,132037,0,0;
8645694600;1052854,44904,1,1014,527,335,34452,8527,19,34532,8919,18,33290,8914,1,33302,4999,172,32408,0,0,32240,0,0,33301,0,0,34534,0,0,33310,10564,4,132037,0,0;
8745571700;1052954,44904,1,1004,529,351,34452,8529,19,34532,8915,18,33290,8913,1,33302,4999,172,32408,0,0,32240,0,0,33301,0,0,34534,0,0,33310,10564,4,132037,0,0;
8846417200;1053055,44904,1,1015,526,339,34452,8525,19,34532,8918,18,33290,8912,1,33302,4998,172,32408,0,0,32240,0,0,33301,0,0,34534,0,0,33310,10563,4,132037,0,0;
8945375700;1053154,44904,1,1012,527,342,34452,8526,19,34532,8917,18,33290,8912,1,33302,4998,172,32408,0,0,32240,0,0,33301,0,0,34534,0,0,33310,10563,4,132037,0,0;
9042867600;1053252,44904,1,1019,524,331,34452,8525,19,34532,8921,17,33290,8913,1,33302,4998,170,32408,0,0,32240,0,0,33301,0,0,34534,0,0,33310,10564,4,132037,0,0;
9146684200;1053355,44904,1,1006,520,359,34452,8526,19,34532,8918,18,33290,8913,1,33302,4998,171,32408,0,0,32240,0,0,33301,0,0,34534,0,0,33310,10566,4,132037,0,0;
9246430400;1053455,44904,1,1011,528,337,34452,8528,19,34532,8918,18,33290,8913,1,33302,4998,171,32408,0,0,32240,0,0,33301,0,0,34534,0,0,33310,10564,4,132037,0,0;
9343858100;1053553,44904,1,1009,525,349,34452,8526,19,34532,8917,18,33290,8911,1,33302,4998,172,32408,0,0,32240,0,0,33301,0,0,34534,0,0,33310,10564,3,132037,0,0;
9440557100;1053649,44904,1,1006,531,342,34452,8530,20,34532,8916,18,33290,8912,1,33302,4998,173,32408,0,0,32240,0,0,33301,0,0,34534,0,0,33310,10564,4,132037,0,0;
9543326200;1053752,44904,1,1014,529,332,34452,8528,19,34532,8919,17,33290,8912,1,33302,4998,172,32408,0,0,32240,0,0,33301,0,0,34534,0,0,33310,10564,3,132037,0,0;
9651002400;1053860,44904,1,1004,524,359,34452,8527,19,34532,8916,18,33290,8910,1,33302,4998,173,32408,0,0,32240,0,0,33301,0,0,34534,0,0,33310,10565,3,132037,0,0;
9746678600;1053955,44904,1,1006,520,359,34452,8526,19,34532,8918,17,33290,8912,1,33302,4998,174,32408,0,0,32240,0,0,33301,0,0,34534,0,0,33310,10566,4,132037,0,0;
9845865600;1054055,44904,1,1014,527,335,34452,8527,19,34532,8919,18,33290,8914,1,33302,4998,174,32408,0,0,32240,0,0,33301,0,0,34534,0,0,33310,10564,3,132037,0,0;
9944417600;1054153,44904,1,1011,527,341,34452,8527,20,34532,8918,18,33290,8912,1,33302,4998,173,32408,0,0,32240,0,0,33301,0,0,34534,0,0,33310,10564,4,132037,0,0;
10046072200;1054255,44904,1,1011,528,337,34452,8528,20,34532,8918,18,33290,8911,1,33302,4999,174,32408,0,0,32240,0,0,33301,0,0,34534,0,0,33310,10564,3,132037,0,0;
10146452800;1054355,44904,1,1014,529,332,34452,8528,20,34532,8919,18,33290,8911,1,33302,4998,175,32408,0,0,32240,0,0,33301,0,0,34534,0,0,33310,10564,3,132037,0,0;
10244294300;1054453,44904,1,1001,524,365,34452,8527,20,34532,8915,18,33290,8918,2,33302,4998,174,32408,0,0,32240,0,0,33301,0,0,34534,0,0,33310,10565,3,132037,0,0;
10345940500;1054555,44904,1,1013,530,329,34452,8529,20,34532,8919,18,33290,8912,1,33302,4998,175,32408,0,0,32240,0,0,33301,0,0,34534,8953,0,33310,10564,4,132037,0,0;
10443412900;1054652,44904,1,1018,529,320,34452,8529,19,34532,8922,18,33290,8916,2,33302,4998,176,32408,0,0,32240,0,0,33301,0,0,34534,8997,0,33310,10565,3,132037,0,0;
10545216200;1054754,44904,1,1005,520,358,34452,8527,20,34532,8919,18,33290,8912,1,33302,4999,176,32408,0,0,32240,0,0,33301,0,0,34534,0,0,33310,10567,3,132037,0,0;
10645299800;1054854,44904,1,1006,520,359,34452,8526,20,34532,8918,18,33290,8911,1,33302,4997,176,32408,0,0,32240,0,0,33301,0,0,34534,0,0,33310,10566,3,132037,0,0;
10746482100;1054955,44904,1,1014,524,342,34452,8525,20,34532,8919,18,33290,8911,1,33302,4998,176,32408,0,0,32240,0,0,33301,0,0,34534,0,0,33310,10564,3,132037,0,0;
10842112400;1055051,44904,1,1005,525,350,34452,8529,20,34532,8918,18,33290,8912,1,33302,4998,176,32408,0,0,32240,0,0,33301,0,0,34534,0,0,33310,10566,4,132037,0,0;
10947065000;1055156,44904,1,1027,537,298,34452,8528,20,34532,8921,19,33290,8915,1,33302,4999,177,32408,0,0,32240,0,0,33301,0,0,34534,9386,0,33310,10561,4,132037,0,0;
11046562600;1055255,44904,1,979,515,423,34452,8526,20,34532,8908,17,33290,8909,1,33302,4999,178,32408,0,0,32240,0,0,33301,0,0,34534,8940,0,33310,10567,4,132037,0,0;
11144574400;1055353,44904,1,1003,522,362,34452,8527,20,34532,8917,17,33290,8912,1,33302,4998,176,32408,0,0,32240,0,0,33301,0,0,34534,9012,0,33310,10566,3,132037,0,0;
11246141700;1055455,44904,1,1008,528,342,34452,8529,20,34532,8918,18,33290,8912,1,33302,4999,178,32408,0,0,32240,0,0,33301,0,0,34534,0,0,33310,10565,3,132037,0,0;
11343560900;1055552,44904,1,1005,523,364,34452,8525,20,34532,8915,18,33290,8909,1,33302,4999,179,32408,0,0,32240,0,0,33301,0,0,34534,5229,0,33310,10564,3,132037,0,0;
11450254500;1055659,44904,1,995,514,384,34452,8528,20,34532,8918,18,33290,8908,2,33302,4999,178,32408,0,0,32240,0,0,33301,0,0,34534,9078,0,33310,10570,4,132037,0,0;
11549756900;1055758,44904,1,976,517,433,34452,8525,20,34532,1,0,33290,8918,2,33302,4999,178,32408,0,0,32240,0,0,33301,0,0,34534,9061,0,33310,10565,3,132037,0,0;
11645637500;1055854,44904,1,1005,527,346,34452,8530,20,34532,8918,18,33290,8915,1,33302,4998,178,32408,0,0,32240,0,0,33301,0,0,34534,8982,0,33310,10566,3,132037,0,0;
11740827900;1055950,44904,1,1010,519,351,34452,8526,20,34532,8921,18,33290,8910,1,33302,4998,178,32408,0,0,32240,0,0,33301,0,0,34534,5285,0,33310,10567,3,132037,0,0;
11844274200;1056053,44904,1,1003,523,357,34452,8529,20,34532,8918,18,33290,8911,1,33302,4999,178,32408,0,0,32240,0,0,33301,0,0,34534,5236,0,33310,10567,3,132037,0,0;
11943803800;1056153,44904,1,1006,526,351,34452,8528,20,34532,8917,17,33290,8911,1,33302,4999,178,32408,0,0,32240,0,0,33301,0,0,34534,5288,0,33310,10565,3,132037,0,0;
12045545900;1056254,44904,1,985,505,418,34452,8526,20,34532,8916,16,33290,8905,1,33302,4998,177,32408,0,0,32240,0,0,33301,0,0,34534,8950,0,33310,10572,3,132037,0,0;
12145091200;1056354,44904,1,886,435,703,34452,8527,20,34532,8908,17,33290,8913,1,33302,4998,177,32408,0,0,32240,0,0,33301,0,0,34534,8933,0,33310,10601,3,132037,0,0;
12242243300;1056451,44904,1,984,519,404,34452,8528,20,34532,1,0,33290,8924,2,33302,4999,178,32408,0,0,32240,0,0,33301,0,0,34534,9631,0,33310,10567,3,132037,0,0;
12342779900;1056551,44904,1,1009,528,343,34452,8528,20,34532,8917,18,33290,8913,1,33302,4998,177,32408,0,0,32240,0,0,33301,0,0,34534,0,0,33310,10564,3,132037,0,0;
12443161400;1056652,44904,1,1016,527,329,34452,8528,19,34532,8921,18,33290,8912,1,33302,4999,177,32408,0,0,32240,0,0,33301,0,0,34534,0,0,33310,10565,3,132037,0,0;
12547447000;1056756,44904,1,992,521,390,34452,8526,19,34532,8911,17,33290,8914,1,33302,4998,177,32408,0,0,32240,0,0,33301,0,0,34534,8927,0,33310,10565,3,132037,0,0;
12643240500;1056852,44904,1,1019,528,325,34452,8526,19,34532,8920,18,33290,8911,1,33302,4999,177,32408,0,0,32240,0,0,33301,0,0,34534,9603,0,33310,10563,3,132037,0,0;
12747509200;1056956,44904,1,1020,524,323,34452,8527,20,34532,8924,19,33290,8914,1,33302,5000,177,32408,0,0,32240,0,0,33301,0,0,34534,9004,0,33310,10566,3,132037,0,0;
12845233900;1057054,44904,1,984,517,408,34452,8527,20,34532,8910,18,33290,8908,1,33302,4999,178,32408,0,0,32240,0,0,33301,0,0,34534,8961,0,33310,10567,3,132037,0,0;
12944480300;1057153,44904,1,1020,527,318,34452,8528,20,34532,8923,18,33290,8911,2,33302,4998,176,32408,0,0,32240,0,0,33301,0,0,34534,0,0,33310,10565,3,132037,0,0;
13039907800;1057249,44904,1,998,517,377,34452,8527,20,34532,8917,18,33290,8912,1,33302,4999,176,32408,0,0,32240,0,0,33301,0,0,34534,9029,0,33310,10568,3,132037,0,0;
13144201400;1057353,44904,1,1006,519,363,34452,8525,20,34532,8918,18,33290,8911,1,33302,4999,177,32408,0,0,32240,0,0,33301,0,0,34534,0,0,33310,10566,3,132037,0,0;
13243979300;1057453,44904,1,1016,529,326,34452,8528,20,34532,8920,18,33290,8911,1,33302,4999,176,32408,0,0,32240,0,0,33301,0,0,34534,5282,0,33310,10564,3,132037,0,0;
13345750900;1057555,44904,1,1008,520,353,34452,8527,20,34532,8920,18,33290,8910,1,33302,4998,174,32408,0,0,32240,0,0,33301,0,0,34534,5345,0,33310,10567,3,132037,0,0;
13439989300;1057649,44904,1,1009,524,348,34452,8527,20,34532,8918,17,33290,8908,1,33302,4998,175,32408,0,0,32240,0,0,33301,0,0,34534,5237,0,33310,10565,3,132037,0,0;
13546312500;1057755,44904,1,1011,523,346,34452,8526,20,34532,8919,17,33290,8912,1,33302,4999,176,32408,0,0,32240,0,0,33301,0,0,34534,8955,0,33310,10565,3,132037,0,0;
13644439700;1057853,44904,1,1019,528,325,34452,8526,20,34532,8920,17,33290,8910,1,33302,4998,174,32408,0,0,32240,0,0,33301,0,0,34534,5261,0,33310,10563,3,132037,0,0;
13744879700;1057954,44904,1,1008,520,353,34452,8527,20,34532,8920,17,33290,8912,1,33302,4998,174,32408,0,0,32240,0,0,33301,0,0,34534,5040,0,33310,10567,3,132037,0,0;
13842482600;1058051,44904,1,1008,519,356,34452,8526,20,34532,8920,17,33290,8913,1,33302,4998,174,32408,0,0,32240,0,0,33301,0,0,34534,5198,0,33310,10567,3,132037,0,0;
13943298400;1058152,44904,1,1006,519,363,34452,8525,20,34532,8918,17,33290,8911,1,33302,4998,175,32408,0,0,32240,0,0,33301,0,0,34534,9011,0,33310,10566,3,132037,0,0;
14043789900;1058253,44904,1,1020,523,322,34452,8528,20,34532,8925,18,33290,8913,1,33302,4998,175,32408,0,0,32240,0,0,33301,0,0,34534,8997,0,33310,10567,3,132037,0,0;
14144745900;1058354,44904,1,980,509,423,34452,8527,20,34532,8913,18,33290,8909,1,33302,4998,175,32408,0,0,32240,0,0,33301,0,0,34534,8973,0,33310,10571,3,132037,0,0;
14246682500;1058455,44904,1,995,505,400,34452,8524,20,34532,8919,18,33290,8910,2,33302,4999,175,32408,0,0,32240,0,0,33301,0,0,34534,8904,0,33310,10571,3,132037,0,0;
14342967200;1058552,44904,1,996,523,375,34452,8528,20,34532,8914,17,33290,8911,1,33302,4998,173,32408,0,0,32240,0,0,33301,0,0,34534,0,0,33310,10566,3,132037,0,0;
14443899500;1058653,44904,1,1001,519,369,34452,8527,20,34532,8917,17,33290,8912,1,33302,4999,175,32408,0,0,32240,0,0,33301,0,0,34534,0,0,33310,10567,3,132037,0,0;
14544526700;1058753,44904,1,998,521,372,34452,8528,20,34532,8916,17,33290,8915,1,33302,4999,174,32408,0,0,32240,0,0,33301,0,0,34534,0,0,33310,10567,3,132037,0,0;
14648150400;1058857,44904,1,1000,512,381,34452,8525,20,34532,8919,17,33290,8909,1,33302,4999,173,32408,0,0,32240,0,0,33301,0,0,34534,0,0,33310,10569,3,132037,0,0;
14744295400;1058953,44904,1,986,516,405,34452,8527,21,34532,8912,17,33290,8906,1,33302,4999,174,32408,0,0,32240,0,0,33301,0,0,34534,0,0,33310,10568,3,132037,0,0;
14845190900;1059054,44904,1,987,522,398,34452,8527,21,34532,8909,17,33290,8911,1,33302,4998,174,32408,0,0,32240,0,0,33301,0,0,34534,8982,0,33310,10565,3,132037,0,0;
14943517500;1059152,44904,1,954,513,487,34452,8525,20,34532,1,0,33290,8910,1,33302,4998,173,32408,0,0,32240,0,0,33301,0,0,34534,8909,0,33310,10566,3,132037,0,0;
15044287500;1059253,44904,1,1012,524,347,34452,8525,21,34532,8918,18,33290,8912,1,33302,4998,174,32408,0,0,32240,0,0,33301,0,0,34534,0,0,33310,10564,3,132037,0,0;
15146818600;1059356,44904,1,1006,527,347,34452,8529,20,34532,8917,18,33290,8911,1,33302,4998,173,32408,0,0,32240,0,0,33301,0,0,34534,0,0,33310,10565,3,132037,0,0;
15242203900;1059451,44904,1,991,512,400,34452,8526,20,34532,8915,17,33290,8912,1,33302,4998,174,32408,0,0,32240,0,0,33301,0,0,34534,8922,0,33310,10569,3,132037,0,0;
15344905900;1059554,44904,1,1010,529,345,34452,8526,20,34532,8915,17,33290,8917,1,33302,4998,172,32408,0,0,32240,0,0,33301,0,0,34534,9043,0,33310,10562,3,132037,0,0;
15445329100;1059654,44904,1,984,512,417,34452,8525,20,34532,8911,16,33290,8912,1,33302,4999,173,32408,0,0,32240,0,0,33301,0,0,34534,0,0,33310,10568,3,132037,0,0;
15544248000;1059753,44904,1,996,521,378,34452,8527,20,34532,8914,17,33290,8912,1,33302,4999,171,32408,0,0,32240,0,0,33301,0,0,34534,0,0,33310,10566,3,132037,0,0;
15643617100;1059852,44904,1,982,515,417,34452,8526,20,34532,8909,18,33290,8908,1,33302,4998,172,32408,0,0,32240,0,0,33301,0,0,34534,0,0,33310,10567,4,132037,0,0;
15747758500;1059956,44904,1,999,520,376,34452,8526,20,34532,8915,18,33290,8911,1,33302,4998,172,32408,0,0,32240,0,0,33301,0,0,34534,0,0,33310,10566,3,132037,0,0;
15844122900;1060053,44904,1,1008,526,345,34452,8528,20,34532,8918,18,33290,8911,1,33302,4999,172,32408,0,0,32240,0,0,33301,0,0,34534,0,0,33310,10565,3,132037,0,0;
15944044300;1060153,44904,1,1014,522,344,34452,8525,20,34532,8920,18,33290,8911,1,33302,4998,171,32408,0,0,32240,0,0,33301,0,0,34534,0,0,33310,10565,3,132037,0,0;
16045793600;1060255,44904,1,1003,521,361,34452,8528,20,34532,8918,18,33290,8913,1,33302,4998,170,32408,0,0,32240,0,0,33301,0,0,34534,0,0,33310,10567,3,132037,0,0;
16146632800;1060355,44904,1,1006,524,353,34452,8528,20,34532,8918,17,33290,8912,1,33302,4998,170,32408,0,0,32240,0,0,33301,0,0,34534,9024,0,33310,10566,3,132037,0,0;
16242544700;1060451,44904,1,991,518,392,34452,8527,20,34532,8913,18,33290,8914,1,33302,4998,170,32408,0,0,32240,0,0,33301,0,0,34534,0,0,33310,10567,3,132037,0,0;
16344380000;1060553,44904,1,1010,520,347,34452,8527,20,34532,8921,18,33290,8911,1,33302,4998,169,32408,0,0,32240,0,0,33301,0,0,34534,9001,0,33310,10567,3,132037,0,0;
16444646000;1060653,44904,1,1011,523,345,34452,8527,19,34532,8920,18,33290,8909,1,33302,4999,168,32408,0,0,32240,0,0,33301,0,0,34534,0,0,33310,10566,3,132037,0,0;
16542337600;1060751,44904,1,1001,518,373,34452,8526,20,34532,8917,18,33290,8910,1,33302,4998,168,32408,0,0,32240,0,0,33301,0,0,34534,9013,0,33310,10567,3,132037,0,0;
16643833700;1060853,44904,1,1015,524,330,34452,8529,20,34532,8923,17,33290,8913,1,33302,4998,168,32408,0,0,32240,0,0,33301,0,0,34534,8981,0,33310,10567,3,132037,0,0;
16743495700;1060952,44904,1,989,518,397,34452,8527,19,34532,8912,17,33290,8904,1,33302,4998,167,32408,0,0,32240,0,0,33301,0,0,34534,8992,0,33310,10567,3,132037,0,0;
16845749400;1061054,44904,1,998,524,366,34452,8529,19,34532,8915,19,33290,8911,1,33302,4998,168,32408,0,0,32240,0,0,33301,0,0,34534,8898,0,33310,10566,3,132037,0,0;
16944830700;1061154,44904,1,1010,520,346,34452,8528,19,34532,8922,18,33290,8917,1,33302,4998,166,32408,0,0,32240,0,0,33301,0,0,34534,9553,0,33310,10568,3,132037,0,0;
17045991500;1061255,44904,1,1003,521,361,34452,8528,19,34532,8918,17,33290,8915,1,33302,4998,167,32408,0,0,32240,0,0,33301,0,0,34534,8992,0,33310,10567,3,132037,0,0;
17143872300;1061353,44904,1,1008,522,351,34452,8527,19,34532,8919,17,33290,8911,1,33302,4998,164,32408,0,0,32240,0,0,33301,0,0,34534,9016,0,33310,10566,3,132037,0,0;
17244180100;1061453,44904,1,996,517,384,34452,8526,19,34532,8915,18,33290,8909,1,33302,4998,168,32408,0,0,32240,0,0,33301,0,0,34534,8997,0,33310,10567,3,132037,0,0;
17342652300;1061551,44904,1,1020,524,323,34452,8527,19,34532,8924,19,33290,8911,1,33302,4998,168,32408,0,0,32240,0,0,33301,0,0,34534,8989,0,33310,10566,3,132037,0,0;
17444656100;1061653,44904,1,998,522,368,34452,8529,19,34532,8916,17,33290,8908,1,33302,4999,167,32408,0,0,32240,0,0,33301,0,0,34534,9750,0,33310,10567,3,132037,0,0;
17542941100;1061752,44904,1,975,522,423,34452,8528,19,34532,1,0,33290,8918,2,33302,4997,166,32408,0,0,32240,0,0,33301,0,0,34534,9025,0,33310,10565,3,132037,0,0;
17643729500;1061852,44904,1,981,522,404,34452,8530,19,34532,8909,16,33290,8908,1,33302,4998,165,32408,0,0,32240,0,0,33301,0,0,34534,8932,0,33310,10567,3,132037,0,0;
17744085600;1061953,44904,1,1003,521,361,34452,8528,20,34532,8918,19,33290,8908,1,33302,4999,168,32408,0,0,32240,0,0,33301,0,0,34534,9018,0,33310,10567,3,132037,0,0;
17841457400;1062050,44904,1,996,517,383,34452,8527,19,34532,8916,18,33290,8912,1,33302,4998,167,32408,0,0,32240,0,0,33301,0,0,34534,0,0,33310,10568,3,132037,0,0;
17946677300;1062155,44904,1,1003,522,362,34452,8527,20,34532,8917,18,33290,8911,1,33302,4998,167,32408,0,0,32240,0,0,33301,0,0,34534,0,0,33310,10566,3,132037,0,0;
18044263100;1062253,44904,1,1008,522,350,34452,8528,20,34532,8920,19,33290,8911,1,33302,4999,168,32408,0,0,32240,0,0,33301,0,0,34534,0,0,33310,10567,3,132037,0,0;
18143944600;1062353,44904,1,991,513,401,34452,8525,19,34532,8914,17,33290,8916,1,33302,4997,166,32408,0,0,32240,0,0,33301,0,0,34534,9692,0,33310,10568,3,132037,0,0;
18239535200;1062448,44904,1,996,519,382,34452,8526,19,34532,8914,18,33290,8906,1,33302,4998,168,32408,0,0,32240,0,0,33301,0,0,34534,9049,0,33310,10566,3,132037,0,0;
18342678100;1062551,44904,1,988,507,414,34452,8524,20,34532,8915,17,33290,8911,1,33302,4998,167,32408,0,0,32240,0,0,33301,0,0,34534,0,0,33310,10570,3,132037,0,0;
18445119200;1062654,44904,1,1003,518,367,34452,8526,20,34532,8918,18,33290,8911,1,33302,4998,168,32408,0,0,32240,0,0,33301,0,0,34534,0,0,33310,10567,3,132037,0,0;
18547620400;1062753,44904,1,1000,519,369,34452,8528,20,34532,8918,17,33290,8912,1,33302,4998,169,32408,0,0,32240,0,0,33301,0,0,34534,0,0,33310,10568,3,132037,0,0;
18641631600;1062850,44904,1,1005,520,358,34452,8527,20,34532,8919,18,33290,8911,1,33302,4998,169,32408,0,0,32240,0,0,33301,0,0,34534,0,0,33310,10567,3,132037,0,0;
18743801400;1062953,44904,1,994,515,393,34452,8525,20,34532,8914,17,33290,8917,1,33302,4998,169,32408,0,0,32240,0,0,33301,0,0,34534,0,0,33310,10567,3,132037,0,0;
18842695900;1063051,44904,1,992,515,398,34452,8525,20,34532,8913,18,33290,8907,1,33302,4998,171,32408,0,0,32240,0,0,33301,0,0,34534,8994,0,33310,10567,3,132037,0,0;
18944937600;1063154,44904,1,979,516,419,34452,8528,21,34532,8909,19,33290,8914,1,33302,5000,172,32408,0,0,32240,0,0,33301,0,0,34534,8975,0,33310,10568,3,132037,0,0;
19041116900;1063250,44904,1,998,519,375,34452,8527,20,34532,8916,18,33290,8913,1,33302,4999,172,32408,0,0,32240,0,0,33301,0,0,34534,0,0,33310,10567,3,132037,0,0;
19142878100;1063352,44904,1,1001,519,369,34452,8527,20,34532,8917,17,33290,8911,1,33302,4998,172,32408,0,0,32240,0,0,33301,0,0,34534,0,0,33310,10567,3,132037,0,0;
19243809500;1063453,44904,1,1000,516,375,34452,8526,21,34532,8918,17,33290,8913,1,33302,4998,173,32408,0,0,32240,0,0,33301,0,0,34534,0,0,33310,10568,3,132037,0,0;
19343262900;1063552,44904,1,1000,515,374,34452,8527,21,34532,8919,18,33290,8914,1,33302,4998,173,32408,0,0,32240,0,0,33301,0,0,34534,9032,0,33310,10569,3,132037,0,0;
19441459800;1063650,44904,1,971,506,449,34452,8526,21,34532,8909,18,33290,8914,1,33302,4998,174,32408,0,0,32240,0,0,33301,0,0,34534,8938,0,33310,10571,3,132037,0,0;
19543440500;1063752,44904,1,1009,541,335,34452,8528,21,34532,8910,18,33290,8918,1,33302,4998,175,32408,0,0,32240,0,0,33301,0,0,34534,9026,0,33310,10558,3,132037,0,0;
19643556300;1063852,44904,1,1024,525,320,34452,8525,21,34532,8923,18,33290,8911,1,33302,4998,174,32408,0,0,32240,0,0,33301,0,0,34534,8994,0,33310,10564,4,132037,0,0;
19743645500;1063952,44904,1,996,519,381,34452,8527,21,34532,8915,17,33290,8914,1,33302,4998,175,32408,0,0,32240,0,0,33301,0,0,34534,0,0,33310,10567,3,132037,0,0;
19839779800;1064049,44904,1,1010,522,344,34452,8528,21,34532,8921,18,33290,8910,1,33302,4998,176,32408,0,0,32240,0,0,33301,0,0,34534,8969,0,33310,10567,3,132037,0,0;
19943740400;1064152,44904,1,1004,522,363,34452,8526,20,34532,8916,17,33290,8912,1,33302,4998,175,32408,0,0,32240,0,0,33301,0,0,34534,0,0,33310,10565,3,132037,0,0;
20048258300;1064257,44904,1,1015,524,343,34452,8524,20,34532,8918,17,33290,8912,1,33302,4998,176,32408,0,0,32240,0,0,33301,0,0,34534,9848,0,33310,10563,3,132037,0,0;
20143709400;1064353,44904,1,990,522,393,34452,8527,20,34532,8910,17,33290,8910,1,33302,4999,177,32408,0,0,32240,0,0,33301,0,0,34534,0,0,33310,10565,3,132037,0,0;
20239786200;1064449,44904,1,1012,529,339,34452,8526,20,34532,8916,18,33290,8914,1,33302,4998,177,32408,0,0,32240,0,0,33301,0,0,34534,9003,0,33310,10562,3,132037,0,0;
20343345800;1064552,44904,1,980,519,418,34452,8526,20,34532,8906,18,33290,8913,1,33302,4998,177,32408,0,0,32240,0,0,33301,0,0,34534,9032,0,33310,10565,3,132037,0,0;
20445174700;1064654,44904,1,1001,518,374,34452,8525,21,34532,8916,18,33290,8912,1,33302,4998,177,32408,0,0,32240,0,0,33301,0,0,34534,9009,0,33310,10566,3,132037,0,0;
20544215100;1064753,44904,1,1012,525,344,34452,8526,20,34532,8918,18,33290,8909,1,33302,4999,178,32408,0,0,32240,0,0,33301,0,0,34534,0,0,33310,10564,3,132037,0,0;
20643333400;1064852,44904,1,1016,521,337,34452,8526,20,34532,8922,18,33290,8914,1,33302,4999,177,32408,0,0,32240,0,0,33301,0,0,34534,0,0,33310,10566,3,132037,0,0;
20739551100;1064948,44904,1,1031,532,296,34452,8526,20,34532,8924,18,33290,8915,1,33302,4998,177,32408,0,0,32240,0,0,33301,0,0,34534,9674,0,33310,10562,3,132037,0,0;
20843842200;1065053,44904,1,1014,533,326,34452,8529,21,34532,8918,17,33290,8915,1,33302,4998,178,32408,0,0,32240,0,0,33301,0,0,34534,0,0,33310,10563,3,132037,0,0;
20947609000;1065156,44904,1,1012,529,327,34452,8531,21,34532,8921,18,33290,8913,1,33302,4998,176,32408,0,0,32240,0,0,33301,0,0,34534,0,0,33310,10566,3,132037,0,0;
21043574800;1065252,44904,1,996,523,375,34452,8528,21,34532,8914,17,33290,8913,1,33302,4998,178,32408,0,0,32240,0,0,33301,0,0,34534,0,0,33310,10566,3,132037,0,0;
21145009300;1065354,44904,1,1003,521,361,34452,8528,21,34532,8918,17,33290,8910,1,33302,4998,177,32408,0,0,32240,0,0,33301,0,0,34534,0,0,33310,10567,3,132037,0,0;
21240126900;1065449,44904,1,1009,525,349,34452,8526,20,34532,8917,17,33290,8912,1,33302,4998,177,32408,0,0,32240,0,0,33301,0,0,34534,0,0,33310,10564,3,132037,0,0;
21343779500;1065553,44904,1,997,515,380,34452,8527,20,34532,8918,17,33290,8914,1,33302,4999,177,32408,0,0,32240,0,0,33301,0,0,34534,0,0,33310,10569,3,132037,0,0;
21445048000;1065654,44904,1,1008,517,359,34452,8525,19,34532,8920,17,33290,8911,1,33302,4999,176,32408,0,0,32240,0,0,33301,0,0,34534,8998,0,33310,10567,3,132037,0,0;
21544359000;1065753,44904,1,1013,537,328,34452,8528,20,34532,8914,17,33290,8912,1,33302,4998,176,32408,0,0,32240,0,0,33301,0,0,34534,8968,0,33310,10560,3,132037,0,0;
21639743400;1065849,44904,1,1003,521,361,34452,8528,20,34532,8918,17,33290,8913,1,33302,4998,176,32408,0,0,32240,0,0,33301,0,0,34534,0,0,33310,10567,3,132037,0,0;
21741862200;1065951,44904,1,1006,522,356,34452,8527,20,34532,8918,17,33290,8913,1,33302,4998,174,32408,0,0,32240,0,0,33301,0,0,34534,0,0,33310,10566,3,132037,0,0;
21843099900;1066052,44904,1,1009,521,355,34452,8525,20,34532,8918,17,33290,8913,1,33302,4999,177,32408,0,0,32240,0,0,33301,0,0,34534,0,0,33310,10565,3,132037,0,0;
21945199200;1066154,44904,1,1007,532,343,34452,8529,20,34532,8915,17,33290,8917,1,33302,4998,176,32408,0,0,32240,0,0,33301,0,0,34534,0,0,33310,10563,3,132037,0,0;
22041496900;1066250,44904,1,1019,535,313,34452,8529,20,34532,8919,18,33290,8912,1,33302,4999,177,32408,0,0,32240,0,0,33301,0,0,34534,8963,0,33310,10562,3,132037,0,0;
22143708700;1066352,44904,1,1001,523,364,34452,8528,20,34532,8916,17,33290,8913,1,33302,4998,175,32408,0,0,32240,0,0,33301,0,0,34534,0,0,33310,10566,3,132037,0,0;
22246095600;1066455,44904,1,995,514,384,34452,8528,20,34532,8918,17,33290,8909,1,33302,4998,175,32408,0,0,32240,0,0,33301,0,0,34534,0,0,33310,10570,3,132037,0,0;
22344823600;1066553,44904,1,1014,520,347,34452,8524,20,34532,8920,17,33290,8911,1,33302,4998,175,32408,0,0,32240,0,0,33301,0,0,34534,0,0,33310,10565,3,132037,0,0;
22441724600;1066651,44904,1,995,514,397,34452,8523,20,34532,8913,18,33290,8912,1,33302,4998,175,32408,0,0,32240,0,0,33301,0,0,34534,9026,0,33310,10566,3,132037,0,0;
22544230600;1066753,44904,1,1001,521,367,34452,8527,20,34532,8916,17,33290,8910,1,33302,4998,174,32408,0,0,32240,0,0,33301,0,0,34534,9007,0,33310,10566,3,132037,0,0;
22642589000;1066851,44904,1,1014,525,338,34452,8526,20,34532,8919,17,33290,8914,1,33302,4998,174,32408,0,0,32240,0,0,33301,0,0,34534,0,0,33310,10564,3,132037,0,0;
22744219400;1066953,44904,1,1012,524,347,34452,8525,20,34532,8918,17,33290,8909,1,33302,4998,174,32408,0,0,32240,0,0,33301,0,0,34534,0,0,33310,10564,3,132037,0,0;
22841371000;1067050,44904,1,990,528,384,34452,8529,19,34532,8909,17,33290,8910,1,33302,4998,173,32408,0,0,32240,0,0,33301,0,0,34534,0,0,33310,10564,3,132037,0,0;
22944596500;1067153,44904,1,1010,529,345,34452,8526,20,34532,8915,18,33290,8909,1,33302,4998,173,32408,0,0,32240,0,0,33301,0,0,34534,0,0,33310,10562,3,132037,0,0;
23045808900;1067254,44904,1,1001,519,369,34452,8527,20,34532,8917,18,33290,8913,1,33302,4998,170,32408,0,0,32240,0,0,33301,0,0,34534,9027,0,33310,10567,4,132037,0,0;
23142861800;1067352,44904,1,1004,520,365,34452,8526,20,34532,8917,18,33290,8913,1,33302,4998,171,32408,0,0,32240,0,0,33301,0,0,34534,0,0,33310,10566,3,132037,0,0;
23239484000;1067448,44904,1,1004,526,356,34452,8528,20,34532,8916,17,33290,8913,1,33302,4999,174,32408,0,0,32240,0,0,33301,0,0,34534,0,0,33310,10565,4,132037,0,0;
23342935500;1067552,44904,1,1003,522,362,34452,8527,20,34532,8917,18,33290,8912,1,33302,4998,172,32408,0,0,32240,0,0,33301,0,0,34534,0,0,33310,10566,3,132037,0,0;
23447376800;1067656,44904,1,995,525,379,34452,8527,21,34532,8911,17,33290,8910,1,33302,4998,173,32408,0,0,32240,0,0,33301,0,0,34534,8984,0,33310,10564,3,132037,0,0;
23545477900;1067754,44904,1,1006,527,347,34452,8529,20,34532,8917,17,33290,8915,1,33302,4999,171,32408,0,0,32240,0,0,33301,0,0,34534,0,0,33310,10565,3,132037,0,0;
23643871000;1067853,44904,1,1009,530,340,34452,8529,21,34532,8917,17,33290,8910,1,33302,4998,171,32408,0,0,32240,0,0,33301,0,0,34534,9052,0,33310,10564,3,132037,0,0;
23740914100;1067950,44904,1,1029,535,295,34452,8528,21,34532,8923,17,33290,8913,1,33302,4998,171,32408,0,0,32240,0,0,33301,0,0,34534,0,0,33310,10562,3,132037,0,0;
23842525800;1068051,44904,1,1011,528,337,34452,8528,21,34532,8918,17,33290,8913,1,33302,4998,171,32408,0,0,32240,0,0,33301,0,0,34534,0,0,33310,10564,3,132037,0,0;
23944579700;1068153,44904,1,1012,525,344,34452,8526,21,34532,8918,18,33290,8913,1,33302,4999,171,32408,0,0,32240,0,0,33301,0,0,34534,0,0,33310,10564,3,132037,0,0;
24042921300;1068252,44904,1,1023,536,310,34452,8527,21,34532,8918,17,33290,8911,1,33302,4998,170,32408,0,0,32240,0,0,33301,0,0,34534,0,0,33310,10560,3,132037,0,0;
24143914300;1068353,44904,1,1040,529,279,34452,8526,21,34532,8930,18,33290,8922,1,33302,4998,170,32408,0,0,32240,0,0,33301,0,0,34534,0,0,33310,10564,3,132037,0,0;
24241774300;1068450,44904,1,954,520,474,34452,8528,22,34532,1,0,33290,8909,1,33302,4998,170,32408,0,0,32240,0,0,33301,0,0,34534,0,0,33310,10565,3,132037,0,0;
24342089700;1068551,44904,1,1021,524,324,34452,8526,21,34532,8923,17,33290,8913,1,33302,4998,169,32408,0,0,32240,0,0,33301,0,0,34534,0,0,33310,10565,3,132037,0,0;
24446099100;1068655,44904,1,1014,533,326,34452,8529,21,34532,8918,17,33290,8912,1,33302,4998,169,32408,0,0,32240,0,0,33301,0,0,34534,0,0,33310,10563,3,132037,0,0;
24543644700;1068752,44904,1,1000,525,368,34452,8527,21,34532,8913,17,33290,8916,1,33302,4999,170,32408,0,0,32240,0,0,33301,0,0,34534,0,0,33310,10564,3,132037,0,0;
24640824100;1068850,44904,1,1008,522,350,34452,8528,22,34532,8920,17,33290,8915,1,33302,4998,169,32408,0,0,32240,0,0,33301,0,0,34534,0,0,33310,10567,3,132037,0,0;
24742109300;1068951,44904,1,1011,528,337,34452,8528,21,34532,8918,17,33290,8913,1,33302,4998,170,32408,0,0,32240,0,0,33301,0,0,34534,0,0,33310,10564,3,132037,0,0;
24842463300;1069051,44904,1,1006,524,353,34452,8528,22,34532,8918,17,33290,8914,1,33302,4999,169,32408,0,0,32240,0,0,33301,0,0,34534,0,0,33310,10566,4,132037,0,0;
24943595800;1069152,44904,1,1007,530,346,34452,8528,22,34532,8915,17,33290,8913,1,33302,4998,169,32408,0,0,32240,0,0,33301,0,0,34534,0,0,33310,10563,3,132037,0,0;
25038339400;1069247,44904,1,1014,525,338,34452,8526,21,34532,8919,17,33290,8916,1,33302,4999,169,32408,0,0,32240,0,0,33301,0,0,34534,0,0,33310,10564,3,132037,0,0;
25143132300;1069352,44904,1,1015,529,325,34452,8529,21,34532,8921,17,33290,8907,1,33302,4998,169,32408,0,0,32240,0,0,33301,0,0,34534,0,0,33310,10565,3,132037,0,0;
25243355000;1069452,44904,1,1011,528,337,34452,8528,21,34532,8918,18,33290,8911,1,33302,4998,170,32408,0,0,32240,0,0,33301,0,0,34534,0,0,33310,10564,4,132037,0,0;
25343133700;1069552,44904,1,1024,525,320,34452,8525,22,34532,8923,18,33290,8914,1,33302,4998,172,32408,0,0,32240,0,0,33301,0,0,34534,0,0,33310,10564,3,132037,0,0;
25440209300;1069649,44904,1,1008,526,345,34452,8528,21,34532,8918,17,33290,8913,1,33302,4998,171,32408,0,0,32240,0,0,33301,0,0,34534,0,0,33310,10565,3,132037,0,0;
25541153700;1069750,44904,1,1004,526,357,34452,8527,21,34532,8915,17,33290,8912,1,33302,4998,172,32408,0,0,32240,0,0,33301,0,0,34534,0,0,33310,10564,3,132037,0,0;
25643405700;1069852,44904,1,1011,528,337,34452,8528,22,34532,8918,17,33290,8914,1,33302,4999,172,32408,0,0,32240,0,0,33301,0,0,34534,0,0,33310,10564,3,132037,0,0;
25745931000;1069955,44904,1,1008,520,353,34452,8527,21,34532,8920,17,33290,8912,1,33302,4999,172,32408,0,0,32240,0,0,33301,0,0,34534,0,0,33310,10567,3,132037,0,0;
25839509000;1070048,44904,1,1004,519,369,34452,8524,20,34532,8916,17,33290,8915,1,33302,4998,172,32408,0,0,32240,0,0,33301,0,0,34534,0,0,33310,10565,3,132037,0,0;
25941301100;1070150,44904,1,1016,529,326,34452,8528,20,34532,8920,18,33290,8914,1,33302,4998,172,32408,0,0,32240,0,0,33301,0,0,34534,0,0,33310,10564,3,132037,0,0;
26045180100;1070254,44904,1,998,521,372,34452,8528,20,34532,8916,18,33290,8916,1,33302,4998,174,32408,0,0,32240,0,0,33301,0,0,34534,0,0,33310,10567,3,132037,0,0;
26143402800;1070352,44904,1,1016,527,329,34452,8528,20,34532,8921,17,33290,8914,1,33302,4998,171,32408,0,0,32240,0,0,33301,0,0,34534,0,0,33310,10565,3,132037,0,0;
26239897500;1070449,44904,1,1006,524,353,34452,8528,20,34532,8918,17,33290,8913,1,33302,4998,171,32408,0,0,32240,0,0,33301,0,0,34534,0,0,33310,10566,3,132037,0,0;
26341615200;1070550,44904,1,1006,518,362,34452,8526,20,34532,8919,17,33290,8914,1,33302,4998,170,32408,0,0,32240,0,0,33301,0,0,34534,0,0,33310,10567,3,132037,0,0;
26442647100;1070651,44904,1,1008,521,354,34452,8526,20,34532,8919,18,33290,8913,1,33302,4999,173,32408,0,0,32240,0,0,33301,0,0,34534,0,0,33310,10566,3,132037,0,0;
26541830100;1070751,44904,1,1009,528,343,34452,8528,20,34532,8917,17,33290,8913,1,33302,4999,174,32408,0,0,32240,0,0,33301,0,0,34534,0,0,33310,10564,3,132037,0,0;
26645980600;1070855,44904,1,1006,528,348,34452,8528,21,34532,8916,17,33290,8914,1,33302,4999,174,32408,0,0,32240,0,0,33301,0,0,34534,0,0,33310,10564,3,132037,0,0;
26739674800;1070948,44904,1,1007,526,352,34452,8527,21,34532,8916,17,33290,8914,1,33302,4999,175,32408,0,0,32240,0,0,33301,0,0,34534,9039,0,33310,10564,3,132037,0,0;
26841440200;1071050,44904,1,1007,525,355,34452,8526,21,34532,8916,17,33290,8913,1,33302,4998,175,32408,0,0,32240,0,0,33301,0,0,34534,9009,0,33310,10564,4,132037,0,0;
26942406300;1071151,44904,1,1010,531,342,34452,8527,21,34532,8915,17,33290,8913,1,33302,4999,174,32408,0,0,32240,0,0,33301,0,0,34534,0,0,33310,10562,3,132037,0,0;
27042289300;1071251,44904,1,1006,524,353,34452,8528,21,34532,8918,17,33290,8913,1,33302,4998,175,32408,0,0,32240,0,0,33301,0,0,34534,0,0,33310,10566,3,132037,0,0;
27140698300;1071349,44904,1,1007,526,352,34452,8527,21,34532,8916,18,33290,8912,1,33302,4999,177,32408,0,0,32240,0,0,33301,0,0,34534,0,0,33310,10564,3,132037,0,0;
27241511800;1071450,44904,1,998,519,375,34452,8527,20,34532,8916,18,33290,8914,1,33302,4998,175,32408,0,0,32240,0,0,33301,0,0,34534,9009,0,33310,10567,3,132037,0,0;
27341540500;1071550,44904,1,1009,524,348,34452,8527,20,34532,8918,18,33290,0,0,33302,4999,177,32408,0,0,32240,0,0,33301,0,0,34534,9032,0,33310,10565,4,132037,0,0;
27443463500;1071652,44904,1,1009,523,352,34452,8526,20,34532,8918,17,33290,8912,1,33302,4998,176,32408,0,0,32240,0,0,33301,0,0,34534,0,0,33310,10565,3,132037,0,0;
27541795800;1071751,44904,1,1012,524,347,34452,8525,21,34532,8918,17,33290,8913,1,33302,4999,177,32408,0,0,32240,0,0,33301,0,0,34534,0,0,33310,10564,4,132037,0,0;
27642029300;1071851,44904,1,1006,527,347,34452,8529,21,34532,8917,17,33290,8914,1,33302,4998,176,32408,0,0,32240,0,0,33301,0,0,34534,0,0,33310,10565,4,132037,0,0;
27745245400;1071954,44904,1,1002,527,359,34452,8528,20,34532,8914,17,33290,8913,1,33302,4999,177,32408,0,0,32240,0,0,33301,0,0,34534,0,0,33310,10564,3,132037,0,0;
27843182000;1072052,44904,1,1010,527,347,34452,8526,21,34532,8916,18,33290,8912,1,33302,4999,177,32408,0,0,32240,0,0,33301,0,0,34534,9014,0,33310,10563,4,132037,0,0;
27940788100;1072150,44904,1,1009,528,343,34452,8528,21,34532,8917,17,33290,8913,1,33302,4999,177,32408,0,0,32240,0,0,33301,0,0,34534,0,0,33310,10564,3,132037,0,0;
28043203000;1072252,44904,1,1009,525,349,34452,8526,21,34532,8917,17,33290,8911,1,33302,4999,177,32408,0,0,32240,0,0,33301,0,0,34534,0,0,33310,10564,4,132037,0,0;
28142441600;1072351,44904,1,1016,531,324,34452,8528,21,34532,8919,17,33290,8915,1,33302,4998,177,32408,0,0,32240,0,0,33301,0,0,34534,0,0,33310,10563,4,132037,0,0;
28242412900;1072451,44904,1,1002,522,368,34452,8526,20,34532,8915,17,33290,8912,1,33302,4999,176,32408,0,0,32240,0,0,33301,0,0,34534,0,0,33310,10565,3,132037,0,0;
28340134000;1072549,44904,1,1004,529,351,34452,8529,20,34532,8915,17,33290,8914,1,33302,4999,176,32408,0,0,32240,0,0,33301,0,0,34534,0,0,33310,10564,4,132037,0,0;
28441808300;1072651,44904,1,1012,529,338,34452,8527,20,34532,8917,17,33290,8912,1,33302,4998,175,32408,0,0,32240,0,0,33301,0,0,34534,0,0,33310,10563,4,132037,0,0;
28543530300;1072752,44904,1,1008,528,342,34452,8529,20,34532,8918,17,33290,8913,1,33302,4999,175,32408,0,0,32240,0,0,33301,0,0,34534,0,0,33310,10565,4,132037,0,0;
28646835300;1072856,44904,1,1011,528,337,34452,8528,20,34532,8918,17,33290,8913,1,33302,4999,176,32408,0,0,32240,0,0,33301,0,0,34534,0,0,33310,10564,4,132037,0,0;
28738894100;1072948,44904,1,1009,530,340,34452,8529,20,34532,8917,17,33290,8913,1,33302,5000,175,32408,0,0,32240,0,0,33301,0,0,34534,0,0,33310,10564,4,132037,0,0;
28842010300;1073051,44904,1,1014,529,333,34452,8527,20,34532,8918,17,33290,8912,1,33302,4999,175,32408,0,0,32240,0,0,33301,0,0,34534,0,0,33310,10563,4,132037,0,0;
28945698200;1073154,44904,1,1004,526,356,34452,8528,20,34532,8916,17,33290,8912,1,33302,4998,172,32408,0,0,32240,0,0,33301,0,0,34534,0,0,33310,10565,4,132037,0,0;
29043263000;1073252,44904,1,1014,528,336,34452,8526,20,34532,8918,17,33290,8912,1,33302,4999,173,32408,0,0,32240,0,0,33301,0,0,34534,0,0,33310,10563,4,132037,0,0;
29139101200;1073348,44904,1,1017,533,322,34452,8528,20,34532,8918,17,33290,8910,1,33302,4999,174,32408,0,0,32240,0,0,33301,0,0,34534,0,0,33310,10562,4,132037,0,0;
29240592900;1073449,44904,1,1009,530,340,34452,8529,20,34532,8917,17,33290,8913,1,33302,4999,173,32408,0,0,32240,0,0,33301,0,0,34534,0,0,33310,10564,4,132037,0,0;
29343527300;1073552,44904,1,1014,524,342,34452,8525,20,34532,8919,17,33290,8911,1,33302,4998,173,32408,0,0,32240,0,0,33301,0,0,34534,0,0,33310,10564,4,132037,0,0;
29444293600;1073653,44904,1,1004,518,368,34452,8525,19,34532,8917,17,33290,8914,1,33302,4999,172,32408,0,0,32240,0,0,33301,0,0,34534,0,0,33310,10566,4,132037,0,0;
29543972200;1073753,44904,1,1009,528,343,34452,8528,20,34532,8917,17,33290,8913,1,33302,4998,172,32408,0,0,32240,0,0,33301,0,0,34534,0,0,33310,10564,4,132037,0,0;
29639418800;1073848,44904,1,1007,530,346,34452,8528,19,34532,8915,17,33290,8910,1,33302,4999,172,32408,0,0,32240,0,0,33301,0,0,34534,8976,0,33310,10563,4,132037,0,0;
29740699300;1073949,44904,1,1015,528,337,34452,8525,20,34532,8917,17,33290,8915,1,33302,4999,172,32408,0,0,32240,0,0,33301,0,0,34534,0,0,33310,10562,4,132037,0,0;
29841928700;1074051,44904,1,1011,528,337,34452,8528,20,34532,8918,17,33290,8913,1,33302,4998,173,32408,0,0,32240,0,0,33301,0,0,34534,0,0,33310,10564,4,132037,0,0;
29944614400;1074153,44904,1,1020,530,323,34452,8526,20,34532,8919,17,33290,8913,1,33302,4999,172,32408,0,0,32240,0,0,33301,0,0,34534,9023,0,33310,10562,4,132037,0,0;
30037912200;1074247,44904,1,1019,532,320,34452,8527,20,34532,8919,17,33290,8913,1,33302,4998,172,32408,0,0,32240,0,0,33301,0,0,34534,9177,0,33310,10562,4,132037,0,0;
30140442600;1074349,44904,1,1006,522,356,34452,8527,20,34532,8918,17,33290,8912,1,33302,4998,171,32408,0,0,32240,0,0,33301,0,0,34534,8984,0,33310,10566,3,132037,0,0;
30242410900;1074451,44904,1,1009,525,349,34452,8526,20,34532,8917,17,33290,8911,1,33302,4999,172,32408,0,0,32240,0,0,33301,0,0,34534,0,0,33310,10564,4,132037,0,0;
30345994800;1074555,44904,1,1004,528,354,34452,8528,19,34532,8915,17,33290,8916,1,33302,4999,170,32408,0,0,32240,0,0,33301,0,0,34534,0,0,33310,10564,4,132037,0,0;
