933565800;731307,44904,1,5960,382,111,34532,8525,21,34452,5007,138,132037,0,0,33311,14301,0,33310,8477,5,32408,0,0,32350,5069,181,33290,8486,2,33301,0,0,132105,10108,12;
1035020000;731409,44904,1,5958,384,110,34532,8523,21,34452,5008,140,132037,0,0,33311,14309,0,33310,8476,5,32408,0,0,32350,5069,182,33290,8484,2,33301,0,0,132105,10108,11;
1136186800;731510,44904,1,5900,519,-119,34532,8523,21,34452,5009,143,132037,0,0,33311,14307,0,33310,0,0,32408,0,0,32350,5069,184,33290,8484,2,33301,0,0,132105,10111,11;
1236898500;731611,44904,1,6043,451,9,34532,8524,21,34452,5008,142,132037,0,0,33311,14297,0,33310,8442,5,32408,0,0,32350,5069,185,33290,8486,2,33301,0,0,132105,10105,11;
1335352200;731708,44904,1,5899,514,-114,34532,8525,22,34452,5008,142,132037,0,0,33311,14310,0,33310,0,0,32408,0,0,32350,5069,186,33290,8486,2,33301,0,0,132105,10110,11;
1432299900;731806,44904,1,6043,450,10,34532,8525,21,34452,5008,141,132037,0,0,33311,14299,0,33310,8443,5,32408,0,0,32350,5068,187,33290,8486,2,33301,0,0,132105,10108,11;
1534698600;731909,44904,1,6038,449,14,34532,8523,21,34452,5008,143,132037,0,0,33311,14305,0,33310,8443,5,32408,0,0,32350,5069,188,33290,8486,2,33301,0,0,132105,10106,11;
1634576700;732008,44904,1,5958,384,110,34532,8523,21,34452,5008,144,132037,0,0,33311,14303,0,33310,8476,5,32408,0,0,32350,5069,189,33290,8484,2,33301,0,0,132105,10110,11;
1732062300;732106,44904,1,5965,388,102,34532,8524,21,34452,5008,144,132037,0,0,33311,14299,0,33310,8474,5,32408,0,0,32350,5069,190,33290,8486,2,33301,0,0,132105,10113,11;
1835621800;732209,44904,1,5898,513,-113,34532,8525,21,34452,5008,143,132037,0,0,33311,14310,0,33310,0,0,32408,0,0,32350,5069,190,33290,8486,2,33301,0,0,132105,10109,11;
1936331000;732310,44904,1,5958,383,112,34532,8523,21,34452,5007,142,132037,0,0,33311,14316,0,33310,8476,5,32408,0,0,32350,5069,191,33290,8486,2,33301,0,0,132105,10107,11;
2036533200;732411,44904,1,5902,506,-97,34532,8525,21,34452,5008,142,132037,0,0,33311,14314,0,33310,0,0,32408,0,0,32350,5069,191,33290,8485,2,33301,0,0,132105,10108,11;
2133241800;732506,44904,1,5958,382,111,34532,8524,21,34452,5008,142,132037,0,0,33311,14287,0,33310,8477,5,32408,0,0,32350,5068,188,33290,8483,2,33301,0,0,132105,10109,11;
2236296900;732609,44904,1,5963,387,106,34532,8523,21,34452,5007,142,132037,0,0,33311,14316,0,33310,8474,5,32408,0,0,32350,5069,188,33290,8487,2,33301,0,0,132105,10112,11;
2336097000;732709,44904,1,6048,453,6,34532,8525,21,34452,5007,143,132037,0,0,33311,14294,0,33310,8441,5,32408,0,0,32350,5068,188,33290,8486,2,33301,0,0,132105,10106,11;
2436225700;732810,44904,1,5892,517,-120,34532,8524,21,34452,5008,142,132037,0,0,33311,14306,0,33310,0,0,32408,0,0,32350,5069,186,33290,8485,2,33301,0,0,132105,10105,11;
2537296500;732911,44904,1,5960,385,106,34532,8524,21,34452,5009,143,132037,0,0,33311,14303,0,33310,8476,5,32408,0,0,32350,5069,182,33290,8487,2,33301,0,0,132105,10110,11;
2633422800;733007,44904,1,6046,452,7,34532,8525,21,34452,5008,144,132037,0,0,33311,14288,0,33310,8442,5,32408,0,0,32350,5069,181,33290,8487,2,33301,0,0,132105,10109,11;
2735491600;733109,44904,1,5960,384,108,34532,8524,21,34452,5008,142,132037,0,0,33311,14285,0,33310,8476,5,32408,0,0,32350,5069,178,33290,8487,2,33301,0,0,132105,10110,10;
2837347600;733211,44904,1,5958,386,109,34532,8522,20,34452,5008,141,132037,0,0,33311,14297,0,33310,8475,5,32408,0,0,32350,5068,179,33290,8487,2,33301,0,0,132105,10108,10;
2934179100;733308,44904,1,6048,454,4,34532,8525,21,34452,5008,140,132037,0,0,33311,14285,0,33310,8441,5,32408,0,0,32350,5069,182,33290,8486,2,33301,0,0,132105,10109,10;
3035307800;733409,44904,1,5960,383,110,34532,8524,21,34452,5007,139,132037,0,0,33311,14283,0,33310,8476,5,32408,0,0,32350,5069,183,33290,8485,2,33301,0,0,132105,10107,10;
3135846200;733510,44904,1,5958,382,111,34532,8524,21,34452,5008,138,132037,0,0,33311,14295,0,33310,8477,5,32408,0,0,32350,5069,182,33290,8485,2,33301,0,0,132105,10108,10;
3236678200;733611,44904,1,5963,388,104,34532,8523,21,34452,5008,137,132037,0,0,33311,14316,0,33310,8474,5,32408,0,0,32350,5069,184,33290,8485,2,33301,0,0,132105,10108,10;
3338412800;733712,44904,1,5958,383,109,34532,8524,21,34452,5009,139,132037,0,0,33311,14319,0,33310,8477,5,32408,0,0,32350,5069,183,33290,8484,2,33301,0,0,132105,10109,10;
3433750300;733808,44904,1,5955,382,113,34532,8523,21,34452,5008,137,132037,0,0,33311,14318,0,33310,8477,5,32408,0,0,32350,5068,179,33290,8486,2,33301,0,0,132105,10108,11;
3535247000;733909,44904,1,6046,453,6,34532,8524,21,34452,5008,138,132037,0,0,33311,14304,0,33310,8441,5,32408,0,0,32350,5069,179,33290,8486,2,33301,0,0,132105,10107,11;
3635658700;734010,44904,1,5960,384,108,34532,8524,21,34452,5008,137,132037,0,0,33311,14299,0,33310,8476,5,32408,0,0,32350,5069,180,33290,8487,2,33301,0,0,132105,10103,11;
3732591000;734106,44904,1,6043,454,6,34532,8523,20,34452,5009,138,132037,0,0,33311,14310,0,33310,8441,5,32408,0,0,32350,5068,178,33290,8488,2,33301,0,0,132105,10109,11;
3833584800;734208,44904,1,5963,385,106,34532,8525,21,34452,5008,138,132037,0,0,33311,14300,0,33310,8476,5,32408,0,0,32350,5069,187,33290,8485,2,33301,0,0,132105,10111,11;
3935228300;734309,44904,1,5895,520,-123,34532,8523,21,34452,5009,139,132037,0,0,33311,14305,0,33310,0,0,32408,0,0,32350,5069,185,33290,8485,2,33301,0,0,132105,10108,11;
4035317600;734410,44904,1,5911,497,-69,34532,8522,21,34452,5007,137,132037,0,0,33311,14319,0,33310,0,0,32408,0,0,32350,5068,177,33290,8484,2,33301,0,0,132105,10108,11;
4132030400;734506,44904,1,5900,513,-109,34532,8524,20,34452,5009,137,132037,0,0,33311,14310,0,33310,0,0,32408,0,0,32350,5068,178,33290,8488,2,33301,0,0,132105,10109,11;
4234193000;734608,44904,1,5892,525,-139,34532,8525,21,34452,5008,139,132037,0,0,33311,14303,0,33310,0,0,32408,0,0,32350,5069,186,33290,8486,2,33301,0,0,132105,10110,11;
4334664100;734708,44904,1,5895,523,-129,34532,8523,21,34452,5008,140,132037,0,0,33311,14304,0,33310,0,0,32408,0,0,32350,5068,185,33290,8486,2,33301,0,0,132105,10110,11;
4431782000;734806,44904,1,5882,540,-166,34532,8523,21,34452,5008,142,132037,0,0,33311,14293,0,33310,0,0,32408,0,0,32350,5068,184,33290,8485,2,33301,0,0,132105,10109,11;
4534843900;734909,44904,1,5878,539,-166,34532,8523,21,34452,5009,141,132037,0,0,33311,14292,0,33310,0,0,32408,0,0,32350,5068,178,33290,8486,2,33301,0,0,132105,10105,12;
4635262300;735010,44904,1,5885,530,-146,34532,8523,21,34452,5008,143,132037,0,0,33311,14298,0,33310,0,0,32408,0,0,32350,5069,176,33290,8487,2,33301,0,0,132105,10106,11;
4734046600;735108,44904,1,5869,566,-217,34532,8521,21,34452,5008,144,132037,0,0,33311,14277,0,33310,0,0,32408,0,0,32350,5069,182,33290,8484,2,33301,0,0,132105,10110,11;
4831846700;735206,44904,1,5878,542,-172,34532,8523,21,34452,5009,145,132037,0,0,33311,14291,0,33310,0,0,32408,0,0,32350,5068,186,33290,8484,2,33301,0,0,132105,10107,11;
4934326700;735308,44904,1,5859,575,-243,34532,8524,22,34452,5008,144,132037,0,0,33311,14272,0,33310,0,0,32408,0,0,32350,5069,185,33290,8487,2,33301,0,0,132105,10110,11;
5034587900;735409,44904,1,5879,549,-182,34532,8522,22,34452,5008,143,132037,0,0,33311,14288,0,33310,0,0,32408,0,0,32350,5069,181,33290,8485,2,33301,0,0,132105,10110,11;
5136319500;735511,44904,1,5867,555,-202,34532,8524,22,34452,5008,142,132037,0,0,33311,14283,0,33310,0,0,32408,0,0,32350,5068,183,33290,8486,2,33301,0,0,132105,10106,11;
5233837800;735608,44904,1,5875,548,-191,34532,8526,22,34452,5008,141,132037,0,0,33311,14289,0,33310,0,0,32408,0,0,32350,5068,181,33290,8484,2,33301,0,0,132105,10110,11;
5331922000;735706,44904,1,5873,550,-189,34532,8523,21,34452,5007,141,132037,0,0,33311,14286,0,33310,0,0,32408,0,0,32350,5068,181,33290,8486,2,33301,0,0,132105,10107,11;
5433951700;735808,44904,1,5873,544,-180,34532,8524,21,34452,5008,140,132037,0,0,33311,14289,0,33310,0,0,32408,0,0,32350,5067,175,33290,8485,2,33301,0,0,132105,10105,11;
5534066000;735909,44904,1,5886,539,-166,34532,8524,21,34452,5008,139,132037,0,0,33311,14295,0,33310,0,0,32408,0,0,32350,5068,173,33290,8486,2,33301,0,0,132105,10112,11;
5635050600;736010,44904,1,5882,533,-157,34532,8525,21,34452,5008,138,132037,0,0,33311,14297,0,33310,0,0,32408,0,0,32350,5067,172,33290,8486,2,33301,0,0,132105,10107,11;
5735172300;736110,44904,1,5891,524,-138,34532,8525,21,34452,5009,138,132037,0,0,33311,14303,0,33310,0,0,32408,0,0,32350,5068,179,33290,8486,2,33301,0,0,132105,10109,11;
5831543500;736206,44904,1,5888,530,-144,34532,8523,21,34452,5008,137,132037,0,0,33311,14299,0,33310,0,0,32408,0,0,32350,5068,179,33290,8485,3,33301,0,0,132105,10108,11;
5933637300;736309,44904,1,5901,513,-106,34532,8523,21,34452,5008,139,132037,0,0,33311,14310,0,33310,0,0,32408,0,0,32350,5067,176,33290,8486,2,33301,0,0,132105,10109,11;
6033555300;736409,44904,1,5890,531,-146,34532,8523,21,34452,5008,140,132037,0,0,33311,14299,0,33310,0,0,32408,0,0,32350,5069,181,33290,8485,2,33301,0,0,132105,10110,11;
6131272400;736506,44904,1,5899,512,-109,34532,8524,21,34452,5008,141,132037,0,0,33311,14310,0,33310,0,0,32408,0,0,32350,5068,182,33290,8486,2,33301,0,0,132105,10108,11;
6232968900;736608,44904,1,5908,503,-85,34532,8523,21,34452,5008,144,132037,0,0,33311,14316,0,33310,0,0,32408,0,0,32350,5068,176,33290,8485,2,33301,0,0,132105,10109,12;
6333999800;736709,44904,1,5898,514,-108,34532,8522,22,34452,5008,147,132037,0,0,33311,14308,0,33310,0,0,32408,0,0,32350,5068,177,33290,8485,3,33301,0,0,132105,10107,12;
6435097000;736810,44904,1,5885,526,-141,34532,8524,22,34452,5008,147,132037,0,0,33311,14300,0,33310,0,0,32408,0,0,32350,5069,182,33290,8485,3,33301,0,0,132105,10105,12;
6530498700;736905,44904,1,5889,525,-140,34532,8525,22,34452,5007,144,132037,0,0,33311,14302,0,33310,0,0,32408,0,0,32350,5069,187,33290,8486,2,33301,0,0,132105,10108,11;
6633803000;737009,44904,1,5900,519,-119,34532,8523,22,34452,5008,143,132037,0,0,33311,14307,0,33310,0,0,32408,0,0,32350,5069,191,33290,8485,2,33301,0,0,132105,10111,11;
6734411700;737109,44904,1,5882,540,-166,34532,8523,22,34452,5008,142,132037,0,0,33311,14293,0,33310,0,0,32408,0,0,32350,5068,188,33290,8485,2,33301,0,0,132105,10109,11;
6835048300;737210,44904,1,5889,523,-136,34532,8525,21,34452,5008,140,132037,0,0,33311,14303,0,33310,0,0,32408,0,0,32350,5068,182,33290,8485,2,33301,0,0,132105,10107,11;
6930730900;737306,44904,1,5875,547,-182,34532,8523,21,34452,5008,138,132037,0,0,33311,14288,0,33310,0,0,32408,0,0,32350,5069,180,33290,8486,2,33301,0,0,132105,10107,11;
7033765100;737408,44904,1,5883,535,-158,34532,8523,21,34452,5009,138,132037,0,0,33311,14295,0,33310,0,0,32408,0,0,32350,5068,187,33290,8485,2,33301,0,0,132105,10107,11;
7134002100;737509,44904,1,5878,543,-176,34532,8524,20,34452,5007,138,132037,0,0,33311,14291,0,33310,0,0,32408,0,0,32350,5068,181,33290,8487,2,33301,0,0,132105,10108,11;
7235056300;737610,44904,1,5879,540,-172,34532,8525,21,34452,5008,139,132037,0,0,33311,14293,0,33310,0,0,32408,0,0,32350,5068,182,33290,8487,2,33301,0,0,132105,10108,11;
7333523800;737708,44904,1,5890,530,-146,34532,8524,21,34452,5007,139,132037,0,0,33311,14300,0,33310,0,0,32408,0,0,32350,5069,182,33290,8488,2,33301,0,0,132105,10110,11;
7430523900;737805,44904,1,5894,527,-137,34532,8523,21,34452,5007,138,132037,0,0,33311,14302,0,33310,0,0,32408,0,0,32350,5068,181,33290,8490,2,33301,0,0,132105,10111,11;
7533922500;737909,44904,1,5891,525,-133,34532,8522,22,34452,5008,140,132037,0,0,33311,14301,0,33310,0,0,32408,0,0,32350,5068,184,33290,8487,2,33301,0,0,132105,10107,11;
7633469500;738009,44904,1,5885,533,-155,34532,8524,22,34452,5009,140,132037,0,0,33311,14297,0,33310,0,0,32408,0,0,32350,5069,187,33290,8486,3,33301,0,0,132105,10108,11;
7734816200;738110,44904,1,5884,536,-158,34532,8523,22,34452,5008,140,132037,0,0,33311,14295,0,33310,0,5,32408,0,0,32350,5068,181,33290,8486,2,33301,0,0,132105,10108,11;
7832773900;738207,44904,1,5963,388,104,34532,8523,22,34452,5008,140,132037,0,0,33311,14286,0,33310,8474,5,32408,0,0,32350,5069,181,33290,8484,2,33301,0,0,132105,10109,11;
7932313600;738307,44904,1,5960,388,106,34532,8522,22,34452,5008,139,132037,0,0,33311,14287,0,33310,8474,5,32408,0,0,32350,5069,176,33290,8484,2,33301,0,0,132105,10106,11;
8033402300;738408,44904,1,6043,449,12,34532,8525,21,34452,5007,138,132037,0,0,33311,14288,0,33310,8443,5,32408,0,0,32350,5068,173,33290,8485,2,33301,0,0,132105,10107,12;
8134006100;738509,44904,1,5950,380,118,34532,8522,21,34452,5008,139,132037,0,0,33311,14284,0,33310,8478,5,32408,0,0,32350,5068,173,33290,8485,2,33301,0,0,132105,10111,12;
8233991100;738609,44904,1,6041,451,11,34532,8523,21,34452,5008,139,132037,0,0,33311,14288,0,33310,8442,5,32408,0,0,32350,5068,173,33290,8484,2,33301,0,0,132105,10109,12;
8336000900;738711,44904,1,5958,384,110,34532,8523,21,34452,5008,137,132037,0,0,33311,14296,0,33310,8476,5,32408,0,0,32350,5068,176,33290,8485,2,33301,0,0,132105,10109,12;
8432955900;738808,44904,1,6043,450,10,34532,8525,21,34452,5008,137,132037,0,0,33311,14287,0,33310,8443,5,32408,0,0,32350,5068,176,33290,8487,2,33301,0,0,132105,10110,12;
8531143500;738906,44904,1,6033,448,17,34532,8521,21,34452,5008,140,132037,0,0,33311,14283,0,33310,8443,5,32408,0,0,32350,5069,181,33290,8485,2,33301,0,0,132105,10113,12;
8633142400;739008,44904,1,5955,379,116,34532,8524,21,34452,5007,139,132037,0,0,33311,14285,0,33310,8478,5,32408,0,0,32350,5068,178,33290,8487,2,33301,0,0,132105,10110,11;
8733297500;739108,44904,1,6043,451,9,34532,8524,21,34452,5008,138,132037,0,0,33311,14297,0,33310,8442,5,32408,0,0,32350,5068,174,33290,8484,2,33301,0,0,132105,10110,11;
8838491000;739211,44904,1,5963,389,102,34532,8523,22,34452,5009,139,132037,0,0,33311,14299,0,33310,8474,5,32408,0,0,32350,5068,180,33290,8484,3,33301,0,0,132105,10105,12;
8932945700;739308,44904,1,5955,382,113,34532,8523,21,34452,5008,138,132037,0,0,33311,14304,0,33310,8477,5,32408,0,0,32350,5069,181,33290,8485,2,33301,0,0,132105,10109,11;
9032979800;739408,44904,1,5960,383,109,34532,8525,22,34452,5008,134,132037,0,0,33311,14309,0,33310,8477,5,32408,0,0,32350,5068,181,33290,8486,3,33301,0,0,132105,10110,11;
9131463300;739506,44904,1,5958,381,113,34532,8524,22,34452,5007,133,132037,0,0,33311,14314,0,33310,8477,5,32408,0,0,32350,5068,183,33290,8485,2,33301,0,0,132105,10108,11;
9233103700;739608,44904,1,5958,385,108,34532,8523,22,34452,5009,134,132037,0,0,33311,14295,0,33310,8476,5,32408,0,0,32350,5068,185,33290,8486,2,33301,0,0,132105,10110,11;
9330470400;739706,44904,1,5955,380,114,34532,8524,21,34452,5008,133,132037,0,0,33311,14295,0,33310,8478,5,32408,0,0,32350,5069,186,33290,8487,2,33301,0,0,132105,10111,11;
9432809600;739808,44904,1,5958,383,109,34532,8524,21,34452,5009,133,132037,0,0,33311,14282,0,33310,8477,5,32408,0,0,32350,5068,183,33290,8486,2,33301,0,0,132105,10111,11;
9534505200;739910,44904,1,6043,451,9,34532,8524,21,34452,5008,133,132037,0,0,33311,14279,0,33310,8442,5,32408,0,0,32350,5069,183,33290,8486,2,33301,0,0,132105,10112,11;
9633718200;740009,44904,1,5960,387,105,34532,8523,21,34452,5009,134,132037,0,0,33311,14285,0,33310,8475,5,32408,0,0,32350,5069,185,33290,8485,2,33301,0,0,132105,10108,11;
9730179200;740105,44904,1,5960,386,107,34532,8523,21,34452,5008,136,132037,0,0,33311,14294,0,33310,8475,5,32408,0,0,32350,5069,188,33290,8488,2,33301,0,0,132105,10106,11;
9832663800;740208,44904,1,5968,388,102,34532,8525,21,34452,5007,137,132037,0,0,33311,14284,0,33310,8474,5,32408,0,0,32350,5068,185,33290,8485,2,33301,0,0,132105,10106,11;
9933733700;740309,44904,1,5963,385,106,34532,8525,22,34452,5008,138,132037,0,0,33311,14306,0,33310,8476,5,32408,0,0,32350,5069,185,33290,8485,2,33301,0,0,132105,10107,11;
10034020300;740409,44904,1,5965,390,101,34532,8523,22,34452,5008,139,132037,0,0,33311,14284,0,33310,8473,5,32408,0,0,32350,5068,183,33290,8483,2,33301,0,0,132105,10108,12;
10130099100;740505,44904,1,6041,450,13,34532,8523,22,34452,5007,139,132037,0,0,33311,14309,0,33310,8442,5,32408,0,0,32350,5069,183,33290,8487,2,33301,0,0,132105,10109,12;
10232928500;740608,44904,1,5955,383,114,34532,8522,21,34452,5007,139,132037,0,0,33311,14304,0,33310,8476,5,32408,0,0,32350,5069,181,33290,8486,2,33301,0,0,132105,10109,12;
10332607600;740708,44904,1,5960,383,110,34532,8524,22,34452,5007,140,132037,0,0,33311,14304,0,33310,8476,5,32408,0,0,32350,5068,183,33290,8487,2,33301,0,0,132105,10108,12;
10433705800;740809,44904,1,5958,382,114,34532,8523,21,34452,5006,138,132037,0,0,33311,14292,0,33310,8476,5,32408,0,0,32350,5068,184,33290,8483,2,33301,0,0,132105,10107,12;
10529800100;740905,44904,1,5958,382,111,34532,8524,21,34452,5008,137,132037,0,0,33311,14297,0,33310,8477,5,32408,0,0,32350,5069,184,33290,8486,2,33301,0,0,132105,10112,12;
10632054400;741007,44904,1,5963,388,104,34532,8523,21,34452,5008,137,132037,0,0,33311,14305,0,33310,8474,5,32408,0,0,32350,5069,183,33290,8488,2,33301,0,0,132105,10109,11;
10732127200;741108,44904,1,5960,386,107,34532,8523,21,34452,5008,138,132037,0,0,33311,14296,0,33310,8475,5,32408,0,0,32350,5069,186,33290,8485,2,33301,0,0,132105,10110,12;
10830047900;741205,44904,1,5958,386,109,34532,8522,21,34452,5008,138,132037,0,0,33311,14293,0,33310,8475,5,32408,0,0,32350,5068,187,33290,8487,2,33301,0,0,132105,10106,12;
10931554100;741307,44904,1,5955,382,113,34532,8523,21,34452,5008,138,132037,0,0,33311,14287,0,33310,8477,5,32408,0,0,32350,5068,187,33290,8488,2,33301,0,0,132105,10109,12;
11032896200;741408,44904,1,5965,387,103,34532,8525,22,34452,5008,139,132037,0,0,33311,14298,0,33310,8475,5,32408,0,0,32350,5067,181,33290,8486,2,33301,0,0,132105,10106,11;
11133494000;741509,44904,1,6048,455,3,34532,8524,21,34452,5008,139,132037,0,0,33311,14310,0,33310,8440,5,32408,0,0,32350,5068,182,33290,8485,3,33301,0,0,132105,10109,11;
11235318300;741611,44904,1,5965,388,102,34532,8524,22,34452,5008,139,132037,0,0,33311,14321,0,33310,8474,5,32408,0,0,32350,5067,183,33290,8486,2,33301,0,0,132105,10111,11;
11330530300;741706,44904,1,5960,386,107,34532,8523,21,34452,5008,139,132037,0,0,33311,14310,0,33310,8475,5,32408,0,0,32350,5068,183,33290,8483,2,33301,0,0,132105,10106,11;
11431936800;741807,44904,1,5955,385,110,34532,8522,22,34452,5009,138,132037,0,0,33311,14294,0,33310,8476,5,32408,0,0,32350,5068,183,33290,8486,2,33301,0,0,132105,10107,11;
11532373100;741908,44904,1,5960,384,108,34532,8524,21,34452,5008,136,132037,0,0,33311,14293,0,33310,8476,5,32408,0,0,32350,5069,187,33290,8485,2,33301,0,0,132105,10110,11;
11631681900;742007,44904,1,5965,388,102,34532,8524,21,34452,5008,136,132037,0,0,33311,14278,0,33310,8474,5,32408,0,0,32350,5068,185,33290,8485,2,33301,0,0,132105,10107,11;
11731471900;742107,44904,1,6041,452,12,34532,8522,21,34452,5007,137,132037,0,0,33311,14283,0,33310,8441,5,32408,0,0,32350,5067,184,33290,8485,2,33301,0,0,132105,10107,12;
11833090300;742209,44904,1,5963,385,106,34532,8525,21,34452,5008,139,132037,0,0,33311,14288,0,33310,8476,5,32408,0,0,32350,5068,183,33290,8487,2,33301,0,0,132105,10109,11;
11933944900;742309,44904,1,6041,449,12,34532,8524,21,34452,5008,140,132037,0,0,33311,14287,0,33310,8443,5,32408,0,0,32350,5069,182,33290,8488,2,33301,0,0,132105,10109,12;
12032466000;742408,44904,1,5955,383,114,34532,8522,21,34452,5007,141,132037,0,0,33311,14292,0,33310,8476,5,32408,0,0,32350,5067,183,33290,8488,2,33301,0,0,132105,10110,12;
12130154800;742506,44904,1,5963,386,105,34532,8524,21,34452,5008,144,132037,0,0,33311,14299,0,33310,8475,5,32408,0,0,32350,5068,183,33290,8486,2,33301,0,0,132105,10108,12;
12234296700;742610,44904,1,5950,381,117,34532,8521,21,34452,5008,147,132037,0,0,33311,14283,0,33310,8477,5,32408,0,0,32350,5068,182,33290,8488,2,33301,0,0,132105,10108,12;
12332633400;742708,44904,1,6041,449,12,34532,8524,20,34452,5008,146,132037,0,0,33311,14298,0,33310,8443,5,32408,0,0,32350,5068,181,33290,8486,2,33301,0,0,132105,10111,12;
12433881800;742809,44904,1,6041,451,11,34532,8523,20,34452,5008,146,132037,0,0,33311,14287,0,33310,8442,5,32408,0,0,32350,5068,183,33290,8487,2,33301,0,0,132105,10109,12;
12531375700;742907,44904,1,5950,381,117,34532,8521,20,34452,5008,145,132037,0,0,33311,14293,0,33310,8477,5,32408,0,0,32350,5068,181,33290,8488,2,33301,0,0,132105,10110,12;
12631701400;743007,44904,1,5963,389,102,34532,8523,21,34452,5009,143,132037,0,0,33311,14297,0,33310,8474,5,32408,0,0,32350,5067,180,33290,8489,2,33301,0,0,132105,10110,12;
12730773300;743106,44904,1,6043,453,8,34532,8523,21,34452,5008,142,132037,0,0,33311,14290,0,33310,8441,5,32408,0,0,32350,5067,185,33290,8488,2,33301,0,0,132105,10109,12;
12831109900;743207,44904,1,5963,386,105,34532,8524,21,34452,5008,142,132037,0,0,33311,14306,0,33310,8475,5,32408,0,0,32350,5068,186,33290,8488,2,33301,0,0,132105,10108,12;
12933424500;743309,44904,1,5953,376,120,34532,8525,21,34452,5007,140,132037,0,0,33311,14305,0,33310,8480,5,32408,0,0,32350,5067,187,33290,8488,2,33301,0,0,132105,10109,11;
13033683000;743409,44904,1,6041,451,11,34532,8523,21,34452,5008,138,132037,0,0,33311,14293,0,33310,8442,5,32408,0,0,32350,5068,186,33290,8488,2,33301,0,0,132105,10108,11;
13129623200;743505,44904,1,5963,386,104,34532,8525,21,34452,5009,138,132037,0,0,33311,14288,0,33310,8476,5,32408,0,0,32350,5069,181,33290,8486,2,33301,0,0,132105,10109,11;
13232990500;743609,44904,1,6038,449,14,34532,8523,21,34452,5008,140,132037,0,0,33311,14293,0,33310,8443,5,32408,0,0,32350,5067,179,33290,8487,2,33301,0,0,132105,10107,11;
13331849100;743707,44904,1,5883,541,-167,34532,8523,21,34452,5009,141,132037,0,0,33311,14293,0,33310,0,0,32408,0,0,32350,5068,179,33290,8486,2,33301,0,0,132105,10110,10;
13429399300;743805,44904,1,6038,447,15,34532,8524,21,34452,5008,138,132037,0,0,33311,14307,0,33310,8444,5,32408,0,0,32350,5068,181,33290,8489,2,33301,0,0,132105,10107,10;
13532252800;743908,44904,1,6038,451,13,34532,8522,21,34452,5008,139,132037,0,0,33311,14330,0,33310,8442,5,32408,0,0,32350,5068,181,33290,8484,2,33301,0,0,132105,10109,10;
13631610000;744008,44904,1,5960,384,108,34532,8524,22,34452,5008,137,132037,0,0,33311,14326,0,33310,8476,5,32408,0,0,32350,5068,184,33290,8484,2,33301,0,0,132105,10108,10;
13731927200;744108,44904,1,6041,449,12,34532,8524,22,34452,5008,137,132037,0,0,33311,14313,0,33310,8443,5,32408,0,0,32350,5069,186,33290,8485,2,33301,0,0,132105,10110,10;
13829698700;744205,44904,1,6033,446,21,34532,8521,22,34452,5006,137,132037,0,0,33311,14327,0,33310,8443,5,32408,0,0,32350,5067,185,33290,8482,2,33301,0,0,132105,10109,10;
13932443400;744308,44904,1,6036,444,19,34532,8524,22,34452,5007,138,132037,0,0,33311,14314,0,33310,8445,5,32408,0,0,32350,5068,182,33290,8489,3,33301,0,0,132105,10108,10;
14032131200;744408,44904,1,5953,379,118,34532,8523,22,34452,5007,139,132037,0,0,33311,14305,0,33310,8478,5,32408,0,0,32350,5067,187,33290,8482,2,33301,0,0,132105,10109,10;
14133289500;744509,44904,1,6038,450,12,34532,8523,21,34452,5009,140,132037,0,0,33311,14309,0,33310,8443,5,32408,0,0,32350,5068,190,33290,8485,2,33301,0,0,132105,10108,11;
14233533300;744609,44904,1,6033,443,20,34532,8524,21,34452,5008,139,132037,0,0,33311,14308,0,33310,8446,5,32408,0,0,32350,5069,188,33290,8488,2,33301,0,0,132105,10107,10;
14330202800;744705,44904,1,6038,447,15,34532,8524,21,34452,5008,139,132037,0,0,33311,14323,0,33310,8444,5,32408,0,0,32350,5068,186,33290,8487,2,33301,0,0,132105,10108,10;
14431435600;744807,44904,1,6041,453,10,34532,8522,22,34452,5008,141,132037,0,0,33311,14306,0,33310,8441,5,32408,0,0,32350,5068,184,33290,8486,2,33301,0,0,132105,10111,10;
14531990000;744908,44904,1,6045,454,4,34532,8524,22,34452,5009,142,132037,0,0,33311,14306,0,33310,8441,5,32408,0,0,32350,5067,180,33290,8485,2,33301,0,0,132105,10110,10;
14629933400;745005,44904,1,5960,385,106,34532,8524,22,34452,5009,141,132037,0,0,33311,14311,0,33310,8476,5,32408,0,0,32350,5068,178,33290,8484,2,33301,0,0,132105,10106,10;
14732153100;745108,44904,1,5950,380,118,34532,8522,21,34452,5008,140,132037,0,0,33311,14297,0,33310,8478,5,32408,0,0,32350,5067,172,33290,8483,2,33301,0,0,132105,10110,10;
14830156200;745206,44904,1,5955,382,113,34532,8523,21,34452,5008,139,132037,0,0,33311,14300,0,33310,8477,5,32408,0,0,32350,5067,166,33290,8489,2,33301,0,0,132105,10106,10;
14932293900;745308,44904,1,6028,444,25,34532,8521,21,34452,5007,137,132037,0,0,33311,14302,0,33310,8445,5,32408,0,0,32350,5067,165,33290,8484,2,33301,0,0,132105,10108,10;
15031964100;745408,44904,1,5953,382,115,34532,8522,21,34452,5008,139,132037,0,0,33311,14305,0,33310,8477,5,32408,0,0,32350,5067,174,33290,8486,2,33301,0,0,132105,10110,10;
15132047600;745508,44904,1,6041,451,11,34532,8523,21,34452,5008,138,132037,0,0,33311,14299,0,33310,8442,5,32408,0,0,32350,5067,176,33290,8485,2,33301,0,0,132105,10110,10;
15229982700;745606,44904,1,6036,448,17,34532,8522,21,34452,5007,138,132037,0,0,33311,14299,0,33310,8443,5,32408,0,0,32350,5066,174,33290,8486,2,33301,0,0,132105,10107,10;
15332406800;745708,44904,1,5955,384,112,34532,8522,21,34452,5008,141,132037,0,0,33311,14304,0,33310,8476,5,32408,0,0,32350,5068,176,33290,8485,2,33301,0,0,132105,10109,11;
15432544100;745808,44904,1,5958,382,111,34532,8524,21,34452,5008,142,132037,0,0,33311,14298,0,33310,8477,5,32408,0,0,32350,5068,181,33290,8484,2,33301,0,0,132105,10107,11;
15535119300;745910,44904,1,5955,383,114,34532,8522,21,34452,5007,142,132037,0,0,33311,14316,0,33310,8476,5,32408,0,0,32350,5067,186,33290,8486,2,33301,0,0,132105,10107,11;
15629318200;746005,44904,1,5953,382,115,34532,8522,22,34452,5008,142,132037,0,0,33311,14323,0,33310,8477,5,32408,0,0,32350,5067,192,33290,8486,2,33301,0,0,132105,10113,11;
15731158300;746107,44904,1,5953,383,113,34532,8522,22,34452,5009,142,132037,0,0,33311,14309,0,33310,8477,5,32408,0,0,32350,5067,192,33290,8485,2,33301,0,0,132105,10105,11;
15834538300;746210,44904,1,5953,382,115,34532,8522,22,34452,5008,140,132037,0,0,33311,14309,0,33310,8477,5,32408,0,0,32350,5068,190,33290,8483,2,33301,0,0,132105,10108,11;
15931316500;746307,44904,1,6033,447,18,34532,8522,21,34452,5008,138,132037,0,0,33311,14296,0,33310,8444,5,32408,0,0,32350,5068,192,33290,8486,2,33301,0,0,132105,10110,11;
16028587800;746404,44904,1,6036,448,15,34532,8523,21,34452,5009,137,132037,0,0,33311,14305,0,33310,8444,5,32408,0,0,32350,5068,196,33290,8487,2,33301,0,0,132105,10107,11;
16132566700;746508,44904,1,5955,382,113,34532,8523,21,34452,5008,135,132037,0,0,33311,14293,0,33310,8477,5,32408,0,0,32350,5069,194,33290,8485,2,33301,0,0,132105,10109,11;
16233063700;746609,44904,1,5958,386,109,34532,8522,21,34452,5008,135,132037,0,0,33311,14297,0,33310,8475,5,32408,0,0,32350,5069,191,33290,8483,3,33301,0,0,132105,10107,11;
16333178100;746709,44904,1,5960,386,107,34532,8523,22,34452,5008,135,132037,0,0,33311,14299,0,33310,8475,5,32408,0,0,32350,5068,184,33290,8485,2,33301,0,0,132105,10109,11;
16429308200;746805,44904,1,6043,453,8,34532,8523,21,34452,5008,134,132037,0,0,33311,14288,0,33310,8441,5,32408,0,0,32350,5067,179,33290,8484,2,33301,0,0,132105,10108,11;
16530409500;746907,44904,1,5882,539,-165,34532,8523,21,34452,5008,135,132037,0,0,33311,14293,0,33310,0,0,32408,0,0,32350,5068,180,33290,8484,2,33301,0,0,132105,10108,11;
16631500400;747008,44904,1,6036,449,16,34532,8521,21,34452,5007,135,132037,0,0,33311,14296,0,33310,8442,5,32408,0,0,32350,5068,183,33290,8484,2,33301,0,0,132105,10110,11;
16729087900;747105,44904,1,5963,386,105,34532,8524,22,34452,5008,137,132037,0,0,33311,14305,0,33310,8475,5,32408,0,0,32350,5067,181,33290,8484,2,33301,0,0,132105,10108,11;
16830122400;747206,44904,1,5908,497,-75,34532,8524,22,34452,5009,137,132037,0,0,33311,14319,0,33310,0,0,32408,0,0,32350,5068,179,33290,8486,2,33301,0,0,132105,10107,11;
16931369100;747307,44904,1,5963,390,103,34532,8522,22,34452,5008,137,132037,0,0,33311,14327,0,33310,8473,5,32408,0,0,32350,5068,180,33290,8484,2,33301,0,0,132105,10108,11;
17033469700;747409,44904,1,5960,384,108,34532,8524,21,34452,5008,137,132037,0,0,33311,14310,0,33310,8476,5,32408,0,0,32350,5069,175,33290,8485,2,33301,0,0,132105,10111,12;
17133061000;747509,44904,1,5955,386,112,34532,8520,21,34452,5007,139,132037,0,0,33311,14307,0,33310,8474,5,32408,0,0,32350,5067,171,33290,8486,2,33301,0,0,132105,10107,12;
17234205400;747610,44904,1,5963,385,107,34532,8524,21,34452,5007,139,132037,0,0,33311,14302,0,33310,8475,5,32408,0,0,32350,5068,177,33290,8486,2,33301,0,0,132105,10109,12;
17329744000;747706,44904,1,5963,387,106,34532,8523,21,34452,5007,137,132037,0,0,33311,14315,0,33310,8474,5,32408,0,0,32350,5069,183,33290,8486,2,33301,0,0,132105,10108,12;
17432204300;747808,44904,1,5894,519,-122,34532,8523,22,34452,5008,137,132037,0,0,33311,14305,0,33310,0,0,32408,0,0,32350,5068,184,33290,8487,2,33301,0,0,132105,10107,12;
17531825600;747908,44904,1,5955,384,112,34532,8522,22,34452,5008,133,132037,0,0,33311,14320,0,33310,8476,5,32408,0,0,32350,5068,180,33290,8485,2,33301,0,0,132105,10105,12;
17627893700;748004,44904,1,5963,388,104,34532,8523,22,34452,5008,134,132037,0,0,33311,14309,0,33310,8474,5,32408,0,0,32350,5067,181,33290,8485,2,33301,0,0,132105,10107,12;
17730572200;748107,44904,1,5960,384,111,34532,8523,22,34452,5006,141,132037,0,0,33311,14317,0,33310,8475,5,32408,0,0,32350,5067,183,33290,8484,2,33301,0,0,132105,10108,12;
17831937200;748208,44904,1,6041,451,11,34532,8523,22,34452,5008,143,132037,0,0,33311,14318,0,33310,8442,5,32408,0,0,32350,5068,182,33290,8484,3,33301,0,0,132105,10108,12;
17933585800;748310,44904,1,5963,387,106,34532,8523,22,34452,5007,145,132037,0,0,33311,14310,0,33310,8474,5,32408,0,0,32350,5068,180,33290,8486,2,33301,0,0,132105,10111,12;
18028955800;748405,44904,1,6041,453,10,34532,8522,21,34452,5008,144,132037,0,0,33311,14344,0,33310,8441,5,32408,0,0,32350,5068,174,33290,8485,2,33301,0,0,132105,10108,11;
18130309900;748507,44904,1,6043,454,6,34532,8523,21,34452,5009,138,132037,0,0,33311,14332,0,33310,8441,5,32408,0,0,32350,5068,170,33290,8488,2,33301,0,0,132105,10110,11;
18228309100;748605,44904,1,5965,389,103,34532,8523,22,34452,5007,138,132037,0,0,33311,14305,0,33310,8473,5,32408,0,0,32350,5067,167,33290,8484,2,33301,0,0,132105,10108,11;
18331115700;748707,44904,1,5963,390,103,34532,8522,21,34452,5008,140,132037,0,0,33311,14304,0,33310,8473,5,32408,0,0,32350,5067,164,33290,8485,3,33301,0,0,132105,10111,11;
18431461800;748808,44904,1,5963,390,103,34532,8522,21,34452,5008,139,132037,0,0,33311,14301,0,33310,8473,5,32408,0,0,32350,5067,162,33290,8486,2,33301,0,0,132105,10106,11;
18531748800;748908,44904,1,5963,386,105,34532,8524,21,34452,5008,141,132037,0,0,33311,14309,0,33310,8475,5,32408,0,0,32350,5067,161,33290,8485,2,33301,0,0,132105,10107,11;
18628150800;749005,44904,1,5968,390,99,34532,8524,21,34452,5008,146,132037,0,0,33311,14298,0,33310,8473,5,32408,0,0,32350,5067,159,33290,8486,2,33301,0,0,132105,10108,11;
18731152600;749108,44904,1,5960,386,107,34532,8523,21,34452,5008,147,132037,0,0,33311,14290,0,33310,8475,5,32408,0,0,32350,5066,159,33290,8484,2,33301,0,0,132105,10109,11;
18830433200;749207,44904,1,5968,388,100,34532,8525,21,34452,5008,145,132037,0,0,33311,14287,0,33310,8474,5,32408,0,0,32350,5067,163,33290,8488,2,33301,0,0,132105,10110,11;
18932938900;749309,44904,1,6038,451,14,34532,8521,20,34452,5007,143,132037,0,0,33311,14293,0,33310,8441,5,32408,0,0,32350,5068,166,33290,8486,2,33301,0,0,132105,10107,11;
19028426900;749405,44904,1,6041,453,10,34532,8522,21,34452,5008,142,132037,0,0,33311,14291,0,33310,8441,5,32408,0,0,32350,5067,166,33290,8488,2,33301,0,0,132105,10106,11;
19130789600;749507,44904,1,5955,385,111,34532,8521,21,34452,5008,140,132037,0,0,33311,14297,0,33310,8475,5,32408,0,0,32350,5067,168,33290,8487,2,33301,0,0,132105,10108,11;
19231692900;749608,44904,1,5960,383,110,34532,8524,21,34452,5007,140,132037,0,0,33311,14316,0,33310,8476,5,32408,0,0,32350,5067,166,33290,8488,2,33301,0,0,132105,10106,10;
19332925600;749709,44904,1,5958,383,112,34532,8523,22,34452,5007,140,132037,0,0,33311,14308,0,33310,8476,5,32408,0,0,32350,5068,171,33290,8486,3,33301,0,0,132105,10108,10;
19429028400;749805,44904,1,5963,388,104,34532,8523,22,34452,5008,140,132037,0,0,33311,14309,0,33310,8474,5,32408,0,0,32350,5067,177,33290,8486,2,33301,0,0,132105,10107,10;
19530547500;749907,44904,1,6046,452,8,34532,8524,22,34452,5007,139,132037,0,0,33311,14319,0,33310,8441,5,32408,0,0,32350,5068,179,33290,8484,2,33301,0,0,132105,10110,10;
19627756900;750004,44904,1,5901,513,-106,34532,8523,22,34452,5007,139,132037,0,0,33311,14310,0,33310,0,0,32408,0,0,32350,5068,179,33290,8486,2,33301,0,0,132105,10109,10;
19733844800;750110,44904,1,5900,512,-105,34532,8523,21,34452,5007,140,132037,0,0,33311,14310,0,33310,0,0,32408,0,0,32350,5067,179,33290,8485,2,33301,0,0,132105,10108,10;
19831062500;750208,44904,1,5897,517,-116,34532,8523,21,34452,5007,142,132037,0,0,33311,14307,0,33310,0,0,32408,0,0,32350,5068,182,33290,8484,2,33301,0,0,132105,10108,10;
19931688500;750308,44904,1,5910,497,-73,34532,8523,21,34452,5009,141,132037,0,0,33311,14319,0,33310,0,0,32408,0,0,32350,5069,182,33290,8487,2,33301,0,0,132105,10108,10;
20032351800;750409,44904,1,5910,499,-73,34532,8522,21,34452,5007,139,132037,0,0,33311,14318,0,33310,0,0,32408,0,0,32350,5068,179,33290,8485,2,33301,0,0,132105,10108,10;
20133225200;750510,44904,1,5915,487,-49,34532,8522,20,34452,5008,141,132037,0,0,33311,14324,0,33310,0,0,32408,0,0,32350,5067,177,33290,8489,2,33301,0,0,132105,10106,10;
20228292200;750605,44904,1,5889,527,-141,34532,8524,21,34452,5009,143,132037,0,0,33311,14301,0,33310,0,0,32408,0,0,32350,5068,178,33290,8488,2,33301,0,0,132105,10108,10;
20331152700;750708,44904,1,5901,516,-111,34532,8522,21,34452,5007,142,132037,0,0,33311,14308,0,33310,0,0,32408,0,0,32350,5068,179,33290,8488,2,33301,0,0,132105,10110,10;
20430815700;750807,44904,1,5910,502,-82,34532,8523,21,34452,5008,141,132037,0,0,33311,14317,0,33310,0,0,32408,0,0,32350,5068,181,33290,8484,2,33301,0,0,132105,10110,10;
20530482100;750907,44904,1,5893,526,-136,34532,8523,21,34452,5008,135,132037,0,0,33311,14302,0,33310,0,0,32408,0,0,32350,5067,174,33290,8484,2,33301,0,0,132105,10110,11;
20627357600;751004,44904,1,5895,520,-123,34532,8523,21,34452,5008,134,132037,0,0,33311,14305,0,33310,0,0,32408,0,0,32350,5067,176,33290,8484,2,33301,0,0,132105,10108,11;
20730129500;751107,44904,1,5903,509,-99,34532,8523,21,34452,5008,136,132037,0,0,33311,14312,0,33310,0,0,32408,0,0,32350,5067,178,33290,8486,2,33301,0,0,132105,10109,11;
20830258900;751207,44904,1,5894,530,-136,34532,8520,21,34452,5008,137,132037,0,0,33311,14299,0,33310,0,0,32408,0,0,32350,5068,178,33290,8485,2,33301,0,0,132105,10110,11;
20928130200;751305,44904,1,5890,526,-137,34532,8523,21,34452,5008,137,132037,0,0,33311,14301,0,33310,0,0,32408,0,0,32350,5067,177,33290,8487,2,33301,0,0,132105,10108,11;
21029544500;751406,44904,1,5890,532,-147,34532,8522,20,34452,5007,134,132037,0,0,33311,14298,0,33310,0,0,32408,0,0,32350,5068,178,33290,8487,2,33301,0,0,132105,10110,11;
21132562600;751509,44904,1,5889,530,-145,34532,8523,21,34452,5007,134,132037,0,0,33311,14299,0,33310,0,0,32408,0,0,32350,5068,179,33290,8486,2,33301,0,0,132105,10109,11;
21228166800;751605,44904,1,5906,499,-78,34532,8523,21,34452,5007,133,132037,0,0,33311,14317,0,33310,0,0,32408,0,0,32350,5068,182,33290,8489,2,33301,0,0,132105,10106,11;
21330607700;751707,44904,1,5929,479,-26,34532,8522,20,34452,5008,134,132037,0,0,33311,14332,0,33310,0,0,32408,0,0,32350,5067,183,33290,8486,2,33301,0,0,132105,10112,11;
21430363000;751807,44904,1,5922,478,-32,34532,8524,21,34452,5007,134,132037,0,0,33311,14331,0,33310,0,0,32408,0,0,32350,5068,184,33290,8488,2,33301,0,0,132105,10108,11;
21532084100;751909,44904,1,5936,462,9,34532,8522,21,34452,5008,137,132037,0,0,33311,14341,0,33310,0,0,32408,0,0,32350,5067,182,33290,8489,2,33301,0,0,132105,10109,11;
21629802000;752007,44904,1,5950,442,54,34532,8523,21,34452,5008,137,132037,0,0,33311,14354,0,33310,0,0,32408,0,0,32350,5067,183,33290,8486,2,33301,0,0,132105,10110,11;
21729798900;752107,44904,1,5952,439,61,34532,8523,21,34452,5007,137,132037,0,0,33311,14356,0,33310,0,0,32408,0,0,32350,5068,185,33290,8487,2,33301,0,0,132105,10110,11;
21826901200;752204,44904,1,5939,457,22,34532,8522,21,34452,5008,139,132037,0,0,33311,14344,0,33310,0,0,32408,0,0,32350,5068,186,33290,8484,2,33301,0,0,132105,10108,11;
21928905000;752306,44904,1,5914,491,-58,34532,8523,21,34452,5007,138,132037,0,0,33311,14323,0,33310,0,0,32408,0,0,32350,5068,183,33290,8485,2,33301,0,0,132105,10108,11;
22031499800;752408,44904,1,5902,512,-103,34532,8522,22,34452,5009,142,132037,0,0,33311,14310,0,33310,0,0,32408,0,0,32350,5068,181,33290,8488,2,33301,0,0,132105,10109,11;
22131407200;752508,44904,1,5874,553,-194,34532,8523,21,34452,5008,140,132037,0,0,33311,14285,0,33310,0,0,32408,0,0,32350,5067,179,33290,0,0,33301,0,0,132105,10109,11;
22231707900;752608,44904,1,5885,533,-155,34532,8525,21,34452,5008,140,132037,0,0,33311,14298,0,33310,0,0,32408,0,0,32350,5067,176,33290,8485,2,33301,0,0,132105,10109,11;
22327140700;752704,44904,1,5885,539,-170,34532,8526,21,34452,5008,140,132037,0,0,33311,14296,0,33310,0,0,32408,0,0,32350,5067,183,33290,8486,2,33301,0,0,132105,10113,11;
22429435500;752806,44904,1,5877,547,-180,34532,8522,20,34452,5008,140,132037,0,0,33311,14288,0,33310,0,0,32408,0,0,32350,5068,186,33290,8487,2,33301,0,0,132105,10108,11;
22530599500;752907,44904,1,5879,546,-177,34532,8522,20,34452,5008,139,132037,0,0,33311,14289,0,33310,0,0,32408,0,0,32350,5068,183,33290,8489,2,33301,0,0,132105,10109,11;
22633548800;753010,44904,1,5883,545,-176,34532,8523,21,34452,5007,140,132037,0,0,33311,14291,0,33310,0,0,32408,0,0,32350,5068,182,33290,8486,2,33301,0,0,132105,10112,11;
22730524900;753108,44904,1,5876,545,-183,34532,8525,21,34452,5008,143,132037,0,0,33311,14290,0,33310,0,0,32408,0,0,32350,5068,185,33290,8486,2,33301,0,0,132105,10108,11;
22827378900;753205,44904,1,5880,540,-168,34532,8523,21,34452,5008,142,132037,0,0,33311,14292,0,33310,0,0,32408,0,0,32350,5068,184,33290,8486,2,33301,0,0,132105,10107,11;
22931742300;753309,44904,1,5899,516,-113,34532,8523,21,34452,5008,143,132037,0,0,33311,14308,0,33310,0,0,32408,0,0,32350,5068,182,33290,8485,2,33301,0,0,132105,10109,11;
23030011500;753407,44904,1,5904,510,-100,34532,8523,22,34452,5008,144,132037,0,0,33311,14312,0,33310,0,0,32408,0,0,32350,5068,177,33290,8484,2,33301,0,0,132105,10110,11;
23133106800;753510,44904,1,5915,492,-59,34532,8522,21,34452,5008,142,132037,0,0,33311,14322,0,33310,0,0,32408,0,0,32350,5068,184,33290,8485,2,33301,0,0,132105,10108,11;
23227850400;753605,44904,1,5907,500,-79,34532,8523,21,34452,5007,140,132037,0,0,33311,14317,0,33310,0,0,32408,0,0,32350,5068,184,33290,8486,2,33301,0,0,132105,10107,11;
23330356700;753707,44904,1,5898,521,-122,34532,8522,21,34452,5008,141,132037,0,0,33311,14305,0,33310,0,0,32408,0,0,32350,5068,174,33290,8485,2,33301,0,0,132105,10110,11;
23427018400;753804,44904,1,5880,556,-197,34532,8523,21,34452,5008,140,132037,0,0,33311,14286,0,33310,0,0,32408,0,0,32350,5068,169,33290,8486,2,33301,0,0,132105,10115,11;
23529524400;753907,44904,1,5891,527,-138,34532,8523,21,34452,5007,138,132037,0,0,33311,14301,0,33310,0,5,32408,0,0,32350,5068,172,33290,8485,2,33301,0,0,132105,10109,11;
23629053700;754007,44904,1,5965,389,103,34532,8523,22,34452,5007,140,132037,0,0,33311,14289,0,33310,8473,5,32408,0,0,32350,5069,187,33290,8485,3,33301,0,0,132105,10108,11;
23732013600;754109,44904,1,6043,451,9,34532,8524,21,34452,5008,136,132037,0,0,33311,14309,0,33310,8442,5,32408,0,0,32350,5068,189,33290,8486,2,33301,0,0,132105,10113,11;
23825753700;754203,44904,1,5950,381,117,34532,8521,21,34452,5008,136,132037,0,0,33311,14331,0,33310,8477,5,32408,0,0,32350,5069,191,33290,8485,2,33301,0,0,132105,10108,11;
23929019900;754306,44904,1,5965,390,101,34532,8523,21,34452,5008,137,132037,0,0,33311,14321,0,33310,8473,5,32408,0,0,32350,5068,188,33290,8486,2,33301,0,0,132105,10110,11;
24026093700;754404,44904,1,5960,387,105,34532,8523,22,34452,5009,141,132037,0,0,33311,14308,0,33310,8475,5,32408,0,0,32350,5069,192,33290,8484,2,33301,0,0,132105,10106,11;
24130122500;754507,44904,1,5963,388,104,34532,8523,21,34452,5008,140,132037,0,0,33311,14304,0,33310,8474,5,32408,0,0,32350,5069,192,33290,0,0,33301,0,0,132105,10108,11;
24230066100;754607,44904,1,5958,385,111,34532,8522,21,34452,5007,138,132037,0,0,33311,14288,0,33310,8475,5,32408,0,0,32350,5068,187,33290,8484,2,33301,0,0,132105,10107,11;
24331502700;754708,44904,1,5963,385,106,34532,8525,22,34452,5008,139,132037,0,0,33311,14325,0,33310,8476,5,32408,0,0,32350,5068,186,33290,8484,2,33301,0,0,132105,10106,11;
24432190700;754809,44904,1,6041,451,11,34532,8523,21,34452,5008,135,132037,0,0,33311,14326,0,33310,8442,5,32408,0,0,32350,5068,186,33290,8487,2,33301,0,0,132105,10107,11;
24532361300;754910,44904,1,5960,384,108,34532,8524,21,34452,5008,137,132037,0,0,33311,14356,0,33310,8476,5,32408,0,0,32350,5069,183,33290,8487,2,33301,0,0,132105,10107,11;
24629220100;755006,44904,1,5963,389,102,34532,8523,21,34452,5009,141,132037,0,0,33311,14331,0,33310,8474,5,32408,0,0,32350,5068,182,33290,8484,2,33301,0,0,132105,10108,11;
24729805400;755107,44904,1,6038,451,13,34532,8522,21,34452,5008,140,132037,0,0,33311,14311,0,33310,8442,5,32408,0,0,32350,5067,178,33290,8486,2,33301,0,0,132105,10109,11;
24830127800;755207,44904,1,5890,537,-155,34532,8522,20,34452,5007,142,132037,0,0,33311,14296,0,33310,0,0,32408,0,0,32350,5067,177,33290,8487,2,33301,0,0,132105,10112,11;
24930798900;755308,44904,1,6043,454,6,34532,8523,20,34452,5009,143,132037,0,0,33311,14283,0,33310,8441,5,32408,0,0,32350,5068,176,33290,0,0,33301,0,0,132105,10111,11;
25029750300;755406,44904,1,5953,381,117,34532,8522,21,34452,5007,142,132037,0,0,33311,14283,0,33310,8477,5,32408,0,0,32350,5068,177,33290,8487,2,33301,0,0,132105,10110,11;
25126670900;755504,44904,1,5958,382,111,34532,8524,21,34452,5008,142,132037,0,0,33311,14272,0,33310,8477,5,32408,0,0,32350,5068,177,33290,8486,2,33301,0,0,132105,10111,11;
25229746200;755607,44904,1,6041,451,11,34532,8523,21,34452,5008,142,132037,0,0,33311,14273,0,33310,8442,5,32408,0,0,32350,5067,176,33290,8487,2,33301,0,0,132105,10109,11;
25329757300;755706,44904,1,6043,454,6,34532,8523,21,34452,5009,142,132037,0,0,33311,14277,0,33310,8441,5,32408,0,0,32350,5067,176,33290,8485,2,33301,0,0,132105,10110,11;
25426942300;755804,44904,1,5960,387,108,34532,8522,22,34452,5007,142,132037,0,0,33311,14291,0,33310,8474,5,32408,0,0,32350,5068,180,33290,8486,2,33301,0,0,132105,10109,11;
25530041100;755907,44904,1,5960,386,107,34532,8523,21,34452,5008,141,132037,0,0,33311,14298,0,33310,8475,5,32408,0,0,32350,5068,180,33290,8484,2,33301,0,0,132105,10109,11;
25630208900;756008,44904,1,5890,533,-151,34532,8523,21,34452,5008,141,132037,0,0,33311,14298,0,33310,0,0,32408,0,0,32350,5069,181,33290,8485,2,33301,0,0,132105,10111,11;
25730042400;756108,44904,1,5882,547,-180,34532,8523,21,34452,5008,142,132037,0,0,33311,14290,0,33310,0,0,32408,0,0,32350,5068,182,33290,8487,2,33301,0,0,132105,10112,11;
25827070600;756205,44904,1,5958,385,111,34532,8522,22,34452,5007,143,132037,0,0,33311,14295,0,33310,8475,5,32408,0,0,32350,5068,184,33290,8485,3,33301,0,0,132105,10111,11;
25929417500;756307,44904,1,5963,388,104,34532,8523,22,34452,5008,141,132037,0,0,33311,14310,0,33310,8474,5,32408,0,0,32350,5069,187,33290,8487,2,33301,0,0,132105,10108,11;
26029492800;756407,44904,1,6043,452,10,34532,8523,22,34452,5007,143,132037,0,0,33311,14305,0,33310,8441,5,32408,0,0,32350,5068,188,33290,8485,2,33301,0,0,132105,10109,11;
26128317800;756506,44904,1,5955,381,115,34532,8523,22,34452,5007,145,132037,0,0,33311,14292,0,33310,8477,5,32408,0,0,32350,5068,190,33290,8486,2,33301,0,0,132105,10110,11;
26230167000;756607,44904,1,6038,452,12,34532,8521,22,34452,5008,141,132037,0,0,33311,14301,0,33310,8441,5,32408,0,0,32350,5069,189,33290,8485,2,33301,0,0,132105,10107,11;
26326789800;756704,44904,1,5953,380,116,34532,8523,22,34452,5008,136,132037,0,0,33311,14308,0,33310,8478,5,32408,0,0,32350,5068,188,33290,8484,2,33301,0,0,132105,10111,11;
26429202100;756806,44904,1,5963,388,104,34532,8523,22,34452,5008,140,132037,0,0,33311,14313,0,33310,8474,5,32408,0,0,32350,5068,189,33290,8485,2,33301,0,0,132105,10105,11;
26529265500;756906,44904,1,6033,449,18,34532,8520,22,34452,5007,142,132037,0,0,33311,14323,0,33310,8442,5,32408,0,0,32350,5069,189,33290,8483,2,33301,0,0,132105,10109,11;
26629626300;757007,44904,1,5960,387,108,34532,8522,22,34452,5007,139,132037,0,0,33311,14320,0,33310,8474,5,32408,0,0,32350,5067,187,33290,8484,2,33301,0,0,132105,10109,11;
26726041200;757104,44904,1,5958,381,112,34532,8525,22,34452,5008,138,132037,0,0,33311,14350,0,33310,8478,5,32408,0,0,32350,5068,188,33290,8484,2,33301,0,0,132105,10112,11;
26828559000;757206,44904,1,6050,457,1,34532,8524,22,34452,5008,139,132037,0,0,33311,14326,0,33310,8439,5,32408,0,0,32350,5068,188,33290,8484,2,33301,0,0,132105,10106,11;
26928750700;757306,44904,1,5948,377,123,34532,8522,22,34452,5007,137,132037,0,0,33311,14310,0,33310,8479,5,32408,0,0,32350,5068,185,33290,8485,2,33301,0,0,132105,10110,11;
27026470400;757404,44904,1,5963,385,107,34532,8524,22,34452,5007,138,132037,0,0,33311,14317,0,33310,8475,5,32408,0,0,32350,5069,187,33290,8486,2,33301,0,0,132105,10108,11;
27129818400;757507,44904,1,5960,387,105,34532,8523,21,34452,5009,140,132037,0,0,33311,14309,0,33310,8475,5,32408,0,0,32350,5068,190,33290,8483,2,33301,0,0,132105,10107,12;
27229593800;757607,44904,1,5953,382,115,34532,8522,21,34452,5008,138,132037,0,0,33311,14326,0,33310,8477,5,32408,0,0,32350,5067,190,33290,8486,2,33301,0,0,132105,10107,11;
27330275800;757708,44904,1,5953,381,117,34532,8522,21,34452,5007,139,132037,0,0,33311,14327,0,33310,8477,5,32408,0,0,32350,5068,187,33290,8486,2,33301,0,0,132105,10109,12;
27433295700;757811,44904,1,5958,386,109,34532,8522,21,34452,5008,140,132037,0,0,33311,14321,0,33310,8475,5,32408,0,0,32350,5069,188,33290,8488,2,33301,0,0,132105,10112,12;
27526300700;757904,44904,1,6041,451,11,34532,8523,21,34452,5008,139,132037,0,0,33311,14303,0,33310,8442,5,32408,0,0,32350,5068,184,33290,8486,2,33301,0,0,132105,10111,12;
27629390600;758006,44904,1,5958,386,109,34532,8522,20,34452,5008,137,132037,0,0,33311,14312,0,33310,8475,5,32408,0,0,32350,5067,180,33290,8487,2,33301,0,0,132105,10108,11;
27729654000;758107,44904,1,5953,382,115,34532,8522,20,34452,5008,141,132037,0,0,33311,14296,0,33310,8477,5,32408,0,0,32350,5067,179,33290,8486,2,33301,0,0,132105,10109,12;
27831181500;758208,44904,1,6036,450,15,34532,8521,20,34452,5008,145,132037,0,0,33311,14300,0,33310,8442,5,32408,0,0,32350,5067,182,33290,8488,2,33301,0,0,132105,10109,12;
27925698000;758304,44904,1,5894,525,-131,34532,8522,20,34452,5008,143,132037,0,0,33311,14302,0,33310,0,0,32408,0,0,32350,5068,181,33290,8490,2,33301,0,0,132105,10109,11;
28027601200;758405,44904,1,6036,450,15,34532,8521,20,34452,5008,143,132037,0,0,33311,14292,0,33310,8442,5,32408,0,0,32350,5067,184,33290,8490,2,33301,0,0,132105,10108,12;
28130281200;758506,44904,1,5958,384,110,34532,8523,21,34452,5008,142,132037,0,0,33311,14277,0,33310,8476,5,32408,0,0,32350,5068,187,33290,8486,2,33301,0,0,132105,10110,12;
28225446300;758603,44904,1,6033,448,17,34532,8521,21,34452,5008,140,132037,0,0,33311,14283,0,33310,8443,5,32408,0,0,32350,5069,190,33290,8489,2,33301,0,0,132105,10109,11;
28327793100;758705,44904,1,6036,449,16,34532,8522,21,34452,5008,138,132037,0,0,33311,14277,0,33310,8443,5,32408,0,0,32350,5069,190,33290,8488,2,33301,0,0,132105,10108,11;
28428493000;758806,44904,1,6033,447,18,34532,8522,21,34452,5008,141,132037,0,0,33311,14290,0,33310,8444,5,32408,0,0,32350,5068,193,33290,8486,2,33301,0,0,132105,10107,11;
28528883800;758906,44904,1,5958,384,110,34532,8523,20,34452,5008,141,132037,0,0,33311,14299,0,33310,8476,5,32408,0,0,32350,5069,193,33290,8489,2,33301,0,0,132105,10110,11;
28631024800;759009,44904,1,6048,454,5,34532,8524,20,34452,5007,141,132037,0,0,33311,14304,0,33310,8440,5,32408,0,0,32350,5068,191,33290,8489,2,33301,0,0,132105,10104,12;
28728061300;759106,44904,1,6038,451,14,34532,8521,20,34452,5007,139,132037,0,0,33311,14315,0,33310,8441,5,32408,0,0,32350,5068,188,33290,8488,2,33301,0,0,132105,10110,11;
28826285200;759204,44904,1,5891,528,-138,34532,8522,20,34452,5008,143,132037,0,0,33311,14300,0,33310,0,0,32408,0,0,32350,5068,190,33290,8489,2,33301,0,0,132105,10108,11;
28929339200;759306,44904,1,5960,386,107,34532,8523,21,34452,5008,144,132037,0,0,33311,14301,0,33310,8475,5,32408,0,0,32350,5069,190,33290,8486,2,33301,0,0,132105,10107,11;
29029187200;759407,44904,1,5965,390,101,34532,8523,21,34452,5008,141,132037,0,0,33311,14322,0,33310,8473,5,32408,0,0,32350,5068,192,33290,8486,3,33301,0,0,132105,10108,11;
29129787200;759508,44904,1,5958,385,112,34532,8521,22,34452,5006,141,132037,0,0,33311,14317,0,33310,8474,5,32408,0,0,32350,5067,190,33290,8486,2,33301,0,0,132105,10106,11;
29226838700;759604,44904,1,5958,384,110,34532,8523,22,34452,5008,139,132037,0,0,33311,14323,0,33310,8476,5,32408,0,0,32350,5068,190,33290,8484,2,33301,0,0,132105,10108,11;
29327896900;759706,44904,1,5960,386,107,34532,8523,22,34452,5008,135,132037,0,0,33311,14310,0,33310,8475,5,32408,0,0,32350,5068,188,33290,8486,2,33301,0,0,132105,10110,11;
29430354200;759808,44904,1,5963,385,107,34532,8524,21,34452,5007,134,132037,0,0,33311,14313,0,33310,8475,5,32408,0,0,32350,5069,191,33290,8485,2,33301,0,0,132105,10108,11;
29526229000;759904,44904,1,5958,385,111,34532,8522,21,34452,5007,137,132037,0,0,33311,14308,0,33310,8475,5,32408,0,0,32350,5068,192,33290,8489,2,33301,0,0,132105,10109,11;
29628961400;760007,44904,1,5955,385,111,34532,8521,21,34452,5008,137,132037,0,0,33311,14321,0,33310,8475,5,32408,0,0,32350,5069,192,33290,8487,2,33301,0,0,132105,10111,11;
29728320300;760106,44904,1,5945,379,122,34532,8520,20,34452,5008,135,132037,0,0,33311,14318,0,33310,8478,5,32408,0,0,32350,5068,192,33290,8487,2,33301,0,0,132105,10110,12;
29830005700;760208,44904,1,5963,388,104,34532,8523,21,34452,5008,134,132037,0,0,33311,14305,0,33310,8474,5,32408,0,0,32350,5068,188,33290,8485,2,33301,0,0,132105,10111,12;
29926076200;760304,44904,1,5965,387,104,34532,8524,21,34452,5007,134,132037,0,0,33311,14295,0,33310,8474,5,32408,0,0,32350,5068,183,33290,8488,2,33301,0,0,132105,10108,12;
30029458600;760407,44904,1,5960,389,104,34532,8522,20,34452,5009,137,132037,0,0,33311,14309,0,33310,8474,5,32408,0,0,32350,5068,179,33290,8487,2,33301,0,0,132105,10108,12;
30127307400;760506,44904,1,5968,392,98,34532,8523,20,34452,5008,139,132037,0,0,33311,14293,0,33310,8472,5,32408,0,0,32350,5067,174,33290,0,0,33301,0,0,132105,10110,12;
30230296900;760608,44904,1,5899,523,-123,34532,8521,20,34452,5007,138,132037,0,0,33311,14304,0,33310,0,0,32408,0,0,32350,5067,175,33290,8488,2,33301,0,0,132105,10111,12;
30326585600;760704,44904,1,5958,387,108,34532,8521,21,34452,5008,137,132037,0,0,33311,14302,0,33310,8474,5,32408,0,0,32350,5067,175,33290,8487,2,33301,0,0,132105,10112,12;
30428241500;760806,44904,1,5953,382,116,34532,8521,21,34452,5007,135,132037,0,0,33311,14305,0,33310,8476,5,32408,0,0,32350,5067,179,33290,8486,2,33301,0,0,132105,10108,12;
30529635000;760908,44904,1,5960,390,106,34532,8520,21,34452,5007,136,132037,0,0,33311,14298,0,33310,8472,5,32408,0,0,32350,5068,181,33290,8487,2,33301,0,0,132105,10108,12;
30629753800;761008,44904,1,6043,452,10,34532,8523,21,34452,5007,138,132037,0,0,33311,14302,0,33310,8441,5,32408,0,0,32350,5068,180,33290,8486,2,33301,0,0,132105,10113,12;
30727335200;761106,44904,1,5963,390,103,34532,8522,21,34452,5008,137,132037,0,0,33311,14297,0,33310,8473,5,32408,0,0,32350,5067,173,33290,8488,2,33301,0,0,132105,10110,12;
30828060800;761206,44904,1,5960,386,107,34532,8523,21,34452,5008,137,132037,0,0,33311,14305,0,33310,8475,5,32408,0,0,32350,5067,172,33290,8484,2,33301,0,0,132105,10110,11;
