22358149200;253860,44904,1,1827,401,287,34532,8756,20,34452,7878,21,132037,0,0,33311,13249,0,33310,10163,3,32408,0,0,32350,7819,25,33290,8750,2,33301,0,0,132105,6687,48;
22459323300;253960,44904,1,1814,395,315,34532,8753,19,34452,7878,21,132037,0,0,33311,13248,0,33310,10165,3,32408,0,0,32350,7819,24,33290,8748,2,33301,0,0,132105,6688,48;
22559134600;254061,44904,1,1822,400,296,34532,8754,20,34452,7878,22,132037,0,0,33311,13243,0,33310,10163,3,32408,0,0,32350,7819,25,33290,8750,2,33301,0,0,132105,6688,48;
22654265000;254156,44904,1,1822,397,302,34532,8754,20,34452,7876,22,132037,0,0,33311,13238,0,33310,10163,3,32408,0,0,32350,7818,25,33290,8749,2,33301,0,0,132105,6688,49;
22758030600;254260,44904,1,1842,367,118,34532,8754,20,34452,7876,22,132037,0,0,33311,13238,0,33310,0,0,32408,0,0,32350,7818,25,33290,8747,2,33301,0,0,132105,6690,49;
22858591200;254360,44904,1,1829,401,282,34532,8757,19,34452,7878,22,132037,0,0,33311,13252,0,33310,10163,3,32408,0,0,32350,7818,24,33290,8752,2,33301,0,0,132105,6687,48;
22956994900;254459,44904,1,1825,405,287,34532,8753,20,34452,7878,22,132037,0,0,33311,13238,0,33310,10161,3,32408,0,0,32350,7817,24,33290,8747,2,33301,0,0,132105,6690,49;
23055244000;254557,44904,1,1819,398,303,34532,8754,20,34452,7878,22,132037,0,0,33311,13238,0,33310,10164,3,32408,0,0,32350,7818,24,33290,8750,2,33301,0,0,132105,6688,49;
23156940800;254658,44904,1,1827,399,290,34532,8756,20,34452,7877,22,132037,0,0,33311,13240,0,33310,10163,3,32408,0,0,32350,7817,25,33290,8748,2,33301,0,0,132105,6688,49;
23256765300;254759,44904,1,1825,403,289,34532,8754,20,34452,7878,22,132037,0,0,33311,13246,0,33310,10162,3,32408,0,0,32350,7819,24,33290,8749,2,33301,0,0,132105,6689,49;
23358513700;254860,44904,1,1820,397,307,34532,8753,19,34452,7876,22,132037,0,0,33311,13244,0,33310,10163,3,32408,0,0,32350,7819,24,33290,8750,2,33301,0,0,132105,6688,49;
23458458100;254960,44904,1,1843,363,126,34532,8754,20,34452,7879,22,132037,0,0,33311,13240,0,33310,0,0,32408,0,0,32350,7819,24,33290,8749,2,33301,0,0,132105,6688,49;
23553469700;255056,44904,1,1824,404,285,34532,8755,20,34452,7880,22,132037,0,0,33311,13255,0,33310,10163,3,32408,0,0,32350,7821,24,33290,8749,2,33301,0,0,132105,6688,49;
23656102000;255158,44904,1,1830,400,286,34532,8756,19,34452,7876,22,132037,0,0,33311,13245,0,33310,10162,3,32408,0,0,32350,7818,23,33290,8751,2,33301,0,0,132105,6688,49;
23757913800;255259,44904,1,1820,400,301,34532,8753,20,34452,7878,22,132037,0,0,33311,13238,0,33310,10163,3,32408,0,0,32350,7817,23,33290,8749,2,33301,0,0,132105,6688,49;
23857069100;255359,44904,1,1819,398,303,34532,8754,19,34452,7878,22,132037,0,0,33311,13246,0,33310,10164,3,32408,0,0,32350,7819,23,33290,8752,2,33301,0,0,132105,6687,50;
23953132100;255455,44904,1,1820,400,301,34532,8753,19,34452,7878,23,132037,0,0,33311,13244,0,33310,10163,3,32408,0,0,32350,7820,24,33290,8749,2,33301,0,0,132105,6687,49;
24055801200;255558,44904,1,1825,403,289,34532,8754,19,34452,7878,23,132037,0,0,33311,13245,0,33310,10162,3,32408,0,0,32350,7818,24,33290,8747,2,33301,0,0,132105,6687,50;
24157271000;255659,44904,1,1825,403,289,34532,8754,19,34452,7878,21,132037,0,0,33311,13247,0,33310,10162,3,32408,0,0,32350,7819,24,33290,8752,2,33301,0,0,132105,6688,50;
24257242800;255759,44904,1,1819,399,300,34532,8754,19,34452,7879,20,132037,0,0,33311,13244,0,33310,10164,3,32408,0,0,32350,7816,23,33290,8749,2,33301,0,0,132105,6687,49;
24352486800;255855,44904,1,1822,399,299,34532,8754,19,34452,7877,21,132037,0,0,33311,13239,0,33310,10163,3,32408,0,0,32350,7818,24,33290,8749,2,33301,0,0,132105,6688,49;
24456543400;255959,44904,1,1824,399,293,34532,8756,19,34452,7878,22,132037,0,0,33311,13242,0,33310,10164,3,32408,0,0,32350,7819,23,33290,8747,2,33301,0,0,132105,6687,50;
24555544800;256058,44904,1,1829,403,280,34532,8756,19,34452,7878,22,132037,0,0,33311,13242,0,33310,10162,3,32408,0,0,32350,7820,24,33290,8748,2,33301,0,0,132105,6688,50;
24657030000;256159,44904,1,1824,399,294,34532,8755,19,34452,7877,22,132037,0,0,33311,13248,0,33310,10163,3,32408,0,0,32350,7818,24,33290,8752,2,33301,0,0,132105,6689,49;
24752385100;256255,44904,1,1824,404,285,34532,8755,19,34452,7880,21,132037,0,0,33311,13248,0,33310,10163,4,32408,0,0,32350,7818,24,33290,8748,2,33301,0,0,132105,6687,50;
24854602400;256357,44904,1,1825,401,292,34532,8754,19,34452,7877,21,132037,0,0,33311,13242,0,33310,10162,3,32408,0,0,32350,7818,24,33290,8751,2,33301,0,0,132105,6687,50;
24955880800;256458,44904,1,1825,403,289,34532,8754,19,34452,7878,21,132037,0,0,33311,13246,0,33310,10162,3,32408,0,0,32350,7819,24,33290,8750,2,33301,0,0,132105,6688,50;
25055803700;256558,44904,1,1841,362,124,34532,8756,19,34452,7878,21,132037,0,0,33311,13241,0,33310,0,0,32408,0,0,32350,7819,24,33290,8751,2,33301,0,0,132105,6688,51;
25157270400;256660,44904,1,1819,402,298,34532,8753,19,34452,7879,21,132037,0,0,33311,13250,0,33310,10163,4,32408,0,0,32350,7821,24,33290,8747,2,33301,0,0,132105,6687,51;
25257475900;256760,44904,1,1819,402,298,34532,8753,19,34452,7879,21,132037,0,0,33311,13249,0,33310,10163,4,32408,0,0,32350,7818,24,33290,8748,2,33301,0,0,132105,6686,50;
25353556600;256856,44904,1,1827,406,279,34532,8754,19,34452,7879,21,132037,0,0,33311,13250,0,33310,10161,4,32408,0,0,32350,7816,24,33290,8749,2,33301,0,0,132105,6687,50;
25456715600;256959,44904,1,1832,408,271,34532,8755,19,34452,7878,21,132037,0,0,33311,13244,0,33310,10160,4,32408,0,0,32350,7819,24,33290,8749,2,33301,0,0,132105,6687,50;
25555821200;257058,44904,1,1830,406,279,34532,8754,19,34452,7877,21,132037,0,0,33311,13248,0,33310,10160,4,32408,0,0,32350,7818,24,33290,8749,2,33301,0,0,132105,6688,50;
25656782800;257159,44904,1,1827,406,278,34532,8755,19,34452,7880,22,132037,0,0,33311,13256,0,33310,10162,4,32408,0,0,32350,7819,25,33290,8747,2,33301,0,0,132105,6688,50;
25753183800;257256,44904,1,1819,396,306,34532,8754,19,34452,7877,22,132037,0,0,33311,13252,0,33310,10164,3,32408,0,0,32350,7820,25,33290,8750,2,33301,0,0,132105,6690,50;
25854627800;257357,44904,1,1830,400,286,34532,8756,19,34452,7876,22,132037,0,0,33311,13244,0,33310,10162,3,32408,0,0,32350,7818,25,33290,8749,2,33301,0,0,132105,6687,51;
25956095900;257458,44904,1,1830,402,284,34532,8755,19,34452,7876,22,132037,0,0,33311,13246,0,33310,10161,3,32408,0,0,32350,7819,25,33290,8751,2,33301,0,0,132105,6688,50;
26057742400;257560,44904,1,1844,357,132,34532,8757,19,34452,7880,22,132037,0,0,33311,13245,0,33310,0,0,32408,0,0,32350,7818,25,33290,8751,2,33301,0,0,132105,6688,50;
26157495200;257660,44904,1,1827,403,286,34532,8754,19,34452,7877,23,132037,0,0,33311,13239,0,33310,10161,4,32408,0,0,32350,7818,25,33290,8751,2,33301,0,0,132105,6688,50;
26253532200;257756,44904,1,1819,396,306,34532,8754,19,34452,7877,22,132037,0,0,33311,13243,0,33310,10164,3,32408,0,0,32350,7819,26,33290,8749,2,33301,0,0,132105,6687,49;
26353473100;257856,44904,1,1825,401,292,34532,8754,19,34452,7877,22,132037,0,0,33311,13241,0,33310,10162,3,32408,0,0,32350,7819,26,33290,8748,2,33301,0,0,132105,6686,50;
26452543300;257956,44904,1,1830,400,286,34532,8756,20,34452,7876,22,132037,0,0,33311,13238,0,33310,10162,4,32408,0,0,32350,7819,26,33290,8749,2,33301,0,0,132105,6688,50;
26553127900;258056,44904,1,1827,403,285,34532,8755,19,34452,7878,22,132037,0,0,33311,13245,0,33310,10162,3,32408,0,0,32350,7820,26,33290,8748,2,33301,0,0,132105,6688,50;
26653360700;258156,44904,1,1819,401,297,34532,8754,19,34452,7880,22,132037,0,0,33311,13242,0,33310,10164,3,32408,0,0,32350,7818,26,33290,8747,2,33301,0,0,132105,6688,50;
26756219800;258259,44904,1,1848,354,139,34532,8755,20,34452,7878,22,132037,0,0,33311,13246,0,33310,0,0,32408,0,0,32350,7819,27,33290,0,0,33301,0,0,132105,6688,50;
26859950400;258359,44904,1,1850,351,147,34532,8754,20,34452,7876,22,132037,0,0,33311,13248,0,33310,0,0,32408,0,0,32350,7818,27,33290,8747,2,33301,0,0,132105,6687,50;
26952480600;258455,44904,1,1841,361,128,34532,8756,20,34452,7879,22,132037,0,0,33311,13242,0,33310,0,0,32408,0,0,32350,7819,27,33290,8748,2,33301,0,0,132105,6687,50;
27056148700;258559,44904,1,1848,351,143,34532,8756,19,34452,7876,22,132037,0,0,33311,13248,0,33310,0,0,32408,0,0,32350,7820,27,33290,8747,2,33301,0,0,132105,6687,50;
27152432500;258656,44904,1,1851,350,147,34532,8755,19,34452,7880,22,132037,0,0,33311,13249,0,33310,0,0,32408,0,0,32350,7819,26,33290,8749,2,33301,0,0,132105,6688,50;
27253700900;258756,44904,1,1848,352,143,34532,8755,19,34452,7876,22,132037,0,0,33311,13247,0,33310,0,0,32408,0,0,32350,7818,26,33290,8748,2,33301,0,0,132105,6687,50;
27353262500;258856,44904,1,1848,356,139,34532,8754,19,34452,7876,22,132037,0,0,33311,13245,0,33310,0,0,32408,0,0,32350,7818,26,33290,8748,2,33301,0,0,132105,6688,50;
27455549000;258958,44904,1,1849,354,141,34532,8754,20,34452,7880,23,132037,0,0,33311,13246,0,33310,0,0,32408,0,0,32350,7818,25,33290,8747,2,33301,0,0,132105,6688,50;
27556465700;259059,44904,1,1852,356,140,34532,8752,20,34452,7875,22,132037,0,0,33311,13245,0,33310,0,0,32408,0,0,32350,7819,25,33290,8750,2,33301,0,0,132105,6690,51;
27652303200;259155,44904,1,1846,359,133,34532,8754,20,34452,7878,22,132037,0,0,33311,13243,0,33310,0,0,32408,0,0,32350,7816,24,33290,8746,2,33301,0,0,132105,6688,50;
27755338200;259259,44904,1,1847,356,136,34532,8755,20,34452,7880,22,132037,0,0,33311,13245,0,33310,0,0,32408,0,0,32350,7817,24,33290,8748,2,33301,0,0,132105,6688,50;
27854286400;259357,44904,1,1857,346,152,34532,8754,19,34452,7879,22,132037,0,0,33311,13252,0,33310,0,0,32408,0,0,32350,7819,25,33290,8748,2,33301,0,0,132105,6691,51;
27956194200;259459,44904,1,1849,352,145,34532,8754,19,34452,7878,22,132037,0,0,33311,13247,0,33310,0,0,32408,0,0,32350,7818,25,33290,8747,2,33301,0,0,132105,6687,50;
28053532900;259556,44904,1,1851,350,147,34532,8755,19,34452,7876,22,132037,0,0,33311,13249,0,33310,0,0,32408,0,0,32350,7820,26,33290,8748,2,33301,0,0,132105,6688,50;
28156077600;259659,44904,1,1850,349,147,34532,8756,19,34452,7877,21,132037,0,0,33311,13250,0,33310,0,0,32408,0,0,32350,7819,25,33290,8747,2,33301,0,0,132105,6688,50;
28256591700;259759,44904,1,1841,359,128,34532,8757,20,34452,7879,22,132037,0,0,33311,13243,0,33310,0,0,32408,0,0,32350,7818,25,33290,8749,2,33301,0,0,132105,6687,50;
28352650200;259856,44904,1,1843,363,126,34532,8754,19,34452,7878,22,132037,0,0,33311,13240,0,33310,0,0,32408,0,0,32350,7816,24,33290,8747,2,33301,0,0,132105,6688,50;
28455008300;259958,44904,1,1858,343,161,34532,8753,20,34452,7878,22,132037,0,0,33311,13253,0,33310,0,0,32408,0,0,32350,7816,23,33290,8749,2,33301,0,0,132105,6688,50;
28555002400;260057,44904,1,1849,349,143,34532,8757,20,34452,7880,22,132037,0,0,33311,13250,0,33310,0,0,32408,0,0,32350,7818,23,33290,8747,2,33301,0,0,132105,6689,50;
28656356900;260159,44904,1,1840,363,121,34532,8757,20,34452,7879,22,132037,0,0,33311,13241,0,33310,0,0,32408,0,0,32350,7821,23,33290,8747,2,33301,0,0,132105,6689,50;
28756261000;260260,44904,1,1848,356,140,34532,8753,20,34452,7879,23,132037,0,0,33311,13244,0,33310,0,0,32408,0,0,32350,7819,24,33290,8747,2,33301,0,0,132105,6687,49;
28852664100;260356,44904,1,1845,359,131,34532,8755,20,34452,7879,22,132037,0,0,33311,13243,0,33310,0,0,32408,0,0,32350,7820,25,33290,8749,2,33301,0,0,132105,6688,49;
28954119100;260457,44904,1,1846,359,133,34532,8754,19,34452,7879,21,132037,0,0,33311,13243,0,33310,0,0,32408,0,0,32350,7819,26,33290,8748,2,33301,0,0,132105,6688,49;
29055370200;260559,44904,1,1847,357,136,34532,8754,19,34452,7876,22,132037,0,0,33311,13244,0,33310,0,0,32408,0,0,32350,7819,25,33290,8749,2,33301,0,0,132105,6688,49;
29157097300;260660,44904,1,1843,361,129,34532,8755,19,34452,7876,22,132037,0,0,33311,13242,0,33310,0,0,32408,0,0,32350,7819,25,33290,8749,2,33301,0,0,132105,6688,49;
29252563600;260756,44904,1,1842,362,126,34532,8755,20,34452,7879,21,132037,0,0,33311,13241,0,33310,0,0,32408,0,0,32350,7820,26,33290,8749,2,33301,0,0,132105,6688,49;
29352270000;260855,44904,1,1843,361,129,34532,8755,19,34452,7880,21,132037,0,0,33311,13242,0,33310,0,0,32408,0,0,32350,7820,26,33290,8747,2,33301,0,0,132105,6688,49;
29452443200;260956,44904,1,1852,349,148,34532,8755,19,34452,7877,21,132037,0,0,33311,13250,0,33310,0,0,32408,0,0,32350,7820,26,33290,8747,2,33301,0,0,132105,6689,49;
29553570800;261057,44904,1,1846,360,133,34532,8753,19,34452,7881,21,132037,0,0,33311,13242,0,33310,0,0,32408,0,0,32350,7820,26,33290,8749,2,33301,0,0,132105,6688,49;
29655143500;261158,44904,1,1848,360,134,34532,8752,19,34452,7879,21,132037,0,0,33311,13242,0,33310,0,0,32408,0,0,32350,7819,25,33290,8750,2,33301,0,0,132105,6689,49;
29755579300;261259,44904,1,1846,360,133,34532,8753,19,34452,7880,21,132037,0,0,33311,13242,0,33310,0,0,32408,0,0,32350,7818,24,33290,8749,2,33301,0,0,132105,6688,49;
29851427900;261355,44904,1,1840,362,125,34532,8756,19,34452,7879,21,132037,0,0,33311,13241,0,33310,0,0,32408,0,0,32350,7820,25,33290,8749,2,33301,0,0,132105,6687,48;
29954568700;261457,44904,1,1847,356,136,34532,8755,19,34452,7878,21,132037,0,0,33311,13245,0,33310,0,0,32408,0,0,32350,7820,24,33290,8751,2,33301,0,0,132105,6688,48;
30054907500;261558,44904,1,1841,368,120,34532,8753,20,34452,7878,22,132037,0,0,33311,13237,0,33310,0,0,32408,0,0,32350,7819,24,33290,8749,2,33301,0,0,132105,6688,49;
30156664100;261660,44904,1,1841,363,125,34532,8755,19,34452,7880,22,132037,0,0,33311,13240,0,33310,0,0,32408,0,0,32350,7819,24,33290,8750,2,33301,0,0,132105,6687,48;
30257396300;261760,44904,1,1851,351,146,34532,8754,19,34452,7881,22,132037,0,0,33311,13248,0,33310,0,0,32408,0,0,32350,7819,25,33290,8750,2,33301,0,0,132105,6688,49;
30357398600;261861,44904,1,1843,364,125,34532,8754,19,34452,7879,22,132037,0,0,33311,13240,0,33310,0,0,32408,0,0,32350,7820,24,33290,8750,2,33301,0,0,132105,6689,49;
30453718000;261957,44904,1,1845,356,135,34532,8756,20,34452,7878,22,132037,0,0,33311,13245,0,33310,0,0,32408,0,0,32350,7819,24,33290,8750,2,33301,0,0,132105,6687,49;
30553798100;262057,44904,1,1844,362,128,34532,8754,20,34452,7876,22,132037,0,0,33311,13241,0,33310,0,3,32408,0,0,32350,7818,24,33290,8748,2,33301,0,0,132105,6688,49;
30654446400;262158,44904,1,1814,397,313,34532,8752,20,34452,7878,22,132037,0,0,33311,13238,0,33310,10164,3,32408,0,0,32350,7820,25,33290,8749,2,33301,0,0,132105,6688,49;
30755570100;262259,44904,1,1819,399,300,34532,8754,20,34452,7879,21,132037,0,0,33311,13247,0,33310,10164,3,32408,0,0,32350,7820,25,33290,8748,2,33301,0,0,132105,6687,49;
30852387400;262356,44904,1,1817,405,298,34532,8751,20,34452,7880,21,132037,0,0,33311,13242,0,33310,10162,3,32408,0,0,32350,7820,26,33290,8749,2,33301,0,0,132105,6687,49;
30952735300;262456,44904,1,1825,403,289,34532,8754,20,34452,7878,22,132037,0,0,33311,13240,0,33310,10162,3,32408,0,0,32350,7819,26,33290,8748,2,33301,0,0,132105,6687,49;
31054655700;262558,44904,1,1834,402,273,34532,8758,20,34452,7877,23,132037,0,0,33311,13239,0,33310,10162,3,32408,0,0,32350,7820,27,33290,8750,2,33301,0,0,132105,6688,49;
31155611500;262659,44904,1,1829,403,280,34532,8756,20,34452,7878,22,132037,0,0,33311,13239,0,33310,10162,3,32408,0,0,32350,7819,27,33290,8750,2,33301,0,0,132105,6687,49;
31252634800;262756,44904,1,1822,404,291,34532,8753,20,34452,7879,22,132037,0,0,33311,13237,0,33310,10162,3,32408,0,0,32350,7817,27,33290,8748,2,33301,0,0,132105,6689,50;
31354318100;262857,44904,1,1822,397,302,34532,8754,19,34452,7876,21,132037,0,0,33311,13240,0,33310,10163,3,32408,0,0,32350,7820,27,33290,8749,2,33301,0,0,132105,6687,49;
31453811000;262957,44904,1,1817,397,312,34532,8752,20,34452,7876,22,132037,0,0,33311,13240,0,33310,10163,3,32408,0,0,32350,7819,26,33290,8749,2,33301,0,0,132105,6688,50;
31553221600;263056,44904,1,1821,405,287,34532,8754,20,34452,7881,23,132037,0,0,33311,13242,0,33310,10163,3,32408,0,0,32350,7819,26,33290,8750,2,33301,0,0,132105,6688,49;
31655935400;263160,44904,1,1822,403,290,34532,8754,20,34452,7880,23,132037,0,0,33311,13248,0,33310,10163,3,32408,0,0,32350,7818,25,33290,8747,2,33301,0,0,132105,6688,50;
31752802000;263256,44904,1,1825,398,297,34532,8755,20,34452,7876,23,132037,0,0,33311,13241,0,33310,10163,3,32408,0,0,32350,7817,26,33290,8749,2,33301,0,0,132105,6687,50;
31852405600;263356,44904,1,1820,398,304,34532,8753,20,34452,7877,24,132037,0,0,33311,13241,0,33310,10163,3,32408,0,0,32350,7819,26,33290,8749,2,33301,0,0,132105,6687,49;
31953942500;263458,44904,1,1817,398,308,34532,8753,19,34452,7878,23,132037,0,0,33311,13244,0,33310,10164,3,32408,0,0,32350,7818,25,33290,8750,2,33301,0,0,132105,6688,50;
32055240800;263559,44904,1,1824,401,291,34532,8755,19,34452,7878,22,132037,0,0,33311,13240,0,33310,10163,3,32408,0,0,32350,7817,25,33290,8749,2,33301,0,0,132105,6687,50;
32150358800;263654,44904,1,1822,402,293,34532,8754,19,34452,7879,22,132037,0,0,33311,13237,0,33310,10163,3,32408,0,0,32350,7819,25,33290,8750,2,33301,0,0,132105,6690,49;
32253724200;263757,44904,1,1825,401,292,34532,8754,20,34452,7877,23,132037,0,0,33311,13233,0,33310,10162,3,32408,0,0,32350,7819,25,33290,8749,2,33301,0,0,132105,6686,49;
32354235600;263858,44904,1,1825,403,289,34532,8754,19,34452,7878,24,132037,0,0,33311,13238,0,33310,10162,3,32408,0,0,32350,7817,25,33290,8749,2,33301,0,0,132105,6688,50;
32454420900;263958,44904,1,1830,400,286,34532,8756,19,34452,7876,23,132037,0,0,33311,13230,0,33310,10162,3,32408,0,0,32350,7818,24,33290,8748,2,33301,0,0,132105,6686,49;
32550056000;264054,44904,1,1825,403,289,34532,8754,19,34452,7878,24,132037,0,0,33311,13233,0,33310,10162,3,32408,0,0,32350,7819,24,33290,8750,2,33301,0,0,132105,6688,50;
32654459900;264158,44904,1,1825,401,292,34532,8754,19,34452,7877,23,132037,0,0,33311,13233,0,33310,10162,3,32408,0,0,32350,7819,23,33290,8751,2,33301,0,0,132105,6688,49;
32754014700;264257,44904,1,1827,403,285,34532,8755,19,34452,7878,25,132037,0,0,33311,13233,0,33310,10162,3,32408,0,0,32350,7819,23,33290,8749,2,33301,0,0,132105,6688,50;
32855394200;264359,44904,1,1824,402,288,34532,8755,19,34452,7879,24,132037,0,0,33311,13231,0,33310,10163,3,32408,0,0,32350,7819,23,33290,8749,2,33301,0,0,132105,6688,49;
32953747100;264458,44904,1,1823,398,303,34532,8753,19,34452,7875,23,132037,0,0,33311,13227,0,33310,10162,3,32408,0,0,32350,7817,23,33290,8751,2,33301,0,0,132105,6688,50;
33055435000;264559,44904,1,1825,403,289,34532,8754,19,34452,7878,24,132037,0,0,33311,13222,0,33310,10162,3,32408,0,0,32350,7817,23,33290,8753,2,33301,0,0,132105,6689,50;
33156158500;264660,44904,1,1822,397,301,34532,8755,19,34452,7877,24,132037,0,0,33311,13228,0,33310,10164,3,32408,0,0,32350,7819,23,33290,8748,2,33301,0,0,132105,6688,50;
33249945400;264754,44904,1,1822,402,293,34532,8754,20,34452,7879,24,132037,0,0,33311,13229,0,33310,10163,3,32408,0,0,32350,7819,23,33290,8750,2,33301,0,0,132105,6688,50;
33354618000;264859,44904,1,1825,401,292,34532,8754,19,34452,7877,24,132037,0,0,33311,13233,0,33310,10162,3,32408,0,0,32350,7819,24,33290,8750,2,33301,0,0,132105,6688,50;
33453820800;264958,44904,1,1817,398,308,34532,8753,19,34452,7878,24,132037,0,0,33311,13225,0,33310,10164,3,32408,0,0,32350,7820,24,33290,0,0,33301,0,0,132105,6689,50;
33555293900;265059,44904,1,1822,402,294,34532,8753,20,34452,7878,24,132037,0,0,33311,13223,0,33310,10162,3,32408,0,0,32350,7819,24,33290,8747,2,33301,0,0,132105,6688,50;
33650449000;265154,44904,1,1819,399,300,34532,8754,20,34452,7879,23,132037,0,0,33311,13231,0,33310,10164,3,32408,0,0,32350,7818,23,33290,8748,2,33301,0,0,132105,6689,50;
33753562100;265257,44904,1,1827,401,287,34532,8756,20,34452,7878,24,132037,0,0,33311,13223,0,33310,10163,3,32408,0,0,32350,7820,22,33290,8747,2,33301,0,0,132105,6688,49;
33853785300;265357,44904,1,1820,397,307,34532,8753,20,34452,7876,24,132037,0,0,33311,13212,0,33310,10163,3,32408,0,0,32350,7819,23,33290,8749,2,33301,0,0,132105,6689,50;
33953728400;265458,44904,1,1830,407,275,34532,8755,20,34452,7879,24,132037,0,0,33311,13224,0,33310,10161,3,32408,0,0,32350,7819,23,33290,8748,2,33301,0,0,132105,6688,49;
34055573100;265559,44904,1,1829,398,288,34532,8757,20,34452,7876,22,132037,0,0,33311,13219,0,33310,10163,3,32408,0,0,32350,7819,23,33290,8749,2,33301,0,0,132105,6690,50;
34150165600;265654,44904,1,1822,401,297,34532,8753,20,34452,7877,23,132037,0,0,33311,13225,0,33310,10162,3,32408,0,0,32350,7818,23,33290,8747,2,33301,0,0,132105,6689,50;
34252972700;265756,44904,1,1830,402,283,34532,8756,20,34452,7877,24,132037,0,0,33311,13225,0,33310,10162,3,32408,0,0,32350,7822,24,33290,8749,2,33301,0,0,132105,6689,50;
34354102000;265858,44904,1,1825,403,289,34532,8754,20,34452,7878,24,132037,0,0,33311,13228,0,33310,10162,3,32408,0,0,32350,7819,23,33290,8749,2,33301,0,0,132105,6688,50;
34453671900;265957,44904,1,1822,402,294,34532,8753,20,34452,7878,23,132037,0,0,33311,13215,0,33310,10162,3,32408,0,0,32350,7820,22,33290,8748,2,33301,0,0,132105,6689,51;
34555289600;266059,44904,1,1826,399,289,34532,8757,19,34452,7878,22,132037,0,0,33311,13226,0,33310,10164,3,32408,0,0,32350,7820,23,33290,8750,2,33301,0,0,132105,6689,50;
34650220900;266155,44904,1,1827,401,288,34532,8755,19,34452,7877,22,132037,0,0,33311,13223,0,33310,10162,3,32408,0,0,32350,7820,23,33290,8751,2,33301,0,0,132105,6690,50;
34752932000;266257,44904,1,1822,402,293,34532,8754,19,34452,7879,22,132037,0,0,33311,13220,0,33310,10163,3,32408,0,0,32350,7821,24,33290,8749,2,33301,0,0,132105,6687,50;
34854073000;266358,44904,1,1829,405,277,34532,8756,19,34452,7879,23,132037,0,0,33311,13229,0,33310,10162,3,32408,0,0,32350,7819,24,33290,8749,2,33301,0,0,132105,6688,50;
34954648300;266459,44904,1,1827,403,285,34532,8755,19,34452,7878,23,132037,0,0,33311,13224,0,33310,10162,3,32408,0,0,32350,7819,23,33290,8752,2,33301,0,0,132105,6687,49;
35057094800;266561,44904,1,1822,402,294,34532,8753,19,34452,7878,22,132037,0,0,33311,13223,0,33310,10162,3,32408,0,0,32350,7818,23,33290,8749,2,33301,0,0,132105,6689,49;
35150643900;266654,44904,1,1740,326,515,34532,8756,19,34452,7878,23,132037,0,0,33311,13220,0,33310,10195,3,32408,0,0,32350,7818,24,33290,8749,2,33301,0,0,132105,6688,50;
35252716700;266757,44904,1,1827,401,288,34532,8755,19,34452,7877,24,132037,0,0,33311,13229,0,33310,10162,3,32408,0,0,32350,7819,24,33290,8748,2,33301,0,0,132105,6688,50;
35352586000;266857,44904,1,1830,406,279,34532,8754,19,34452,7877,23,132037,0,0,33311,13224,0,33310,10160,3,32408,0,0,32350,7819,25,33290,8747,2,33301,0,0,132105,6689,51;
35455876400;266959,44904,1,1740,323,522,34532,8756,19,34452,7876,23,132037,0,0,33311,13226,0,33310,10195,4,32408,0,0,32350,7819,25,33290,8750,2,33301,0,0,132105,6687,51;
35551261100;267055,44904,1,1828,407,280,34532,8753,19,34452,7878,23,132037,0,0,33311,13229,0,33310,10160,4,32408,0,0,32350,7820,26,33290,8749,2,33301,0,0,132105,6687,51;
35651547100;267155,44904,1,1832,408,271,34532,8755,19,34452,7878,23,132037,0,0,33311,13225,0,33310,10160,3,32408,0,0,32350,7818,26,33290,8750,2,33301,0,0,132105,6687,51;
35757797300;267261,44904,1,1818,395,315,34532,8752,19,34452,7875,23,132037,0,0,33311,13224,0,33310,10163,3,32408,0,0,32350,7819,25,33290,8750,2,33301,0,0,132105,6688,50;
35853744100;267357,44904,1,1822,402,294,34532,8753,19,34452,7878,23,132037,0,0,33311,13223,0,33310,10162,3,32408,0,0,32350,7819,25,33290,8749,2,33301,0,0,132105,6689,50;
35949958500;267454,44904,1,1830,406,279,34532,8754,19,34452,7877,24,132037,0,0,33311,13233,0,33310,10160,3,32408,0,0,32350,7819,24,33290,8751,2,33301,0,0,132105,6689,50;
36055394900;267559,44904,1,1825,405,287,34532,8753,19,34452,7878,24,132037,0,0,33311,13223,0,33310,10161,3,32408,0,0,32350,7820,24,33290,8750,2,33301,0,0,132105,6689,50;
36152044000;267657,44904,1,1825,403,289,34532,8754,19,34452,7878,24,132037,0,0,33311,13228,0,33310,10162,3,32408,0,0,32350,7821,24,33290,8748,2,33301,0,0,132105,6687,50;
36253716000;267758,44904,1,1819,398,303,34532,8754,19,34452,7878,23,132037,0,0,33311,13222,0,33310,10164,3,32408,0,0,32350,7818,25,33290,8749,2,33301,0,0,132105,6688,50;
36349005800;267854,44904,1,1829,405,277,34532,8756,19,34452,7879,23,132037,0,0,33311,13224,0,33310,10162,3,32408,0,0,32350,7820,25,33290,8747,2,33301,0,0,132105,6688,50;
36451266900;267955,44904,1,1827,406,278,34532,8755,19,34452,7880,22,132037,0,0,33311,13227,0,33310,10162,3,32408,0,0,32350,7818,24,33290,8749,2,33301,0,0,132105,6689,50;
36552913700;268057,44904,1,1822,402,294,34532,8753,19,34452,7878,22,132037,0,0,33311,13219,0,33310,10162,3,32408,0,0,32350,7821,23,33290,8747,2,33301,0,0,132105,6688,50;
36653562500;268158,44904,1,1829,403,280,34532,8756,19,34452,7878,23,132037,0,0,33311,13226,0,33310,10162,3,32408,0,0,32350,7817,23,33290,8748,2,33301,0,0,132105,6689,50;
36753542500;268258,44904,1,1833,405,277,34532,8755,19,34452,7876,23,132037,0,0,33311,13229,0,33310,10160,4,32408,0,0,32350,7819,23,33290,8747,2,33301,0,0,132105,6687,49;
36849718400;268354,44904,1,1832,404,276,34532,8756,19,34452,7877,23,132037,0,0,33311,13226,0,33310,10161,4,32408,0,0,32350,7819,23,33290,8747,2,33301,0,0,132105,6688,50;
36952857300;268457,44904,1,1830,402,283,34532,8756,19,34452,7877,22,132037,0,0,33311,13225,0,33310,10162,4,32408,0,0,32350,7819,23,33290,8748,2,33301,0,0,132105,6688,50;
37053281900;268558,44904,1,1827,405,282,34532,8754,19,34452,7878,23,132037,0,0,33311,13228,0,33310,10161,4,32408,0,0,32350,7819,24,33290,8749,2,33301,0,0,132105,6690,50;
37153797400;268658,44904,1,1833,405,277,34532,8755,19,34452,7876,24,132037,0,0,33311,13228,0,33310,10160,4,32408,0,0,32350,7817,25,33290,8749,2,33301,0,0,132105,6687,50;
37254148900;268758,44904,1,1832,408,271,34532,8755,19,34452,7878,23,132037,0,0,33311,13229,0,33310,10160,4,32408,0,0,32350,7820,24,33290,8747,2,33301,0,0,132105,6688,51;
37349423300;268854,44904,1,1823,406,290,34532,8751,19,34452,7878,23,132037,0,0,33311,13225,0,33310,10160,4,32408,0,0,32350,7819,24,33290,8747,2,33301,0,0,132105,6688,51;
37452412400;268957,44904,1,1820,408,292,34532,8750,19,34452,7879,23,132037,0,0,33311,13223,0,33310,10160,4,32408,0,0,32350,7819,24,33290,8747,2,33301,0,0,132105,6688,51;
37552705400;269057,44904,1,1830,407,276,34532,8754,19,34452,7878,22,132037,0,0,33311,13225,0,33310,10160,4,32408,0,0,32350,7818,25,33290,8749,2,33301,0,0,132105,6688,51;
37650709200;269155,44904,1,1823,404,292,34532,8752,19,34452,7878,22,132037,0,0,33311,13223,0,33310,10161,3,32408,0,0,32350,7819,26,33290,8748,2,33301,0,0,132105,6689,52;
37754348800;269258,44904,1,1822,397,302,34532,8754,19,34452,7876,22,132037,0,0,33311,13225,0,33310,10163,3,32408,0,0,32350,7817,25,33290,8749,2,33301,0,0,132105,6688,52;
37850402600;269354,44904,1,1827,403,285,34532,8755,19,34452,7878,22,132037,0,0,33311,13222,0,33310,10162,3,32408,0,0,32350,7819,26,33290,8748,2,33301,0,0,132105,6687,51;
37952863300;269457,44904,1,1825,403,289,34532,8754,19,34452,7878,22,132037,0,0,33311,13227,0,33310,10162,3,32408,0,0,32350,7818,25,33290,8747,2,33301,0,0,132105,6688,51;
38054685800;269559,44904,1,1826,402,284,34532,8756,19,34452,7879,23,132037,0,0,33311,13225,0,33310,10163,3,32408,0,0,32350,7820,25,33290,8746,2,33301,0,0,132105,6688,51;
38150644900;269655,44904,1,1830,406,279,34532,8754,19,34452,7877,23,132037,0,0,33311,13221,0,33310,10160,3,32408,0,0,32350,7819,26,33290,8749,2,33301,0,0,132105,6688,52;
38250051000;269754,44904,1,1823,404,292,34532,8752,19,34452,7878,24,132037,0,0,33311,13219,0,33310,10161,3,32408,0,0,32350,7819,26,33290,8749,2,33301,0,0,132105,6688,53;
38351188500;269855,44904,1,1820,401,302,34532,8752,19,34452,7877,23,132037,0,0,33311,13219,0,33310,10162,3,32408,0,0,32350,7819,26,33290,8749,2,33301,0,0,132105,6687,51;
38449869400;269955,44904,1,1825,405,287,34532,8753,19,34452,7878,23,132037,0,0,33311,13214,0,33310,10161,3,32408,0,0,32350,7821,26,33290,8749,2,33301,0,0,132105,6688,52;
38550545000;270055,44904,1,1824,404,286,34532,8754,19,34452,7879,22,132037,0,0,33311,13215,0,33310,10162,3,32408,0,0,32350,7819,26,33290,8748,2,33301,0,0,132105,6687,51;
38651726500;270157,44904,1,1822,401,297,34532,8753,19,34452,7877,22,132037,0,0,33311,13218,0,33310,10162,3,32408,0,0,32350,7819,27,33290,8747,2,33301,0,0,132105,6690,51;
38752705000;270257,44904,1,1827,390,85,34532,8752,19,34452,7877,22,132037,0,0,33311,13222,0,33310,0,0,32408,0,0,32350,7820,27,33290,8747,2,33301,0,0,132105,6688,50;
38848805200;270354,44904,1,1815,399,311,34532,8751,19,34452,7878,23,132037,0,0,33311,13216,0,33310,10163,4,32408,0,0,32350,7818,27,33290,8749,2,33301,0,0,132105,6688,50;
38952750300;270457,44904,1,1822,401,297,34532,8753,19,34452,7877,24,132037,0,0,33311,13225,0,33310,10162,4,32408,0,0,32350,7819,27,33290,8745,2,33301,0,0,132105,6688,50;
39054043400;270558,44904,1,1828,407,280,34532,8753,19,34452,7878,24,132037,0,0,33311,13221,0,33310,10160,4,32408,0,0,32350,7819,28,33290,8748,2,33301,0,0,132105,6689,50;
39152934000;270657,44904,1,1829,403,280,34532,8756,20,34452,7878,24,132037,0,0,33311,13224,0,33310,10162,3,32408,0,0,32350,7819,28,33290,8747,2,33301,0,0,132105,6687,49;
39249012900;270753,44904,1,1830,407,276,34532,8754,20,34452,7878,23,132037,0,0,33311,13215,0,33310,10160,3,32408,0,0,32350,7819,28,33290,8749,2,33301,0,0,132105,6688,49;
39350899400;270855,44904,1,1820,399,305,34532,8752,20,34452,7876,23,132037,0,0,33311,13225,0,33310,10162,3,32408,0,0,32350,7820,27,33290,8749,2,33301,0,0,132105,6689,49;
39453370400;270958,44904,1,1832,408,271,34532,8755,20,34452,7878,22,132037,0,0,33311,13219,0,33310,10160,3,32408,0,0,32350,7819,27,33290,8745,2,33301,0,0,132105,6688,49;
39551925800;271057,44904,1,1825,396,301,34532,8755,19,34452,7875,21,132037,0,0,33311,13227,0,33310,10163,3,32408,0,0,32350,7820,27,33290,8749,2,33301,0,0,132105,6687,49;
39653318700;271158,44904,1,1823,403,295,34532,8752,20,34452,7877,22,132037,0,0,33311,13225,0,33310,10161,3,32408,0,0,32350,7820,28,33290,8747,2,33301,0,0,132105,6688,49;
39749514800;271254,44904,1,1832,408,271,34532,8755,20,34452,7878,23,132037,0,0,33311,13224,0,33310,10160,3,32408,0,0,32350,7819,29,33290,8746,2,33301,0,0,132105,6686,49;
39851064900;271356,44904,1,1738,328,517,34532,8755,20,34452,7879,23,132037,0,0,33311,13223,0,33310,10195,4,32408,0,0,32350,7819,28,33290,8747,2,33301,0,0,132105,6688,49;
39951367200;271456,44904,1,1825,403,289,34532,8754,20,34452,7878,23,132037,0,0,33311,13225,0,33310,10162,4,32408,0,0,32350,7818,28,33290,8746,2,33301,0,0,132105,6689,50;
40052588300;271557,44904,1,1825,398,297,34532,8755,19,34452,7876,23,132037,0,0,33311,13230,0,33310,10163,4,32408,0,0,32350,7817,27,33290,0,0,33301,0,0,132105,6685,49;
40151163900;271656,44904,1,1822,402,293,34532,8754,20,34452,7879,24,132037,0,0,33311,13231,0,33310,10163,3,32408,0,0,32350,7819,26,33290,8748,2,33301,0,0,132105,6689,49;
40248969200;271754,44904,1,1825,403,289,34532,8754,19,34452,7878,24,132037,0,0,33311,13232,0,33310,10162,3,32408,0,0,32350,7820,26,33290,8746,2,33301,0,0,132105,6689,49;
40350079600;271855,44904,1,1827,410,273,34532,8754,19,34452,7881,24,132037,0,0,33311,13225,0,33310,10161,3,32408,0,0,32350,7818,26,33290,8749,2,33301,0,0,132105,6690,49;
40449730600;271954,44904,1,1820,402,299,34532,8752,20,34452,7878,24,132037,0,0,33311,13223,0,33310,10162,4,32408,0,0,32350,7818,26,33290,8749,2,33301,0,0,132105,6688,50;
40552924000;272057,44904,1,1827,403,285,34532,8755,20,34452,7878,23,132037,0,0,33311,13229,0,33310,10162,3,32408,0,0,32350,7820,25,33290,8747,2,33301,0,0,132105,6688,49;
40652606500;272157,44904,1,1830,405,278,34532,8755,19,34452,7878,23,132037,0,0,33311,13235,0,33310,10161,3,32408,0,0,32350,7818,25,33290,8749,2,33301,0,0,132105,6691,50;
40748764800;272253,44904,1,1820,399,305,34532,8752,20,34452,7876,23,132037,0,0,33311,13230,0,33310,10162,3,32408,0,0,32350,7819,25,33290,8749,2,33301,0,0,132105,6688,50;
40849529700;272355,44904,1,1825,403,289,34532,8754,20,34452,7878,23,132037,0,0,33311,13229,0,33310,10162,3,32408,0,0,32350,7818,26,33290,8748,2,33301,0,0,132105,6688,49;
40951755700;272456,44904,1,1822,399,299,34532,8754,20,34452,7877,24,132037,0,0,33311,13243,0,33310,10163,3,32408,0,0,32350,7819,27,33290,8747,2,33301,0,0,132105,6689,49;
41049824800;272555,44904,1,1823,399,300,34532,8753,19,34452,7876,23,132037,0,0,33311,13240,0,33310,10162,3,32408,0,0,32350,7819,26,33290,8748,2,33301,0,0,132105,6688,49;
41149773700;272654,44904,1,1823,403,295,34532,8752,19,34452,7877,23,132037,0,0,33311,13238,0,33310,10161,3,32408,0,0,32350,7819,26,33290,8749,2,33301,0,0,132105,6688,48;
41253837400;272759,44904,1,1827,406,279,34532,8754,19,34452,7879,24,132037,0,0,33311,13237,0,33310,10161,3,32408,0,0,32350,7820,27,33290,8750,2,33301,0,0,132105,6689,48;
41353352800;272858,44904,1,1825,405,287,34532,8753,19,34452,7878,24,132037,0,0,33311,13239,0,33310,10161,4,32408,0,0,32350,7819,27,33290,8750,2,33301,0,0,132105,6690,48;
41448455700;272953,44904,1,1830,404,282,34532,8754,20,34452,7876,24,132037,0,0,33311,13233,0,33310,10160,4,32408,0,0,32350,7817,27,33290,8747,2,33301,0,0,132105,6690,48;
41550296700;273055,44904,1,1828,402,289,34532,8754,19,34452,7876,23,132037,0,0,33311,13242,0,33310,10161,3,32408,0,0,32350,7818,26,33290,0,0,33301,0,0,132105,6688,47;
41651863100;273157,44904,1,1830,409,274,34532,8753,19,34452,7878,23,132037,0,0,33311,13237,0,33310,10159,4,32408,0,0,32350,7819,27,33290,8749,2,33301,0,0,132105,6688,48;
41752705100;273258,44904,1,1827,403,285,34532,8755,19,34452,7878,24,132037,0,0,33311,13235,0,33310,10162,4,32408,0,0,32350,7819,27,33290,8749,2,33301,0,0,132105,6688,49;
41848567400;273353,44904,1,1830,407,276,34532,8754,20,34452,7878,23,132037,0,0,33311,13245,0,33310,10160,4,32408,0,0,32350,7819,27,33290,8746,2,33301,0,0,132105,6688,48;
41952882300;273457,44904,1,1825,403,289,34532,8754,19,34452,7878,23,132037,0,0,33311,13243,0,33310,10162,4,32408,0,0,32350,7816,27,33290,8749,2,33301,0,0,132105,6688,48;
42051275400;273556,44904,1,1827,405,282,34532,8754,19,34452,7878,23,132037,0,0,33311,13240,0,33310,10161,3,32408,0,0,32350,7819,27,33290,8749,2,33301,0,0,132105,6687,48;
42152479100;273657,44904,1,1826,409,283,34532,8751,19,34452,7878,23,132037,0,0,33311,13241,0,33310,10159,3,32408,0,0,32350,7822,27,33290,8747,2,33301,0,0,132105,6690,48;
42252939800;273758,44904,1,1822,402,293,34532,8754,19,34452,7879,24,132037,0,0,33311,13242,0,33310,10163,3,32408,0,0,32350,7817,27,33290,8747,2,33301,0,0,132105,6689,48;
42348209400;273853,44904,1,1822,400,296,34532,8754,19,34452,7878,24,132037,0,0,33311,13244,0,33310,10163,3,32408,0,0,32350,7818,27,33290,8749,2,33301,0,0,132105,6689,48;
42451281900;273956,44904,1,1820,398,304,34532,8753,19,34452,7877,24,132037,0,0,33311,13238,0,33310,10163,3,32408,0,0,32350,7819,27,33290,8749,2,33301,0,0,132105,6689,49;
42551344700;274056,44904,1,1820,400,301,34532,8753,19,34452,7878,24,132037,0,0,33311,13246,0,33310,10163,3,32408,0,0,32350,7817,27,33290,8748,2,33301,0,0,132105,6688,49;
42652914800;274158,44904,1,1815,398,314,34532,8751,19,34452,7877,24,132037,0,0,33311,13245,0,33310,10163,3,32408,0,0,32350,7819,27,33290,8748,2,33301,0,0,132105,6688,48;
42753676800;274258,44904,1,1828,405,283,34532,8753,19,34452,7877,25,132037,0,0,33311,13247,0,33310,10160,4,32408,0,0,32350,7819,27,33290,8749,2,33301,0,0,132105,6689,48;
42848760700;274354,44904,1,1832,402,279,34532,8756,19,34452,7876,24,132037,0,0,33311,13240,0,33310,10161,4,32408,0,0,32350,7818,26,33290,8748,2,33301,0,0,132105,6688,48;
42948734500;274454,44904,1,1846,361,128,34532,8754,19,34452,7877,23,132037,0,0,33311,13242,0,33310,0,0,32408,0,0,32350,7816,26,33290,8749,2,33301,0,0,132105,6690,48;
43051780300;274556,44904,1,1739,331,517,34532,8752,19,34452,7877,23,132037,0,0,33311,13249,0,33310,10192,4,32408,0,0,32350,7820,27,33290,8749,2,33301,0,0,132105,6688,48;
43152326800;274658,44904,1,1825,405,288,34532,8752,19,34452,7877,24,132037,0,0,33311,13249,0,33310,10160,4,32408,0,0,32350,7820,28,33290,8750,2,33301,0,0,132105,6689,48;
43252586900;274758,44904,1,1830,404,282,34532,8754,19,34452,7876,24,132037,0,0,33311,13247,0,33310,10160,4,32408,0,0,32350,7819,28,33290,8749,2,33301,0,0,132105,6686,49;
43348814500;274853,44904,1,1832,408,271,34532,8755,19,34452,7878,23,132037,0,0,33311,13259,0,33310,10160,4,32408,0,0,32350,7819,27,33290,8748,2,33301,0,0,132105,6687,49;
43450514800;274956,44904,1,1825,400,296,34532,8753,19,34452,7875,23,132037,0,0,33311,13245,0,33310,10161,4,32408,0,0,32350,7819,27,33290,8749,2,33301,0,0,132105,6688,49;
43552372700;275057,44904,1,1738,328,518,34532,8754,19,34452,7878,24,132037,0,0,33311,13242,0,33310,10194,4,32408,0,0,32350,7820,27,33290,8747,2,33301,0,0,132105,6688,49;
43652239200;275157,44904,1,1825,405,287,34532,8753,19,34452,7878,24,132037,0,0,33311,13245,0,33310,10161,4,32408,0,0,32350,7817,27,33290,8745,2,33301,0,0,132105,6688,48;
43747731500;275253,44904,1,1832,402,279,34532,8756,20,34452,7876,24,132037,0,0,33311,13247,0,33310,10161,4,32408,0,0,32350,7820,27,33290,8749,2,33301,0,0,132105,6688,48;
43852373500;275357,44904,1,1738,324,524,34532,8755,19,34452,7877,25,132037,0,0,33311,13250,0,33310,10195,3,32408,0,0,32350,7818,27,33290,8746,2,33301,0,0,132105,6689,48;
43950576900;275456,44904,1,1822,400,296,34532,8754,19,34452,7878,24,132037,0,0,33311,13239,0,33310,10163,3,32408,0,0,32350,7819,27,33290,8747,2,33301,0,0,132105,6688,49;
44052629800;275558,44904,1,1827,400,291,34532,8755,20,34452,7876,24,132037,0,0,33311,13244,0,33310,10162,4,32408,0,0,32350,7818,27,33290,8747,2,33301,0,0,132105,6690,49;
44149155500;275654,44904,1,1814,397,313,34532,8752,20,34452,7878,24,132037,0,0,33311,13240,0,33310,10164,3,32408,0,0,32350,7817,26,33290,8747,2,33301,0,0,132105,6688,49;
44249262900;275755,44904,1,1818,399,310,34532,8751,20,34452,7876,24,132037,0,0,33311,13238,0,33310,10162,3,32408,0,0,32350,7818,26,33290,8748,2,33301,0,0,132105,6688,49;
44350916500;275857,44904,1,1825,401,292,34532,8754,20,34452,7877,24,132037,0,0,33311,13251,0,33310,10162,3,32408,0,0,32350,7819,27,33290,8747,2,33301,0,0,132105,6687,48;
44449448800;275955,44904,1,1814,397,313,34532,8752,20,34452,7878,24,132037,0,0,33311,13246,0,33310,10164,3,32408,0,0,32350,7819,26,33290,8746,2,33301,0,0,132105,6687,48;
44552134500;276057,44904,1,1822,397,302,34532,8754,20,34452,7876,24,132037,0,0,33311,13249,0,33310,10163,3,32408,0,0,32350,7819,27,33290,8748,2,33301,0,0,132105,6690,48;
44649633400;276154,44904,1,1822,399,299,34532,8754,19,34452,7877,24,132037,0,0,33311,13245,0,33310,10163,3,32408,0,0,32350,7818,26,33290,8747,2,33301,0,0,132105,6688,48;
44751040600;276256,44904,1,1827,405,282,34532,8754,20,34452,7878,24,132037,0,0,33311,13241,0,33310,10161,4,32408,0,0,32350,7819,27,33290,8747,2,33301,0,0,132105,6688,48;
44850671800;276356,44904,1,1818,402,304,34532,8751,20,34452,7878,24,132037,0,0,33311,13262,0,33310,10162,4,32408,0,0,32350,7819,26,33290,8747,2,33301,0,0,132105,6688,49;
44948650000;276454,44904,1,1814,397,313,34532,8752,20,34452,7878,24,132037,0,0,33311,13256,0,33310,10164,3,32408,0,0,32350,7817,26,33290,8746,2,33301,0,0,132105,6688,48;
45049012400;276554,44904,1,1817,397,312,34532,8752,20,34452,7876,25,132037,0,0,33311,13253,0,33310,10163,3,32408,0,0,32350,7819,26,33290,8749,2,33301,0,0,132105,6689,48;
45148728800;276654,44904,1,1825,405,287,34532,8753,20,34452,7878,24,132037,0,0,33311,13246,0,33310,10161,3,32408,0,0,32350,7818,26,33290,8746,2,33301,0,0,132105,6689,48;
45249214700;276754,44904,1,1827,403,286,34532,8754,20,34452,7877,24,132037,0,0,33311,13247,0,33310,10161,4,32408,0,0,32350,7819,26,33290,8748,2,33301,0,0,132105,6688,48;
45351273600;276857,44904,1,1832,404,276,34532,8756,20,34452,7877,23,132037,0,0,33311,13248,0,33310,10161,4,32408,0,0,32350,7818,27,33290,8745,2,33301,0,0,132105,6688,48;
45453525000;276958,44904,1,1856,350,150,34532,8752,20,34452,7878,24,132037,0,0,33311,13249,0,33310,0,0,32408,0,0,32350,7818,27,33290,8747,2,33301,0,0,132105,6690,48;
45548117600;277054,44904,1,1852,349,148,34532,8755,20,34452,7875,24,132037,0,0,33311,13250,0,33310,0,0,32408,0,0,32350,7817,27,33290,8747,2,33301,0,0,132105,6689,48;
45649873500;277155,44904,1,1830,406,279,34532,8754,20,34452,7877,24,132037,0,0,33311,13246,0,33310,10160,4,32408,0,0,32350,7819,27,33290,8747,2,33301,0,0,132105,6688,48;
45747726900;277253,44904,1,1828,407,280,34532,8753,20,34452,7878,25,132037,0,0,33311,13245,0,33310,10160,4,32408,0,0,32350,7819,26,33290,8745,2,33301,0,0,132105,6690,48;
45848559900;277354,44904,1,1835,406,269,34532,8756,20,34452,7877,24,132037,0,0,33311,13246,0,33310,10160,4,32408,0,0,32350,7818,26,33290,8747,2,33301,0,0,132105,6689,48;
45947988100;277454,44904,1,1830,406,279,34532,8754,20,34452,7877,23,132037,0,0,33311,13263,0,33310,10160,4,32408,0,0,32350,7819,26,33290,8745,2,33301,0,0,132105,6687,47;
46048856400;277554,44904,1,1826,404,291,34532,8752,20,34452,7876,23,132037,0,0,33311,13256,0,33310,10160,4,32408,0,0,32350,7819,26,33290,8749,2,33301,0,0,132105,6688,48;
46148178600;277654,44904,1,1820,403,300,34532,8751,20,34452,7877,24,132037,0,0,33311,13255,0,33310,10161,4,32408,0,0,32350,7818,26,33290,8748,2,33301,0,0,132105,6688,48;
46247560000;277753,44904,1,1736,324,529,34532,8754,19,34452,7877,23,132037,0,0,33311,13256,0,33310,10195,4,32408,0,0,32350,7818,26,33290,8749,2,33301,0,0,132105,6689,48;
46348145100;277854,44904,1,1731,327,534,34532,8751,19,34452,7878,23,132037,0,0,33311,13241,0,33310,10194,4,32408,0,0,32350,7819,26,33290,8748,2,33301,0,0,132105,6688,48;
46449188100;277954,44904,1,1827,403,286,34532,8754,19,34452,7877,22,132037,0,0,33311,13255,0,33310,10161,4,32408,0,0,32350,7819,26,33290,8747,2,33301,0,0,132105,6688,48;
46547994200;278054,44904,1,1822,399,299,34532,8754,19,34452,7877,22,132037,0,0,33311,13251,0,33310,10163,4,32408,0,0,32350,7818,26,33290,8748,2,33301,0,0,132105,6687,48;
46648166300;278154,44904,1,1828,405,283,34532,8753,20,34452,7877,22,132037,0,0,33311,13247,0,33310,10160,4,32408,0,0,32350,7820,26,33290,8747,2,33301,0,0,132105,6688,48;
46752269000;278258,44904,1,1828,407,280,34532,8753,20,34452,7878,22,132037,0,0,33311,13245,0,33310,10160,4,32408,0,0,32350,7819,27,33290,8749,2,33301,0,0,132105,6690,48;
46851063100;278356,44904,1,1739,329,519,34532,8753,20,34452,7877,22,132037,0,0,33311,13247,0,33310,10193,4,32408,0,0,32350,7817,27,33290,8746,2,33301,0,0,132105,6689,48;
46946723400;278453,44904,1,1828,402,289,34532,8754,19,34452,7876,22,132037,0,0,33311,13256,0,33310,10161,4,32408,0,0,32350,7819,28,33290,8746,2,33301,0,0,132105,6689,48;
47051006200;278556,44904,1,1731,325,536,34532,8752,20,34452,7878,22,132037,0,0,33311,13244,0,33310,10195,4,32408,0,0,32350,7817,28,33290,8747,2,33301,0,0,132105,6687,48;
47150284100;278656,44904,1,1830,405,278,34532,8755,20,34452,7878,22,132037,0,0,33311,13264,0,33310,10161,4,32408,0,0,32350,7819,27,33290,8746,2,33301,0,0,132105,6687,48;
47249865100;278755,44904,1,1853,354,144,34532,8752,20,34452,7878,22,132037,0,0,33311,13246,0,33310,0,0,32408,0,0,32350,7819,28,33290,8746,2,33301,0,0,132105,6689,49;
47350506500;278856,44904,1,1825,401,292,34532,8754,19,34452,7877,21,132037,0,0,33311,13255,0,33310,10162,3,32408,0,0,32350,7819,28,33290,8748,2,33301,0,0,132105,6688,48;
47452114600;278957,44904,1,1823,404,292,34532,8752,19,34452,7878,22,132037,0,0,33311,13252,0,33310,10161,4,32408,0,0,32350,7818,27,33290,8749,2,33301,0,0,132105,6688,48;
47547858500;279053,44904,1,1826,404,291,34532,8752,19,34452,7876,22,132037,0,0,33311,13249,0,33310,10160,4,32408,0,0,32350,7818,27,33290,8746,2,33301,0,0,132105,6688,48;
47648087300;279154,44904,1,1827,403,286,34532,8754,19,34452,7877,22,132037,0,0,33311,13248,0,33310,10161,4,32408,0,0,32350,7819,26,33290,8748,2,33301,0,0,132105,6688,49;
47749545600;279255,44904,1,1739,329,520,34532,8752,19,34452,7876,23,132037,0,0,33311,13245,0,33310,10192,4,32408,0,0,32350,7820,26,33290,8748,2,33301,0,0,132105,6688,49;
47850448900;279356,44904,1,1832,409,268,34532,8755,19,34452,7879,22,132037,0,0,33311,13244,0,33310,10160,4,32408,0,0,32350,7818,25,33290,8747,2,33301,0,0,132105,6688,48;
47951855400;279457,44904,1,1825,408,282,34532,8752,19,34452,7879,22,132037,0,0,33311,13249,0,33310,10160,4,32408,0,0,32350,7819,25,33290,8749,2,33301,0,0,132105,6690,49;
48047395600;279553,44904,1,1828,409,278,34532,8752,19,34452,7878,22,132037,0,0,33311,13256,0,33310,10159,4,32408,0,0,32350,7818,25,33290,8747,2,33301,0,0,132105,6688,48;
48148325700;279654,44904,1,1738,332,513,34532,8753,19,34452,7879,23,132037,0,0,33311,13252,0,33310,10193,4,32408,0,0,32350,7820,26,33290,8749,2,33301,0,0,132105,6688,48;
48247430700;279753,44904,1,1827,403,285,34532,8755,19,34452,7878,23,132037,0,0,33311,13255,0,33310,10162,4,32408,0,0,32350,7820,26,33290,8752,2,33301,0,0,132105,6688,48;
48348863400;279855,44904,1,1864,334,177,34532,8753,19,34452,7877,23,132037,0,0,33311,13260,0,33310,0,0,32408,0,0,32350,7819,26,33290,8749,2,33301,0,0,132105,6688,49;
48448108900;279954,44904,1,1827,405,282,34532,8754,18,34452,7878,23,132037,0,0,33311,13248,0,33310,10161,3,32408,0,0,32350,7821,26,33290,8747,2,33301,0,0,132105,6691,49;
48549340000;280055,44904,1,1827,405,282,34532,8754,19,34452,7878,23,132037,0,0,33311,13265,0,33310,10161,4,32408,0,0,32350,7819,25,33290,8748,2,33301,0,0,132105,6688,49;
48650236900;280156,44904,1,1820,404,297,34532,8751,19,34452,7878,23,132037,0,0,33311,13244,0,33310,10161,4,32408,0,0,32350,7818,25,33290,8747,2,33301,0,0,132105,6688,49;
48746484600;280252,44904,1,1820,402,299,34532,8752,19,34452,7878,23,132037,0,0,33311,13243,0,33310,10162,3,32408,0,0,32350,7819,25,33290,8747,2,33301,0,0,132105,6687,49;
48851572700;280357,44904,1,1828,405,283,34532,8753,19,34452,7877,24,132037,0,0,33311,13248,0,33310,10160,3,32408,0,0,32350,7817,25,33290,8749,2,33301,0,0,132105,6688,49;
48947568600;280453,44904,1,1825,410,279,34532,8752,19,34452,7880,24,132037,0,0,33311,13256,0,33310,10160,4,32408,0,0,32350,7818,26,33290,8749,2,33301,0,0,132105,6687,48;
49047585100;280554,44904,1,1830,407,276,34532,8754,19,34452,7878,24,132037,0,0,33311,13265,0,33310,10160,4,32408,0,0,32350,7820,26,33290,8749,2,33301,0,0,132105,6687,49;
49150167000;280656,44904,1,1822,401,297,34532,8753,19,34452,7877,24,132037,0,0,33311,13255,0,33310,10162,3,32408,0,0,32350,7818,25,33290,8748,2,33301,0,0,132105,6688,48;
49251878900;280758,44904,1,1823,404,292,34532,8752,19,34452,7878,24,132037,0,0,33311,13250,0,33310,10161,3,32408,0,0,32350,7818,25,33290,8748,2,33301,0,0,132105,6688,49;
49345871600;280852,44904,1,1822,402,294,34532,8753,19,34452,7878,24,132037,0,0,33311,13255,0,33310,10162,3,32408,0,0,32350,7819,25,33290,8748,2,33301,0,0,132105,6688,49;
49449376400;280956,44904,1,1822,400,296,34532,8754,19,34452,7878,23,132037,0,0,33311,13255,0,33310,10163,3,32408,0,0,32350,7818,24,33290,0,0,33301,0,0,132105,6687,49;
49549327100;281056,44904,1,1824,404,286,34532,8754,19,34452,7879,24,132037,0,0,33311,13249,0,33310,10162,4,32408,0,0,32350,7818,25,33290,8746,2,33301,0,0,132105,6688,50;
49651544800;281158,44904,1,1855,345,156,34532,8754,19,34452,7878,23,132037,0,0,33311,13252,0,33310,0,0,32408,0,0,32350,7819,25,33290,8748,2,33301,0,0,132105,6688,50;
49747078100;281253,44904,1,1828,404,286,34532,8753,19,34452,7876,23,132037,0,0,33311,13258,0,33310,10160,4,32408,0,0,32350,7819,25,33290,8748,2,33301,0,0,132105,6688,49;
49850533200;281356,44904,1,1822,405,288,34532,8753,19,34452,7880,23,132037,0,0,33311,13250,0,33310,10162,3,32408,0,0,32350,7819,25,33290,8748,2,33301,0,0,132105,6690,49;
49950009800;281456,44904,1,1825,403,289,34532,8754,19,34452,7878,23,132037,0,0,33311,13245,0,33310,10162,3,32408,0,0,32350,7818,25,33290,8747,2,33301,0,0,132105,6687,49;
50050562900;281557,44904,1,1825,406,284,34532,8753,19,34452,7879,23,132037,0,0,33311,13261,0,33310,10161,4,32408,0,0,32350,7818,24,33290,8746,2,33301,0,0,132105,6689,48;
50147351900;281654,44904,1,1741,325,519,34532,8755,19,34452,7876,24,132037,0,0,33311,13244,0,33310,10194,4,32408,0,0,32350,7819,25,33290,8748,2,33301,0,0,132105,6687,48;
50248126700;281754,44904,1,1827,403,286,34532,8754,19,34452,7877,23,132037,0,0,33311,13244,0,33310,10161,4,32408,0,0,32350,7819,24,33290,8746,2,33301,0,0,132105,6689,49;
50349460200;281855,44904,1,1818,407,297,34532,8749,19,34452,7879,23,132037,0,0,33311,13241,0,33310,10160,4,32408,0,0,32350,7817,24,33290,8747,2,33301,0,0,132105,6687,49;
50449845800;281956,44904,1,1825,401,292,34532,8754,19,34452,7877,23,132037,0,0,33311,13239,0,33310,10162,4,32408,0,0,32350,7819,24,33290,0,0,33301,0,0,132105,6686,48;
50551300900;282057,44904,1,1848,360,134,34532,8752,19,34452,7878,23,132037,0,0,33311,13242,0,33310,0,0,32408,0,0,32350,7818,24,33290,8747,2,33301,0,0,132105,6689,48;
50646827600;282153,44904,1,1830,407,276,34532,8754,19,34452,7878,22,132037,0,0,33311,13238,0,33310,10160,4,32408,0,0,32350,7818,24,33290,8747,2,33301,0,0,132105,6688,49;
50749435100;282255,44904,1,1734,326,532,34532,8752,20,34452,7877,22,132037,0,0,33311,13244,0,33310,10194,4,32408,0,0,32350,7819,24,33290,0,0,33301,0,0,132105,6689,49;
50849366900;282355,44904,1,1838,372,113,34532,8753,20,34452,7878,22,132037,0,0,33311,13234,0,33310,0,0,32408,0,0,32350,7816,25,33290,8745,2,33301,0,0,132105,6688,49;
50949747300;282456,44904,1,1825,405,287,34532,8753,20,34452,7878,22,132037,0,0,33311,13234,0,33310,10161,4,32408,0,0,32350,7818,25,33290,8745,2,33301,0,0,132105,6688,49;
51051253800;282557,44904,1,1823,401,298,34532,8752,20,34452,7876,22,132037,0,0,33311,13240,0,33310,10161,4,32408,0,0,32350,7818,25,33290,8743,2,33301,0,0,132105,6688,49;
51147734900;282654,44904,1,1849,355,142,34532,8753,20,34452,7877,21,132037,0,0,33311,13245,0,33310,0,0,32408,0,0,32350,7818,25,33290,8747,2,33301,0,0,132105,6687,49;
51246702400;282753,44904,1,1823,404,292,34532,8752,20,34452,7878,22,132037,0,0,33311,13247,0,33310,10161,4,32408,0,0,32350,7819,26,33290,8747,2,33301,0,0,132105,6688,49;
51349627400;282856,44904,1,1851,355,143,34532,8752,20,34452,7878,22,132037,0,0,33311,13245,0,33310,0,0,32408,0,0,32350,7819,25,33290,8746,2,33301,0,0,132105,6688,48;
51451077800;282957,44904,1,1820,398,304,34532,8753,19,34452,7877,22,132037,0,0,33311,13235,0,33310,10163,3,32408,0,0,32350,7818,25,33290,8747,2,33301,0,0,132105,6687,49;
51551487800;283057,44904,1,1817,398,309,34532,8752,19,34452,7877,21,132037,0,0,33311,13234,0,33310,10163,4,32408,0,0,32350,7818,25,33290,8749,2,33301,0,0,132105,6688,49;
51647672400;283153,44904,1,1817,403,301,34532,8751,19,34452,7879,21,132037,0,0,33311,13236,0,33310,10162,4,32408,0,0,32350,7817,26,33290,8749,2,33301,0,0,132105,6687,49;
51750967600;283257,44904,1,1822,404,291,34532,8753,19,34452,7879,21,132037,0,0,33311,13242,0,33310,10162,3,32408,0,0,32350,7819,25,33290,8749,2,33301,0,0,132105,6687,48;
51847297400;283353,44904,1,1822,399,299,34532,8754,19,34452,7877,22,132037,0,0,33311,13244,0,33310,10163,3,32408,0,0,32350,7820,26,33290,8746,2,33301,0,0,132105,6688,48;
51947647300;283453,44904,1,1824,402,288,34532,8755,20,34452,7879,21,132037,0,0,33311,13248,0,33310,10163,3,32408,0,0,32350,7817,26,33290,8747,2,33301,0,0,132105,6687,48;
52047608700;283554,44904,1,1820,398,304,34532,8753,19,34452,7877,21,132037,0,0,33311,13250,0,33310,10163,3,32408,0,0,32350,7818,26,33290,8747,2,33301,0,0,132105,6688,48;
52148369400;283655,44904,1,1827,401,288,34532,8755,20,34452,7877,21,132037,0,0,33311,13251,0,33310,10162,3,32408,0,0,32350,7820,27,33290,8745,2,33301,0,0,132105,6686,47;
52246348100;283753,44904,1,1823,398,303,34532,8753,19,34452,7875,21,132037,0,0,33311,13251,0,33310,10162,3,32408,0,0,32350,7819,26,33290,8744,2,33301,0,0,132105,6689,48;
