7475447400;892992,44904,1,6726,374,66,34532,8710,22,34452,4700,167,132037,0,0,33311,14629,0,33310,8364,5,32408,0,0,32350,4776,212,33290,8670,2,33301,0,0,132105,10795,6;
7575715400;893093,44904,1,6817,439,-17,34532,8714,22,34452,4700,166,132037,0,0,33311,14624,0,33310,8330,4,32408,0,0,32350,4776,207,33290,8669,2,33301,0,0,132105,10795,6;
7674904000;893192,44904,1,6732,370,67,34532,8714,22,34452,4699,170,132037,0,0,33311,14632,0,33310,8366,5,32408,0,0,32350,4776,210,33290,8668,2,33301,0,0,132105,10794,7;
7773598500;893291,44904,1,6820,438,-18,34532,8716,22,34452,4700,174,132037,0,0,33311,14635,0,33310,8331,4,32408,0,0,32350,4776,212,33290,8671,2,33301,0,0,132105,10795,7;
7874393500;893392,44904,1,6812,434,-12,34532,8715,23,34452,4700,171,132037,0,0,33311,14621,0,33310,8333,4,32408,0,0,32350,4777,212,33290,8668,2,33301,0,0,132105,10795,6;
7975072500;893492,44904,1,6812,436,-12,34532,8713,23,34452,4699,170,132037,0,0,33311,14646,0,33310,8331,5,32408,0,0,32350,4776,215,33290,8668,2,33301,0,0,132105,10793,7;
8075200500;893592,44904,1,6817,438,-16,34532,8715,22,34452,4700,172,132037,0,0,33311,14664,0,33310,8331,5,32408,0,0,32350,4777,214,33290,8670,2,33301,0,0,132105,10794,6;
8173651300;893691,44904,1,6744,378,55,34532,8716,22,34452,4700,174,132037,0,0,33311,14687,0,33310,8363,5,32408,0,0,32350,4776,214,33290,8670,2,33301,0,0,132105,10795,7;
8274320900;893792,44904,1,6820,440,-18,34532,8714,22,34452,4699,172,132037,0,0,33311,14654,0,33310,8329,5,32408,0,0,32350,4776,214,33290,8668,2,33301,0,0,132105,10794,6;
8376158700;893893,44904,1,6742,376,57,34532,8716,22,34452,4700,171,132037,0,0,33311,14652,0,33310,8364,5,32408,0,0,32350,4776,214,33290,8668,2,33301,0,0,132105,10795,6;
8474707700;893992,44904,1,6830,443,-24,34532,8717,21,34452,4699,171,132037,0,0,33311,14656,0,33310,8328,5,32408,0,0,32350,4776,217,33290,8670,2,33301,0,0,132105,10793,6;
8575310400;894093,44904,1,6730,367,68,34532,8715,21,34452,4700,171,132037,0,0,33311,14667,0,33310,8368,5,32408,0,0,32350,4777,217,33290,8670,2,33301,0,0,132105,10795,6;
8676932800;894194,44904,1,6631,532,-200,34532,8715,21,34452,4699,170,132037,0,0,33311,14633,0,33310,0,0,32408,0,0,32350,4777,217,33290,8670,2,33301,0,0,132105,10793,7;
8775702200;894293,44904,1,6739,374,61,34532,8715,21,34452,4699,170,132037,0,0,33311,14643,0,33310,8364,5,32408,0,0,32350,4776,216,33290,8672,2,33301,0,0,132105,10794,6;
8875206400;894393,44904,1,6734,370,65,34532,8715,21,34452,4699,170,132037,0,0,33311,14673,0,33310,8366,5,32408,0,0,32350,4776,215,33290,8671,2,33301,0,0,132105,10794,6;
8973919800;894492,44904,1,6678,469,-48,34532,8714,21,34452,4701,169,132037,0,0,33311,14673,0,33310,0,0,32408,0,0,32350,4776,217,33290,8671,2,33301,0,0,132105,10795,7;
9077508100;894595,44904,1,6812,435,-13,34532,8714,21,34452,4700,167,132037,0,0,33311,14685,0,33310,8332,4,32408,0,0,32350,4777,220,33290,8671,2,33301,0,0,132105,10793,6;
9174656200;894692,44904,1,6815,437,-13,34532,8714,21,34452,4699,165,132037,0,0,33311,14685,0,33310,8331,4,32408,0,0,32350,4777,220,33290,8671,2,33301,0,0,132105,10794,6;
9274802000;894792,44904,1,6685,451,-10,34532,8715,22,34452,4699,165,132037,0,0,33311,14683,0,33310,0,0,32408,0,0,32350,4777,217,33290,8670,2,33301,0,0,132105,10793,6;
9374337100;894892,44904,1,6817,436,-15,34532,8716,22,34452,4700,168,132037,0,0,33311,14679,0,33310,8332,5,32408,0,0,32350,4777,216,33290,8671,2,33301,0,0,132105,10793,6;
9474573300;894993,44904,1,6817,438,-16,34532,8715,21,34452,4700,165,132037,0,0,33311,14698,0,33310,8331,5,32408,0,0,32350,4778,217,33290,8671,2,33301,0,0,132105,10790,6;
9574794000;895092,44904,1,6805,429,-3,34532,8713,22,34452,4698,160,132037,0,0,33311,14700,0,33310,8335,4,32408,0,0,32350,4776,216,33290,8671,2,33301,0,0,132105,10793,6;
9673730000;895192,44904,1,6699,438,27,34532,8714,22,34452,4699,162,132037,0,0,33311,14692,0,33310,0,0,32408,0,0,32350,4776,216,33290,8667,2,33301,0,0,132105,10795,6;
9776915100;895295,44904,1,6820,437,-16,34532,8716,21,34452,4699,167,132037,0,0,33311,14730,0,33310,8331,5,32408,0,0,32350,4777,213,33290,8669,2,33301,0,0,132105,10795,6;
9874678900;895392,44904,1,6783,306,366,34532,8714,21,34452,4699,166,132037,0,0,33311,14772,0,33310,0,0,32408,0,0,32350,4777,213,33290,8669,2,33301,0,0,132105,10792,6;
9974725300;895493,44904,1,6815,259,499,34532,8714,22,34452,4699,163,132037,0,0,33311,14801,0,33310,0,0,32408,0,0,32350,4776,214,33290,8669,2,33301,0,0,132105,10792,6;
10074392700;895593,44904,1,6817,440,-16,34532,8713,22,34452,4699,165,132037,0,0,33311,0,0,33310,8329,4,32408,0,0,32350,4777,215,33290,8670,2,33301,0,0,132105,10794,6;
10174508200;895693,44904,1,6817,438,-19,34532,8716,23,34452,4702,168,132037,0,0,33311,14785,0,33310,8332,4,32408,0,0,32350,4776,214,33290,8666,2,33301,0,0,132105,10793,6;
10273337800;895792,44904,1,6817,437,-14,34532,8715,24,34452,4699,167,132037,0,0,33311,14771,0,33310,8331,4,32408,0,0,32350,4777,215,33290,8666,2,33301,0,0,132105,10796,6;
10373320700;895892,44904,1,6817,437,-14,34532,8715,24,34452,4699,165,132037,0,0,33311,14766,0,33310,8331,5,32408,0,0,32350,4776,216,33290,8666,2,33301,0,0,132105,10796,6;
10475624500;895994,44904,1,6812,436,-12,34532,8713,23,34452,4699,166,132037,0,0,33311,14776,0,33310,8331,5,32408,0,0,32350,4776,220,33290,8670,2,33301,0,0,132105,10793,6;
10573638300;896092,44904,1,6818,435,-13,34532,8716,23,34452,4699,165,132037,0,0,33311,14740,0,33310,8332,5,32408,0,0,32350,4776,217,33290,8667,2,33301,0,0,132105,10795,6;
10673660900;896192,44904,1,6815,437,-15,34532,8714,23,34452,4700,166,132037,0,0,33311,14729,0,33310,8331,5,32408,0,0,32350,4778,219,33290,8670,2,33301,0,0,132105,10793,6;
10773913500;896292,44904,1,6737,372,62,34532,8716,22,34452,4700,166,132037,0,0,33311,14729,0,33310,8366,5,32408,0,0,32350,4776,219,33290,8669,2,33301,0,0,132105,10794,6;
10874512200;896393,44904,1,6820,436,-14,34532,8716,22,34452,4698,164,132037,0,0,33311,14668,0,33310,8331,5,32408,0,0,32350,4777,216,33290,8671,2,33301,0,0,132105,10793,6;
10973050200;896491,44904,1,6815,433,-11,34532,8716,22,34452,4699,168,132037,0,0,33311,14678,0,33310,8333,5,32408,0,0,32350,4777,220,33290,8671,2,33301,0,0,132105,10795,6;
11073323900;896592,44904,1,6815,438,-17,34532,8714,22,34452,4701,169,132037,0,0,33311,14681,0,33310,8331,5,32408,0,0,32350,4776,220,33290,8671,2,33301,0,0,132105,10794,6;
11175034000;896693,44904,1,6732,372,63,34532,8714,22,34452,4701,168,132037,0,0,33311,14681,0,33310,8366,5,32408,0,0,32350,4776,218,33290,8671,2,33301,0,0,132105,10795,6;
11273287400;896792,44904,1,6820,437,-16,34532,8716,23,34452,4699,169,132037,0,0,33311,14654,0,33310,8331,5,32408,0,0,32350,4776,218,33290,8668,2,33301,0,0,132105,10794,6;
11373186400;896891,44904,1,6812,436,-12,34532,8713,23,34452,4699,168,132037,0,0,33311,14650,0,33310,8331,5,32408,0,0,32350,4775,218,33290,8669,2,33301,0,0,132105,10794,6;
11473381600;896992,44904,1,6732,371,65,34532,8714,23,34452,4700,171,132037,0,0,33311,14649,0,33310,8366,5,32408,0,0,32350,4775,218,33290,8671,2,33301,0,0,132105,10794,6;
11573551400;897092,44904,1,6739,375,59,34532,8715,23,34452,4700,175,132037,0,0,33311,14657,0,33310,8364,5,32408,0,0,32350,4776,219,33290,8668,2,33301,0,0,132105,10797,6;
11673116600;897192,44904,1,6737,377,59,34532,8713,23,34452,4700,173,132037,0,0,33311,14661,0,33310,8363,5,32408,0,0,32350,4775,216,33290,8671,2,33301,0,0,132105,10796,7;
11773245600;897292,44904,1,6822,441,-22,34532,8716,23,34452,4701,171,132037,0,0,33311,14664,0,33310,8330,5,32408,0,0,32350,4776,216,33290,8669,2,33301,0,0,132105,10792,7;
11874654700;897393,44904,1,6729,369,68,34532,8714,23,34452,4700,168,132037,0,0,33311,14681,0,33310,8367,5,32408,0,0,32350,4776,217,33290,8668,2,33301,0,0,132105,10796,6;
11972908900;897492,44904,1,6737,369,65,34532,8717,23,34452,4699,169,132037,0,0,33311,14681,0,33310,8367,5,32408,0,0,32350,4776,219,33290,8670,2,33301,0,0,132105,10796,6;
12074230900;897593,44904,1,6820,436,-15,34532,8717,23,34452,4699,172,132037,0,0,33311,14688,0,33310,8332,5,32408,0,0,32350,4776,221,33290,8671,2,33301,0,0,132105,10793,6;
12175969500;897695,44904,1,6810,434,-10,34532,8714,23,34452,4700,176,132037,0,0,33311,14700,0,33310,8333,5,32408,0,0,32350,4777,221,33290,8669,2,33301,0,0,132105,10794,6;
12272504600;897792,44904,1,6805,431,-6,34532,8713,23,34452,4700,175,132037,0,0,33311,14709,0,33310,8335,5,32408,0,0,32350,4776,219,33290,8668,2,33301,0,0,132105,10796,6;
12373582400;897892,44904,1,6820,439,-19,34532,8716,23,34452,4701,173,132037,0,0,33311,14705,0,33310,8331,5,32408,0,0,32350,4775,216,33290,8670,2,33301,0,0,132105,10794,6;
12476385100;897995,44904,1,6812,435,-13,34532,8715,23,34452,4701,169,132037,0,0,33311,14693,0,33310,8333,4,32408,0,0,32350,4776,214,33290,8668,2,33301,0,0,132105,10797,6;
12572453600;898091,44904,1,6812,436,-12,34532,8713,23,34452,4699,169,132037,0,0,33311,14688,0,33310,8331,4,32408,0,0,32350,4775,213,33290,8667,2,33301,0,0,132105,10795,6;
12673686000;898192,44904,1,6815,437,-15,34532,8714,24,34452,4700,171,132037,0,0,33311,14678,0,33310,8331,5,32408,0,0,32350,4776,214,33290,8665,2,33301,0,0,132105,10794,6;
12772693200;898292,44904,1,6727,366,72,34532,8714,24,34452,4699,168,132037,0,0,33311,14711,0,33310,8368,5,32408,0,0,32350,4777,214,33290,8668,2,33301,0,0,132105,10795,6;
12874272500;898393,44904,1,6812,433,-10,34532,8715,23,34452,4699,166,132037,0,0,33311,14697,0,33310,8333,5,32408,0,0,32350,4776,214,33290,8665,2,33301,0,0,132105,10792,6;
12973769600;898493,44904,1,6812,435,-13,34532,8715,22,34452,4701,163,132037,0,0,33311,14719,0,33310,8333,5,32408,0,0,32350,4775,215,33290,8667,2,33301,0,0,132105,10794,6;
13073413300;898592,44904,1,6818,435,-13,34532,8716,22,34452,4699,160,132037,0,0,33311,14764,0,33310,8332,4,32408,0,0,32350,4777,217,33290,8670,2,33301,0,0,132105,10795,6;
13173949100;898692,44904,1,6815,433,-11,34532,8716,22,34452,4699,159,132037,0,0,33311,14791,0,33310,8333,4,32408,0,0,32350,4777,217,33290,0,0,33301,0,0,132105,10794,6;
13273395200;898792,44904,1,6820,434,-14,34532,8718,22,34452,4699,162,132037,0,0,33311,14813,0,33310,8333,4,32408,0,0,32350,4776,213,33290,8669,2,33301,0,0,132105,10793,6;
13373135000;898892,44904,1,6813,431,-9,34532,8716,22,34452,4699,163,132037,0,0,33311,0,0,33310,8335,5,32408,0,0,32350,4776,209,33290,8671,2,33301,0,0,132105,10796,6;
13472963300;898992,44904,1,6734,370,65,34532,8715,22,34452,4699,165,132037,0,0,33311,14805,0,33310,8366,5,32408,0,0,32350,4775,210,33290,8670,2,33301,0,0,132105,10795,6;
13574229000;899093,44904,1,6820,439,-17,34532,8715,22,34452,4699,164,132037,0,0,33311,14731,0,33310,8330,5,32408,0,0,32350,4776,211,33290,8671,2,33301,0,0,132105,10795,6;
13672305800;899192,44904,1,6734,370,65,34532,8715,22,34452,4699,162,132037,0,0,33311,14717,0,33310,8366,5,32408,0,0,32350,4777,211,33290,8671,2,33301,0,0,132105,10792,6;
13772596200;899292,44904,1,6739,374,61,34532,8715,22,34452,4699,164,132037,0,0,33311,14710,0,33310,8364,5,32408,0,0,32350,4776,212,33290,8669,2,33301,0,0,132105,10794,6;
13872028600;899391,44904,1,6739,374,61,34532,8715,23,34452,4699,167,132037,0,0,33311,14707,0,33310,8364,5,32408,0,0,32350,4777,216,33290,8671,2,33301,0,0,132105,10791,7;
13973372200;899492,44904,1,6734,370,65,34532,8715,22,34452,4699,166,132037,0,0,33311,14708,0,33310,8366,5,32408,0,0,32350,4776,215,33290,8670,2,33301,0,0,132105,10797,7;
14072387000;899592,44904,1,6727,366,72,34532,8714,22,34452,4699,165,132037,0,0,33311,14718,0,33310,8368,5,32408,0,0,32350,4776,215,33290,8670,2,33301,0,0,132105,10792,7;
14172467700;899691,44904,1,6823,437,-17,34532,8717,22,34452,4699,163,132037,0,0,33311,14677,0,33310,8331,5,32408,0,0,32350,4777,212,33290,8670,2,33301,0,0,132105,10795,7;
14274650000;899793,44904,1,6734,370,65,34532,8715,22,34452,4699,166,132037,0,0,33311,14680,0,33310,8366,5,32408,0,0,32350,4777,212,33290,8670,2,33301,0,0,132105,10795,7;
14373318200;899892,44904,1,6812,437,-13,34532,8713,22,34452,4700,170,132037,0,0,33311,14691,0,33310,8331,5,32408,0,0,32350,4775,214,33290,8671,2,33301,0,0,132105,10795,6;
14471872000;899991,44904,1,6682,464,-37,34532,8715,22,34452,4701,172,132037,0,0,33311,14677,0,33310,0,0,32408,0,0,32350,4776,216,33290,8669,2,33301,0,0,132105,10796,6;
14574453600;900093,44904,1,6727,366,72,34532,8714,22,34452,4699,170,132037,0,0,33311,14677,0,33310,8368,5,32408,0,0,32350,4777,218,33290,8668,2,33301,0,0,132105,10794,6;
14672007500;900191,44904,1,6815,437,-13,34532,8714,22,34452,4699,168,132037,0,0,33311,14706,0,33310,8331,5,32408,0,0,32350,4775,218,33290,8670,2,33301,0,0,132105,10795,6;
14772224900;900291,44904,1,6729,371,67,34532,8713,22,34452,4700,167,132037,0,0,33311,14696,0,33310,8366,5,32408,0,0,32350,4777,221,33290,8669,2,33301,0,0,132105,10795,6;
14872811400;900392,44904,1,6815,435,-12,34532,8715,22,34452,4699,164,132037,0,0,33311,14708,0,33310,8332,5,32408,0,0,32350,4775,214,33290,8670,2,33301,0,0,132105,10794,6;
14974057700;900493,44904,1,6815,437,-16,34532,8715,21,34452,4701,164,132037,0,0,33311,14727,0,33310,8332,5,32408,0,0,32350,4776,218,33290,8669,2,33301,0,0,132105,10795,7;
15072216600;900591,44904,1,6739,374,60,34532,8716,21,34452,4700,165,132037,0,0,33311,14759,0,33310,8365,5,32408,0,0,32350,4776,216,33290,8673,2,33301,0,0,132105,10795,7;
15172467500;900692,44904,1,6737,372,62,34532,8716,20,34452,4700,169,132037,0,0,33311,14729,0,33310,8366,5,32408,0,0,32350,4776,220,33290,8674,2,33301,0,0,132105,10796,6;
15273420500;900792,44904,1,6704,428,47,34532,8715,20,34452,4700,169,132037,0,0,33311,14698,0,33310,0,0,32408,0,0,32350,4775,219,33290,8675,2,33301,0,0,132105,10795,6;
15372755400;900892,44904,1,6820,436,-14,34532,8716,20,34452,4698,169,132037,0,0,33311,14716,0,33310,8331,5,32408,0,0,32350,4775,217,33290,8673,2,33301,0,0,132105,10793,7;
15472974100;900992,44904,1,6817,438,-15,34532,8714,20,34452,4699,169,132037,0,0,33311,14732,0,33310,8330,5,32408,0,0,32350,4775,216,33290,8675,2,33301,0,0,132105,10794,7;
15573076000;901093,44904,1,6739,376,57,34532,8715,20,34452,4701,168,132037,0,0,33311,14711,0,33310,8364,5,32408,0,0,32350,4776,217,33290,8674,2,33301,0,0,132105,10791,7;
15674457400;901194,44904,1,6817,440,-19,34532,8714,20,34452,4701,169,132037,0,0,33311,14713,0,33310,8330,5,32408,0,0,32350,4776,218,33290,8676,2,33301,0,0,132105,10795,7;
15771702400;901291,44904,1,6734,373,63,34532,8714,20,34452,4700,171,132037,0,0,33311,14706,0,33310,8365,5,32408,0,0,32350,4775,218,33290,8676,2,33301,0,0,132105,10796,7;
15872177100;901392,44904,1,6827,441,-22,34532,8717,20,34452,4699,172,132037,0,0,33311,14710,0,33310,8329,5,32408,0,0,32350,4776,216,33290,8673,2,33301,0,0,132105,10793,7;
15973661600;901493,44904,1,6747,378,53,34532,8717,20,34452,4700,173,132037,0,0,33311,14705,0,33310,8363,5,32408,0,0,32350,4775,213,33290,8675,2,33301,0,0,132105,10792,7;
16072439500;901592,44904,1,6734,376,60,34532,8713,21,34452,4701,174,132037,0,0,33311,14698,0,33310,8364,5,32408,0,0,32350,4775,219,33290,8675,2,33301,0,0,132105,10797,6;
16171873500;901691,44904,1,6742,373,60,34532,8717,21,34452,4699,174,132037,0,0,33311,14689,0,33310,8365,5,32408,0,0,32350,4776,222,33290,8672,2,33301,0,0,132105,10795,6;
16271956400;901792,44904,1,6822,440,-20,34532,8716,22,34452,4700,174,132037,0,0,33311,14683,0,33310,8330,5,32408,0,0,32350,4776,218,33290,8671,2,33301,0,0,132105,10795,6;
16373007500;901892,44904,1,6817,439,-18,34532,8715,22,34452,4701,173,132037,0,0,33311,14695,0,33310,8331,5,32408,0,0,32350,4775,211,33290,8669,2,33301,0,0,132105,10791,6;
16471681200;901991,44904,1,6739,375,58,34532,8716,23,34452,4701,172,132037,0,0,33311,14694,0,33310,8365,5,32408,0,0,32350,4776,208,33290,8669,2,33301,0,0,132105,10794,6;
16572550700;902092,44904,1,6815,436,-14,34532,8715,23,34452,4700,169,132037,0,0,33311,14696,0,33310,8332,5,32408,0,0,32350,4775,207,33290,8671,2,33301,0,0,132105,10795,7;
16672670000;902192,44904,1,6812,435,-11,34532,8714,23,34452,4699,168,132037,0,0,33311,14685,0,33310,8332,5,32408,0,0,32350,4775,212,33290,8671,2,33301,0,0,132105,10795,7;
16772127800;902291,44904,1,6820,434,-14,34532,8718,21,34452,4699,165,132037,0,0,33311,14673,0,33310,8333,5,32408,0,0,32350,4775,215,33290,8674,2,33301,0,0,132105,10792,7;
16872312200;902391,44904,1,6737,371,64,34532,8716,22,34452,4699,165,132037,0,0,33311,14674,0,33310,8366,5,32408,0,0,32350,4776,218,33290,8675,2,33301,0,0,132105,10795,7;
16972407600;902491,44904,1,6740,372,61,34532,8717,22,34452,4700,165,132037,0,0,33311,14669,0,33310,8366,5,32408,0,0,32350,4776,216,33290,8673,2,33301,0,0,132105,10794,7;
17072480200;902592,44904,1,6823,437,-17,34532,8717,22,34452,4699,165,132037,0,0,33311,14673,0,33310,8331,5,32408,0,0,32350,4776,216,33290,8671,2,33301,0,0,132105,10795,7;
17172313300;902691,44904,1,6820,440,-19,34532,8715,21,34452,4700,165,132037,0,0,33311,14678,0,33310,8330,5,32408,0,0,32350,4776,216,33290,8674,2,33301,0,0,132105,10793,6;
17272125100;902791,44904,1,6744,378,53,34532,8716,21,34452,4701,166,132037,0,0,33311,14672,0,33310,8363,5,32408,0,0,32350,4777,215,33290,8672,2,33301,0,0,132105,10794,6;
17374252000;902893,44904,1,6830,443,-25,34532,8718,22,34452,4700,166,132037,0,0,33311,14677,0,33310,8329,5,32408,0,0,32350,4776,215,33290,8673,2,33301,0,0,132105,10792,6;
17471810400;902991,44904,1,6732,367,69,34532,8716,22,34452,4699,166,132037,0,0,33311,14688,0,33310,8368,5,32408,0,0,32350,4775,211,33290,8672,2,33301,0,0,132105,10796,6;
17572138400;903091,44904,1,6820,439,-17,34532,8715,21,34452,4699,166,132037,0,0,33311,14692,0,33310,8330,5,32408,0,0,32350,4775,209,33290,8672,2,33301,0,0,132105,10797,6;
17673840900;903193,44904,1,6737,369,65,34532,8717,21,34452,4699,167,132037,0,0,33311,14688,0,33310,8367,5,32408,0,0,32350,4776,209,33290,8673,2,33301,0,0,132105,10793,7;
17772768300;903292,44904,1,6740,372,61,34532,8717,21,34452,4700,167,132037,0,0,33311,14693,0,33310,8366,5,32408,0,0,32350,4776,208,33290,8673,2,33301,0,0,132105,10795,6;
17872296400;903392,44904,1,6732,371,65,34532,8714,21,34452,4700,166,132037,0,0,33311,14684,0,33310,8366,5,32408,0,0,32350,4776,204,33290,8672,2,33301,0,0,132105,10795,6;
17973234800;903492,44904,1,6742,376,57,34532,8716,21,34452,4700,169,132037,0,0,33311,14684,0,33310,8364,5,32408,0,0,32350,4775,205,33290,8672,2,33301,0,0,132105,10796,6;
18071939600;903591,44904,1,6812,437,-13,34532,8713,21,34452,4700,169,132037,0,0,33311,14703,0,33310,8331,5,32408,0,0,32350,4775,205,33290,8672,2,33301,0,0,132105,10794,6;
18172119000;903691,44904,1,6815,437,-16,34532,8715,21,34452,4701,169,132037,0,0,33311,14719,0,33310,8332,5,32408,0,0,32350,4777,207,33290,8673,2,33301,0,0,132105,10796,6;
18274432800;903794,44904,1,6812,436,-14,34532,8714,22,34452,4701,171,132037,0,0,33311,14729,0,33310,8332,5,32408,0,0,32350,4775,207,33290,8670,2,33301,0,0,132105,10795,6;
18372764100;903892,44904,1,6810,435,-11,34532,8713,22,34452,4700,172,132037,0,0,33311,14734,0,33310,8332,5,32408,0,0,32350,4776,209,33290,8671,2,33301,0,0,132105,10797,6;
18472205100;903992,44904,1,6737,373,60,34532,8716,23,34452,4701,172,132037,0,0,33311,14705,0,33310,8366,5,32408,0,0,32350,4776,212,33290,8670,2,33301,0,0,132105,10795,5;
18572791000;904092,44904,1,6815,437,-16,34532,8715,22,34452,4701,173,132037,0,0,33311,14706,0,33310,8332,5,32408,0,0,32350,4776,212,33290,8670,2,33301,0,0,132105,10792,6;
18672595000;904192,44904,1,6810,434,-10,34532,8714,22,34452,4700,174,132037,0,0,33311,14711,0,33310,8333,4,32408,0,0,32350,4776,216,33290,8671,2,33301,0,0,132105,10796,6;
18772990500;904292,44904,1,6815,433,-12,34532,8717,22,34452,4700,175,132037,0,0,33311,14693,0,33310,8335,4,32408,0,0,32350,4777,218,33290,8670,2,33301,0,0,132105,10793,6;
18871458400;904391,44904,1,6815,434,-13,34532,8716,22,34452,4700,175,132037,0,0,33311,14678,0,33310,8333,4,32408,0,0,32350,4776,218,33290,8673,2,33301,0,0,132105,10795,6;
18971520000;904491,44904,1,6805,429,-6,34532,8715,21,34452,4701,173,132037,0,0,33311,14694,0,33310,8337,4,32408,0,0,32350,4776,218,33290,8672,2,33301,0,0,132105,10795,6;
19073026800;904592,44904,1,6807,432,-10,34532,8714,21,34452,4701,171,132037,0,0,33311,14701,0,33310,8335,4,32408,0,0,32350,4777,217,33290,8675,2,33301,0,0,132105,10795,6;
19171262800;904691,44904,1,6817,436,-15,34532,8716,22,34452,4700,170,132037,0,0,33311,14694,0,33310,8332,4,32408,0,0,32350,4776,214,33290,8673,2,33301,0,0,132105,10794,6;
19272108200;904792,44904,1,6737,372,62,34532,8716,22,34452,4700,167,132037,0,0,33311,14699,0,33310,8366,4,32408,0,0,32350,4775,214,33290,8671,2,33301,0,0,132105,10795,6;
19372685400;904892,44904,1,6820,436,-15,34532,8717,23,34452,4699,165,132037,0,0,33311,14689,0,33310,8332,5,32408,0,0,32350,4776,212,33290,8669,2,33301,0,0,132105,10793,6;
19471320400;904991,44904,1,6734,371,63,34532,8716,23,34452,4701,164,132037,0,0,33311,14686,0,33310,8367,5,32408,0,0,32350,4776,212,33290,8672,2,33301,0,0,132105,10795,6;
19573743700;905093,44904,1,6817,438,-15,34532,8714,22,34452,4699,164,132037,0,0,33311,14681,0,33310,8330,5,32408,0,0,32350,4775,212,33290,8670,2,33301,0,0,132105,10795,6;
19672642000;905192,44904,1,6812,434,-12,34532,8715,22,34452,4700,164,132037,0,0,33311,14677,0,33310,8333,5,32408,0,0,32350,4776,209,33290,8671,2,33301,0,0,132105,10794,6;
19771536200;905291,44904,1,6812,437,-13,34532,8713,22,34452,4700,163,132037,0,0,33311,14685,0,33310,8331,5,32408,0,0,32350,4776,210,33290,8671,2,33301,0,0,132105,10795,6;
19871978700;905391,44904,1,6734,371,64,34532,8715,22,34452,4700,165,132037,0,0,33311,14681,0,33310,8366,5,32408,0,0,32350,4775,212,33290,8671,2,33301,0,0,132105,10794,6;
19971263300;905491,44904,1,6737,372,62,34532,8716,22,34452,4700,165,132037,0,0,33311,14678,0,33310,8366,5,32408,0,0,32350,4776,214,33290,8671,2,33301,0,0,132105,10795,6;
20073393000;905592,44904,1,6820,436,-15,34532,8717,22,34452,4699,166,132037,0,0,33311,14700,0,33310,8332,5,32408,0,0,32350,4776,210,33290,8672,2,33301,0,0,132105,10794,6;
20172290700;905692,44904,1,6714,414,84,34532,8715,22,34452,4700,168,132037,0,0,33311,14707,0,33310,0,0,32408,0,0,32350,4777,208,33290,8672,2,33301,0,0,132105,10795,6;
20271233900;905791,44904,1,6742,376,55,34532,8716,22,34452,4701,167,132037,0,0,33311,14704,0,33310,8364,5,32408,0,0,32350,4777,208,33290,8669,2,33301,0,0,132105,10797,6;
20370716000;905890,44904,1,6734,371,64,34532,8715,22,34452,4700,165,132037,0,0,33311,14703,0,33310,8366,5,32408,0,0,32350,4775,208,33290,8670,2,33301,0,0,132105,10795,6;
20472764000;905992,44904,1,6744,377,54,34532,8717,22,34452,4701,163,132037,0,0,33311,14704,0,33310,8364,5,32408,0,0,32350,4777,214,33290,8671,2,33301,0,0,132105,10797,6;
20571547300;906092,44904,1,6820,436,-17,34532,8717,22,34452,4700,164,132037,0,0,33311,14698,0,33310,8332,4,32408,0,0,32350,4775,216,33290,8669,2,33301,0,0,132105,10793,6;
20671992500;906191,44904,1,6815,433,-12,34532,8717,21,34452,4700,163,132037,0,0,33311,14682,0,33310,8335,4,32408,0,0,32350,4778,220,33290,8671,2,33301,0,0,132105,10796,6;
20772992000;906292,44904,1,6812,433,-12,34532,8716,21,34452,4701,165,132037,0,0,33311,14692,0,33310,8335,4,32408,0,0,32350,4777,221,33290,8672,2,33301,0,0,132105,10795,6;
20872371400;906392,44904,1,6810,431,-7,34532,8715,21,34452,4699,167,132037,0,0,33311,14685,0,33310,8335,4,32408,0,0,32350,4776,219,33290,8672,2,33301,0,0,132105,10796,6;
20971420800;906491,44904,1,6730,367,68,34532,8715,22,34452,4700,169,132037,0,0,33311,14696,0,33310,8368,5,32408,0,0,32350,4777,219,33290,8669,2,33301,0,0,132105,10797,6;
21071969100;906592,44904,1,6820,435,-16,34532,8718,22,34452,4700,169,132037,0,0,33311,14703,0,33310,8333,4,32408,0,0,32350,4776,220,33290,8669,2,33301,0,0,132105,10795,6;
21172864700;906692,44904,1,6818,434,-14,34532,8717,23,34452,4700,168,132037,0,0,33311,14707,0,33310,8333,5,32408,0,0,32350,4775,220,33290,8668,2,33301,0,0,132105,10791,6;
21272881900;906792,44904,1,6727,366,72,34532,8714,23,34452,4699,165,132037,0,0,33311,14714,0,33310,8368,5,32408,0,0,32350,4776,218,33290,8672,2,33301,0,0,132105,10795,6;
21372265700;906892,44904,1,6727,369,70,34532,8712,23,34452,4699,165,132037,0,0,33311,14691,0,33310,8366,4,32408,0,0,32350,4776,220,33290,8669,2,33301,0,0,132105,10795,6;
21471922300;906992,44904,1,6817,437,-17,34532,8716,22,34452,4701,166,132037,0,0,33311,14711,0,33310,8332,5,32408,0,0,32350,4777,220,33290,8671,2,33301,0,0,132105,10796,6;
21570791100;907091,44904,1,6737,371,61,34532,8717,22,34452,4701,166,132037,0,0,33311,14722,0,33310,8367,5,32408,0,0,32350,4777,220,33290,8671,2,33301,0,0,132105,10793,5;
21671071800;907190,44904,1,6817,437,-17,34532,8716,22,34452,4701,166,132037,0,0,33311,14749,0,33310,8332,5,32408,0,0,32350,4777,220,33290,8669,2,33301,0,0,132105,10794,5;
21771922500;907291,44904,1,6725,398,125,34532,8714,22,34452,4700,166,132037,0,0,33311,14716,0,33310,0,0,32408,0,0,32350,4776,219,33290,8673,2,33301,0,0,132105,10795,6;
21871146000;907391,44904,1,6822,438,-19,34532,8717,22,34452,4700,166,132037,0,0,33311,14707,0,33310,8331,5,32408,0,0,32350,4777,220,33290,8672,2,33301,0,0,132105,10794,6;
21970802400;907491,44904,1,6820,440,-19,34532,8715,21,34452,4700,166,132037,0,0,33311,14687,0,33310,8330,5,32408,0,0,32350,4776,220,33290,8672,2,33301,0,0,132105,10793,6;
22071859700;907591,44904,1,6820,436,-17,34532,8717,21,34452,4700,165,132037,0,0,33311,14692,0,33310,8332,5,32408,0,0,32350,4776,217,33290,8672,2,33301,0,0,132105,10793,6;
22170427300;907690,44904,1,6734,371,64,34532,8715,21,34452,4700,166,132037,0,0,33311,14697,0,33310,8366,5,32408,0,0,32350,4776,217,33290,8675,2,33301,0,0,132105,10793,6;
22271810500;907791,44904,1,6737,374,59,34532,8715,21,34452,4701,165,132037,0,0,33311,14675,0,33310,8365,5,32408,0,0,32350,4776,217,33290,8672,2,33301,0,0,132105,10793,6;
22370700900;907891,44904,1,6812,434,-12,34532,8715,21,34452,4700,166,132037,0,0,33311,14676,0,33310,8333,5,32408,0,0,32350,4777,219,33290,8674,2,33301,0,0,132105,10794,7;
22473045500;907992,44904,1,6815,437,-15,34532,8714,21,34452,4700,167,132037,0,0,33311,14681,0,33310,8331,5,32408,0,0,32350,4775,220,33290,8674,2,33301,0,0,132105,10792,7;
22570514800;908090,44904,1,6815,437,-15,34532,8714,21,34452,4700,166,132037,0,0,33311,14679,0,33310,8331,5,32408,0,0,32350,4776,221,33290,8674,2,33301,0,0,132105,10793,6;
22670900700;908191,44904,1,6737,372,62,34532,8716,21,34452,4700,165,132037,0,0,33311,14693,0,33310,8366,5,32408,0,0,32350,4776,222,33290,8672,2,33301,0,0,132105,10795,6;
22772606700;908293,44904,1,6812,433,-12,34532,8716,21,34452,4701,161,132037,0,0,33311,14679,0,33310,8335,5,32408,0,0,32350,4776,220,33290,8672,2,33301,0,0,132105,10797,5;
22871007300;908390,44904,1,6735,369,66,34532,8716,22,34452,4699,160,132037,0,0,33311,14691,0,33310,8367,5,32408,0,0,32350,4776,221,33290,8673,2,33301,0,0,132105,10793,6;
22971814900;908491,44904,1,6737,372,63,34532,8715,21,34452,4699,159,132037,0,0,33311,14676,0,33310,8365,5,32408,0,0,32350,4775,220,33290,8672,2,33301,0,0,132105,10795,6;
23071324200;908591,44904,1,6669,479,-80,34532,8717,21,34452,4700,162,132037,0,0,33311,14668,0,33310,0,0,32408,0,0,32350,4776,208,33290,8671,2,33301,0,0,132105,10796,6;
23169971400;908690,44904,1,6724,368,70,34532,8712,22,34452,4700,164,132037,0,0,33311,14689,0,33310,8367,5,32408,0,0,32350,4776,211,33290,8673,2,33301,0,0,132105,10797,6;
23272174400;908792,44904,1,6732,370,67,34532,8714,22,34452,4699,161,132037,0,0,33311,14673,0,33310,8366,4,32408,0,0,32350,4775,210,33290,8673,2,33301,0,0,132105,10795,6;
23370727500;908891,44904,1,6737,370,63,34532,8717,21,34452,4700,160,132037,0,0,33311,14684,0,33310,8367,4,32408,0,0,32350,4775,213,33290,8669,2,33301,0,0,132105,10797,6;
23470776100;908991,44904,1,6817,435,-16,34532,8717,22,34452,4701,159,132037,0,0,33311,14678,0,33310,8333,4,32408,0,0,32350,4776,210,33290,8673,2,33301,0,0,132105,10794,6;
23571076300;909091,44904,1,6810,434,-12,34532,8714,22,34452,4701,160,132037,0,0,33311,14673,0,33310,8333,4,32408,0,0,32350,4776,206,33290,8671,2,33301,0,0,132105,10795,6;
23671316200;909191,44904,1,6815,434,-13,34532,8716,22,34452,4700,159,132037,0,0,33311,14676,0,33310,8333,4,32408,0,0,32350,4777,206,33290,8671,2,33301,0,0,132105,10792,6;
23772910800;909293,44904,1,6818,434,-14,34532,8717,22,34452,4700,159,132037,0,0,33311,14673,0,33310,8333,4,32408,0,0,32350,4776,208,33290,8672,2,33301,0,0,132105,10795,6;
23871281000;909391,44904,1,6820,437,-16,34532,8716,22,34452,4699,162,132037,0,0,33311,14661,0,33310,8331,5,32408,0,0,32350,4776,212,33290,8670,2,33301,0,0,132105,10791,6;
23971570800;909491,44904,1,6810,431,-7,34532,8715,22,34452,4699,160,132037,0,0,33311,14665,0,33310,8335,4,32408,0,0,32350,4776,213,33290,8671,2,33301,0,0,132105,10793,6;
24071617800;909592,44904,1,6815,434,-13,34532,8716,22,34452,4700,162,132037,0,0,33311,14674,0,33310,8333,4,32408,0,0,32350,4776,215,33290,8670,2,33301,0,0,132105,10795,6;
24170490400;909690,44904,1,6730,367,68,34532,8715,22,34452,4700,165,132037,0,0,33311,14670,0,33310,8368,4,32408,0,0,32350,4776,216,33290,8669,2,33301,0,0,132105,10795,6;
24270876500;909791,44904,1,6815,437,-15,34532,8714,22,34452,4700,165,132037,0,0,33311,14666,0,33310,8331,5,32408,0,0,32350,4776,216,33290,8672,2,33301,0,0,132105,10797,6;
24370905700;909891,44904,1,6737,369,62,34532,8718,23,34452,4701,167,132037,0,0,33311,14684,0,33310,8368,4,32408,0,0,32350,4776,218,33290,8671,2,33301,0,0,132105,10797,6;
24470559400;909991,44904,1,6807,436,-12,34532,8712,22,34452,4701,169,132037,0,0,33311,14700,0,33310,8332,4,32408,0,0,32350,4776,219,33290,8671,2,33301,0,0,132105,10792,6;
24569575100;910090,44904,1,6815,433,-12,34532,8717,22,34452,4700,170,132037,0,0,33311,14710,0,33310,8335,4,32408,0,0,32350,4776,221,33290,8670,2,33301,0,0,132105,10794,6;
24671149100;910191,44904,1,6805,435,-8,34532,8711,23,34452,4700,171,132037,0,0,33311,14685,0,33310,8332,4,32408,0,0,32350,4776,224,33290,8669,2,33301,0,0,132105,10795,6;
24771477400;910291,44904,1,6807,432,-7,34532,8713,22,34452,4699,171,132037,0,0,33311,14699,0,33310,8333,4,32408,0,0,32350,4776,225,33290,8669,2,33301,0,0,132105,10793,6;
24869094100;910389,44904,1,6822,438,-19,34532,8717,22,34452,4700,170,132037,0,0,33311,14702,0,33310,8331,4,32408,0,0,32350,4775,223,33290,8671,2,33301,0,0,132105,10795,6;
24970388200;910491,44904,1,6810,434,-10,34532,8714,22,34452,4700,167,132037,0,0,33311,14713,0,33310,8333,4,32408,0,0,32350,4776,223,33290,8671,2,33301,0,0,132105,10794,6;
25070624900;910590,44904,1,6825,440,-21,34532,8717,22,34452,4700,167,132037,0,0,33311,14695,0,33310,8330,4,32408,0,0,32350,4776,223,33290,8670,2,33301,0,0,132105,10793,6;
25170955900;910691,44904,1,6815,434,-13,34532,8716,22,34452,4700,165,132037,0,0,33311,14709,0,33310,8333,4,32408,0,0,32350,4775,220,33290,8672,2,33301,0,0,132105,10795,6;
25269926300;910790,44904,1,6815,437,-15,34532,8714,22,34452,4700,164,132037,0,0,33311,14692,0,33310,8331,4,32408,0,0,32350,4776,221,33290,8673,2,33301,0,0,132105,10794,6;
25369856500;910891,44904,1,6810,434,-10,34532,8714,23,34452,4700,165,132037,0,0,33311,14698,0,33310,8333,5,32408,0,0,32350,4777,222,33290,0,0,33301,0,0,132105,10795,6;
25473562200;910994,44904,1,6696,443,19,34532,8712,22,34452,4700,165,132037,0,0,33311,14688,0,33310,0,0,32408,0,0,32350,4776,220,33290,8671,2,33301,0,0,132105,10794,6;
25569381900;911090,44904,1,6815,438,-17,34532,8714,23,34452,4701,168,132037,0,0,33311,14687,0,33310,8331,5,32408,0,0,32350,4777,221,33290,8670,2,33301,0,0,132105,10794,6;
25669980600;911191,44904,1,6812,436,-14,34532,8714,23,34452,4701,166,132037,0,0,33311,14681,0,33310,8332,5,32408,0,0,32350,4776,219,33290,8672,2,33301,0,0,132105,10795,6;
25771124300;911291,44904,1,6665,479,-77,34532,8715,23,34452,4701,168,132037,0,0,33311,14666,0,33310,0,0,32408,0,0,32350,4777,220,33290,8670,2,33301,0,0,132105,10792,7;
25870402500;911391,44904,1,6732,371,65,34532,8714,23,34452,4700,164,132037,0,0,33311,14654,0,33310,8366,4,32408,0,0,32350,4776,219,33290,8671,2,33301,0,0,132105,10795,7;
25970178500;911490,44904,1,6812,434,-12,34532,8715,23,34452,4700,167,132037,0,0,33311,14661,0,33310,8333,4,32408,0,0,32350,4775,219,33290,8670,2,33301,0,0,132105,10795,7;
26070586400;911590,44904,1,6810,433,-8,34532,8714,22,34452,4699,166,132037,0,0,33311,14688,0,33310,8333,5,32408,0,0,32350,4776,215,33290,8672,2,33301,0,0,132105,10799,6;
26170677600;911691,44904,1,6815,434,-13,34532,8716,22,34452,4700,169,132037,0,0,33311,14669,0,33310,8333,5,32408,0,0,32350,4776,215,33290,8668,2,33301,0,0,132105,10795,6;
26270863800;911791,44904,1,6656,500,-126,34532,8716,23,34452,4701,168,132037,0,0,33311,14654,0,33310,0,0,32408,0,0,32350,4777,214,33290,8671,2,33301,0,0,132105,10796,7;
26370304200;911891,44904,1,6810,434,-10,34532,8714,23,34452,4700,168,132037,0,0,33311,14657,0,33310,8333,5,32408,0,0,32350,4776,211,33290,8672,2,33301,0,0,132105,10794,7;
26470051900;911990,44904,1,6810,434,-12,34532,8714,23,34452,4701,171,132037,0,0,33311,14654,0,33310,8333,5,32408,0,0,32350,4775,207,33290,8670,2,33301,0,0,132105,10795,6;
26571275200;912091,44904,1,6647,511,-143,34532,8712,22,34452,4701,171,132037,0,0,33311,14645,0,33310,0,0,32408,0,0,32350,4776,209,33290,8672,2,33301,0,0,132105,10792,7;
26669578700;912190,44904,1,6737,370,63,34532,8717,22,34452,4700,171,132037,0,0,33311,14646,0,33310,8367,5,32408,0,0,32350,4776,209,33290,8672,2,33301,0,0,132105,10794,7;
26770498800;912291,44904,1,6817,439,-17,34532,8714,22,34452,4700,170,132037,0,0,33311,14655,0,33310,8330,5,32408,0,0,32350,4776,213,33290,8672,2,33301,0,0,132105,10794,7;
26870851400;912392,44904,1,6727,370,68,34532,8712,22,34452,4700,171,132037,0,0,33311,14650,0,33310,8366,5,32408,0,0,32350,4775,213,33290,8670,2,33301,0,0,132105,10792,7;
26969926000;912490,44904,1,6815,436,-14,34532,8715,22,34452,4700,170,132037,0,0,33311,14649,0,33310,8332,5,32408,0,0,32350,4776,211,33290,8670,2,33301,0,0,132105,10795,7;
27070232400;912591,44904,1,6742,374,58,34532,8717,22,34452,4700,171,132037,0,0,33311,14659,0,33310,8365,5,32408,0,0,32350,4776,210,33290,8673,2,33301,0,0,132105,10798,7;
27170042900;912690,44904,1,6812,435,-13,34532,8714,23,34452,4700,172,132037,0,0,33311,14674,0,33310,8332,5,32408,0,0,32350,4776,209,33290,8669,2,33301,0,0,132105,10796,7;
27269152600;912790,44904,1,6734,372,62,34532,8715,23,34452,4701,171,132037,0,0,33311,14676,0,33310,8366,5,32408,0,0,32350,4777,210,33290,8672,2,33301,0,0,132105,10794,6;
27369707200;912890,44904,1,6807,432,-7,34532,8713,23,34452,4699,170,132037,0,0,33311,14663,0,33310,8333,5,32408,0,0,32350,4777,212,33290,8668,2,33301,0,0,132105,10794,6;
27469732200;912990,44904,1,6807,433,-9,34532,8713,23,34452,4700,169,132037,0,0,33311,14674,0,33310,8333,5,32408,0,0,32350,4776,209,33290,8671,2,33301,0,0,132105,10796,7;
27569276200;913090,44904,1,6737,370,63,34532,8717,23,34452,4700,171,132037,0,0,33311,14676,0,33310,8367,5,32408,0,0,32350,4776,210,33290,8670,2,33301,0,0,132105,10793,7;
27669171900;913189,44904,1,6812,436,-15,34532,8715,23,34452,4702,172,132037,0,0,33311,14694,0,33310,8333,5,32408,0,0,32350,4776,211,33290,8669,2,33301,0,0,132105,10794,6;
27770553100;913290,44904,1,6812,438,-15,34532,8713,24,34452,4701,172,132037,0,0,33311,14710,0,33310,8331,5,32408,0,0,32350,4776,215,33290,8668,2,33301,0,0,132105,10792,7;
27870267400;913391,44904,1,6737,370,63,34532,8717,23,34452,4700,172,132037,0,0,33311,14720,0,33310,8367,5,32408,0,0,32350,4776,218,33290,8667,2,33301,0,0,132105,10794,7;
27968112900;913489,44904,1,6820,440,-19,34532,8715,23,34452,4700,170,132037,0,0,33311,14760,0,33310,8330,5,32408,0,0,32350,4775,220,33290,8671,2,33301,0,0,132105,10790,7;
28070192300;913590,44904,1,6732,370,67,34532,8714,23,34452,4699,169,132037,0,0,33311,14756,0,33310,8366,5,32408,0,0,32350,4777,222,33290,8669,2,33301,0,0,132105,10794,7;
28170173200;913691,44904,1,6815,435,-12,34532,8715,23,34452,4699,169,132037,0,0,33311,14776,0,33310,8332,4,32408,0,0,32350,4776,221,33290,8670,2,33301,0,0,132105,10796,6;
28268518900;913789,44904,1,6810,434,-12,34532,8714,23,34452,4701,170,132037,0,0,33311,14715,0,33310,8333,5,32408,0,0,32350,4777,222,33290,8669,2,33301,0,0,132105,10795,7;
28371835300;913890,44904,1,6732,371,65,34532,8714,23,34452,4700,167,132037,0,0,33311,14729,0,33310,8366,4,32408,0,0,32350,4776,220,33290,8668,2,33301,0,0,132105,10799,6;
28469688200;913990,44904,1,6732,372,63,34532,8714,24,34452,4701,166,132037,0,0,33311,14735,0,33310,8366,4,32408,0,0,32350,4776,219,33290,8667,2,33301,0,0,132105,10795,6;
28570713800;914091,44904,1,6805,433,-7,34532,8712,23,34452,4700,164,132037,0,0,33311,14743,0,33310,8333,5,32408,0,0,32350,4776,218,33290,8668,2,33301,0,0,132105,10796,6;
28669304400;914190,44904,1,6729,370,68,34532,8713,23,34452,4699,164,132037,0,0,33311,14713,0,33310,8366,4,32408,0,0,32350,4776,215,33290,8670,2,33301,0,0,132105,10793,7;
28769103800;914290,44904,1,6810,435,-11,34532,8713,23,34452,4700,167,132037,0,0,33311,14698,0,33310,8332,5,32408,0,0,32350,4776,213,33290,8669,2,33301,0,0,132105,10795,6;
28871037800;914392,44904,1,6805,433,-7,34532,8712,23,34452,4700,169,132037,0,0,33311,14710,0,33310,8333,4,32408,0,0,32350,4777,211,33290,8670,2,33301,0,0,132105,10792,6;
28969380200;914490,44904,1,6813,432,-11,34532,8716,23,34452,4700,169,132037,0,0,33311,14737,0,33310,8335,5,32408,0,0,32350,4776,210,33290,8670,2,33301,0,0,132105,10796,6;
29068672200;914589,44904,1,6815,438,-17,34532,8715,23,34452,4702,173,132037,0,0,33311,14734,0,33310,8332,5,32408,0,0,32350,4775,211,33290,8670,2,33301,0,0,132105,10796,6;
29170104000;914690,44904,1,6812,434,-12,34532,8715,22,34452,4700,172,132037,0,0,33311,14767,0,33310,8333,5,32408,0,0,32350,4777,212,33290,8670,2,33301,0,0,132105,10797,6;
29270091100;914791,44904,1,6810,434,-12,34532,8714,22,34452,4701,172,132037,0,0,33311,14788,0,33310,8333,4,32408,0,0,32350,4777,212,33290,8671,2,33301,0,0,132105,10795,6;
29369233300;914890,44904,1,6815,434,-13,34532,8716,21,34452,4700,173,132037,0,0,33311,14793,0,33310,8333,4,32408,0,0,32350,4777,213,33290,8673,2,33301,0,0,132105,10795,6;
29470113700;914991,44904,1,6815,432,-10,34532,8717,22,34452,4699,174,132037,0,0,33311,14776,0,33310,8335,4,32408,0,0,32350,4776,212,33290,8671,2,33301,0,0,132105,10794,6;
29569734600;915091,44904,1,6807,434,-13,34532,8714,22,34452,4703,175,132037,0,0,33311,14772,0,33310,8335,4,32408,0,0,32350,4776,209,33290,8670,2,33301,0,0,132105,10792,6;
29669011600;915190,44904,1,6807,432,-10,34532,8714,22,34452,4701,169,132037,0,0,33311,14726,0,33310,8335,4,32408,0,0,32350,4776,206,33290,8673,2,33301,0,0,132105,10797,6;
29769724100;915290,44904,1,6805,432,-8,34532,8713,23,34452,4701,170,132037,0,0,33311,14714,0,33310,8335,4,32408,0,0,32350,4776,212,33290,8671,2,33301,0,0,132105,10793,7;
29870663600;915392,44904,1,6800,429,-3,34532,8712,23,34452,4700,170,132037,0,0,33311,14724,0,33310,8336,4,32408,0,0,32350,4776,215,33290,8670,2,33301,0,0,132105,10795,7;
29969434100;915490,44904,1,6805,431,-6,34532,8713,24,34452,4700,172,132037,0,0,33311,14733,0,33310,8335,5,32408,0,0,32350,4776,215,33290,8669,2,33301,0,0,132105,10794,6;
30070368200;915591,44904,1,6815,434,-13,34532,8716,23,34452,4700,172,132037,0,0,33311,14737,0,33310,8333,4,32408,0,0,32350,4777,217,33290,8671,2,33301,0,0,132105,10794,6;
30169742600;915691,44904,1,6820,436,-17,34532,8717,22,34452,4700,172,132037,0,0,33311,14740,0,33310,8332,5,32408,0,0,32350,4777,219,33290,8672,2,33301,0,0,132105,10796,6;
30269893300;915791,44904,1,6812,434,-14,34532,8716,21,34452,4702,172,132037,0,0,33311,14753,0,33310,8335,4,32408,0,0,32350,4777,218,33290,8672,2,33301,0,0,132105,10794,6;
30368136200;915890,44904,1,6815,438,-17,34532,8715,21,34452,4702,174,132037,0,0,33311,14762,0,33310,8332,4,32408,0,0,32350,4777,219,33290,8673,2,33301,0,0,132105,10793,6;
30468772400;915989,44904,1,6730,367,68,34532,8715,21,34452,4700,171,132037,0,0,33311,14747,0,33310,8368,4,32408,0,0,32350,4776,219,33290,8671,2,33301,0,0,132105,10796,7;
30568783800;916090,44904,1,6810,435,-14,34532,8714,21,34452,4702,171,132037,0,0,33311,14726,0,33310,8333,4,32408,0,0,32350,4776,220,33290,8675,2,33301,0,0,132105,10795,7;
30668175500;916189,44904,1,6818,434,-13,34532,8717,21,34452,4699,170,132037,0,0,33311,14709,0,33310,8333,4,32408,0,0,32350,4777,222,33290,8671,2,33301,0,0,132105,10793,7;
30768974400;916290,44904,1,6815,436,-14,34532,8715,21,34452,4700,170,132037,0,0,33311,14689,0,33310,8332,5,32408,0,0,32350,4777,224,33290,8672,2,33301,0,0,132105,10794,7;
30871848500;916392,44904,1,6815,435,-12,34532,8715,21,34452,4699,166,132037,0,0,33311,14669,0,33310,8332,4,32408,0,0,32350,4777,224,33290,8672,2,33301,0,0,132105,10794,7;
30971130400;916492,44904,1,6815,434,-13,34532,8716,22,34452,4700,168,132037,0,0,33311,14676,0,33310,8333,5,32408,0,0,32350,4777,224,33290,8672,2,33301,0,0,132105,10794,7;
31071371200;916592,44904,1,6817,437,-17,34532,8716,21,34452,4701,172,132037,0,0,33311,14694,0,33310,8332,5,32408,0,0,32350,4777,221,33290,8674,2,33301,0,0,132105,10794,7;
31166369800;916688,44904,1,6810,434,-10,34532,8714,21,34452,4700,169,132037,0,0,33311,14689,0,33310,8333,5,32408,0,0,32350,4776,218,33290,8671,2,33301,0,0,132105,10794,7;
31270067700;916791,44904,1,6734,371,64,34532,8715,21,34452,4700,170,132037,0,0,33311,14682,0,33310,8366,5,32408,0,0,32350,4777,219,33290,8673,2,33301,0,0,132105,10793,7;
31369542000;916891,44904,1,6815,434,-13,34532,8716,21,34452,4700,169,132037,0,0,33311,14713,0,33310,8333,5,32408,0,0,32350,4777,216,33290,8673,2,33301,0,0,132105,10798,7;
31470635500;916991,44904,1,6815,437,-13,34532,8714,21,34452,4699,168,132037,0,0,33311,14695,0,33310,8331,5,32408,0,0,32350,4777,214,33290,8674,2,33301,0,0,132105,10793,7;
31566514900;917087,44904,1,6815,436,-14,34532,8715,22,34452,4700,169,132037,0,0,33311,14668,0,33310,8332,5,32408,0,0,32350,4776,212,33290,8673,2,33301,0,0,132105,10795,7;
31669155900;917190,44904,1,6822,439,-18,34532,8716,22,34452,4699,170,132037,0,0,33311,14703,0,33310,8330,5,32408,0,0,32350,4777,215,33290,8672,2,33301,0,0,132105,10790,7;
31768600000;917290,44904,1,6737,375,57,34532,8715,22,34452,4702,171,132037,0,0,33311,14742,0,33310,8365,5,32408,0,0,32350,4776,215,33290,8670,2,33301,0,0,132105,10793,7;
31870408200;917391,44904,1,6815,437,-15,34532,8714,22,34452,4700,169,132037,0,0,33311,14719,0,33310,8331,5,32408,0,0,32350,4775,213,33290,8670,2,33301,0,0,132105,10796,6;
31971336800;917492,44904,1,6715,418,78,34532,8714,23,34452,4700,169,132037,0,0,33311,14705,0,33310,0,0,32408,0,0,32350,4777,215,33290,8670,2,33301,0,0,132105,10797,6;
32065854200;917587,44904,1,6807,432,-8,34532,8714,23,34452,4700,168,132037,0,0,33311,14717,0,33310,8335,5,32408,0,0,32350,4776,214,33290,8669,2,33301,0,0,132105,10795,6;
32167850200;917689,44904,1,6817,436,-15,34532,8716,22,34452,4700,167,132037,0,0,33311,14750,0,33310,8332,4,32408,0,0,32350,4777,215,33290,8672,2,33301,0,0,132105,10796,6;
32270418500;917791,44904,1,6812,434,-12,34532,8715,21,34452,4700,166,132037,0,0,33311,14731,0,33310,8333,5,32408,0,0,32350,4775,216,33290,8672,2,33301,0,0,132105,10797,6;
32372034400;917893,44904,1,6815,437,-16,34532,8715,21,34452,4701,167,132037,0,0,33311,14729,0,33310,8332,5,32408,0,0,32350,4777,222,33290,8673,2,33301,0,0,132105,10796,6;
32471107600;917992,44904,1,6817,436,-15,34532,8716,21,34452,4700,167,132037,0,0,33311,14724,0,33310,8332,4,32408,0,0,32350,4777,225,33290,8671,2,33301,0,0,132105,10792,6;
32566298200;918088,44904,1,6810,433,-11,34532,8715,21,34452,4701,167,132037,0,0,33311,14716,0,33310,8335,4,32408,0,0,32350,4776,225,33290,8674,2,33301,0,0,132105,10793,7;
32669062400;918190,44904,1,6810,434,-10,34532,8714,21,34452,4700,167,132037,0,0,33311,14721,0,33310,8333,4,32408,0,0,32350,4776,226,33290,8672,2,33301,0,0,132105,10792,6;
32769077100;918290,44904,1,6810,430,-8,34532,8716,22,34452,4700,169,132037,0,0,33311,14705,0,33310,8336,4,32408,0,0,32350,4777,231,33290,8672,2,33301,0,0,132105,10796,6;
32869326200;918391,44904,1,6820,436,-17,34532,8717,22,34452,4700,171,132037,0,0,33311,14699,0,33310,8332,4,32408,0,0,32350,4776,234,33290,8670,2,33301,0,0,132105,10795,6;
32965608900;918486,44904,1,6818,434,-13,34532,8717,22,34452,4699,170,132037,0,0,33311,14727,0,33310,8333,4,32408,0,0,32350,4777,235,33290,8671,2,33301,0,0,132105,10793,6;
33069462300;918591,44904,1,6815,436,-17,34532,8716,22,34452,4702,171,132037,0,0,33311,14745,0,33310,8333,4,32408,0,0,32350,4777,232,33290,8671,2,33301,0,0,132105,10795,6;
33169477700;918691,44904,1,6812,436,-14,34532,8714,23,34452,4701,171,132037,0,0,33311,14736,0,33310,8332,4,32408,0,0,32350,4775,227,33290,8670,2,33301,0,0,132105,10796,6;
33270387400;918791,44904,1,6737,375,60,34532,8714,22,34452,4700,171,132037,0,0,33311,14755,0,33310,8364,5,32408,0,0,32350,4776,225,33290,8670,2,33301,0,0,132105,10793,6;
33364564300;918886,44904,1,6822,442,-21,34532,8715,22,34452,4700,170,132037,0,0,33311,14729,0,33310,8329,5,32408,0,0,32350,4776,223,33290,8673,2,33301,0,0,132105,10797,6;
33467919100;918989,44904,1,6744,378,55,34532,8716,22,34452,4700,168,132037,0,0,33311,14718,0,33310,8363,5,32408,0,0,32350,4776,222,33290,8672,2,33301,0,0,132105,10793,6;
33569350200;919091,44904,1,6737,374,62,34532,8714,22,34452,4699,165,132037,0,0,33311,14726,0,33310,8364,5,32408,0,0,32350,4777,221,33290,8672,2,33301,0,0,132105,10796,6;
33669439100;919190,44904,1,6742,375,56,34532,8717,22,34452,4701,164,132037,0,0,33311,14729,0,33310,8365,5,32408,0,0,32350,4776,220,33290,8671,2,33301,0,0,132105,10798,6;
33765869800;919287,44904,1,6822,440,-20,34532,8716,23,34452,4700,164,132037,0,0,33311,14732,0,33310,8330,5,32408,0,0,32350,4777,218,33290,8671,2,33301,0,0,132105,10795,6;
33867226900;919389,44904,1,6817,437,-17,34532,8716,23,34452,4701,163,132037,0,0,33311,14717,0,33310,8332,5,32408,0,0,32350,4776,215,33290,8671,2,33301,0,0,132105,10799,6;
33967828500;919490,44904,1,6737,371,64,34532,8716,23,34452,4699,164,132037,0,0,33311,14726,0,33310,8366,5,32408,0,0,32350,4776,214,33290,8670,2,33301,0,0,132105,10794,6;
34069920400;919591,44904,1,6815,437,-15,34532,8714,22,34452,4700,164,132037,0,0,33311,14779,0,33310,8331,5,32408,0,0,32350,4776,211,33290,8670,2,33301,0,0,132105,10795,5;
34167816100;919689,44904,1,6822,438,-19,34532,8717,22,34452,4700,163,132037,0,0,33311,14760,0,33310,8331,5,32408,0,0,32350,4776,205,33290,8670,2,33301,0,0,132105,10795,5;
34269285100;919791,44904,1,6729,372,65,34532,8713,22,34452,4701,165,132037,0,0,33311,14782,0,33310,8366,5,32408,0,0,32350,4776,204,33290,8671,2,33301,0,0,132105,10795,5;
34369453400;919891,44904,1,6732,369,65,34532,8716,23,34452,4701,167,132037,0,0,33311,0,0,33310,8368,4,32408,0,0,32350,4776,202,33290,8670,2,33301,0,0,132105,10791,6;
34470019400;919991,44904,1,6805,433,-7,34532,8712,23,34452,4700,167,132037,0,0,33311,14783,0,33310,8333,5,32408,0,0,32350,4775,201,33290,8670,2,33301,0,0,132105,10793,6;
34566057800;920087,44904,1,6820,438,-18,34532,8716,22,34452,4700,168,132037,0,0,33311,14755,0,33310,8331,5,32408,0,0,32350,4776,204,33290,8671,2,33301,0,0,132105,10794,6;
34665919700;920187,44904,1,6815,435,-12,34532,8715,22,34452,4699,167,132037,0,0,33311,14765,0,33310,8332,4,32408,0,0,32350,4776,204,33290,8672,2,33301,0,0,132105,10797,6;
34766556600;920288,44904,1,6732,369,66,34532,8715,21,34452,4700,169,132037,0,0,33311,14723,0,33310,8367,4,32408,0,0,32350,4777,206,33290,8669,2,33301,0,0,132105,10794,6;
34867530200;920390,44904,1,6818,435,-13,34532,8716,21,34452,4699,170,132037,0,0,33311,14722,0,33310,8332,4,32408,0,0,32350,4776,205,33290,8671,2,33301,0,0,132105,10794,6;
34969320800;920491,44904,1,6727,365,71,34532,8715,21,34452,4700,169,132037,0,0,33311,14738,0,33310,8369,4,32408,0,0,32350,4776,205,33290,8673,2,33301,0,0,132105,10794,6;
35070190500;920592,44904,1,6825,441,-23,34532,8717,21,34452,4701,172,132037,0,0,33311,14774,0,33310,8330,5,32408,0,0,32350,4776,210,33290,8671,2,33301,0,0,132105,10794,6;
35164973500;920687,44904,1,6815,435,-15,34532,8716,22,34452,4701,168,132037,0,0,33311,14775,0,33310,8333,5,32408,0,0,32350,4776,209,33290,8672,2,33301,0,0,132105,10799,5;
35267072200;920788,44904,1,6812,434,-12,34532,8715,22,34452,4700,170,132037,0,0,33311,14781,0,33310,8333,5,32408,0,0,32350,4777,214,33290,8672,2,33301,0,0,132105,10796,5;
35368638500;920890,44904,1,6812,436,-14,34532,8714,22,34452,4701,171,132037,0,0,33311,14772,0,33310,8332,5,32408,0,0,32350,4777,213,33290,8670,2,33301,0,0,132105,10795,5;
35468684500;920990,44904,1,6807,433,-9,34532,8713,22,34452,4700,170,132037,0,0,33311,14716,0,33310,8333,5,32408,0,0,32350,4777,212,33290,8670,2,33301,0,0,132105,10797,6;
35569635700;921091,44904,1,6815,436,-14,34532,8715,22,34452,4700,171,132037,0,0,33311,14749,0,33310,8332,5,32408,0,0,32350,4776,213,33290,8671,2,33301,0,0,132105,10794,6;
35665785600;921187,44904,1,6815,436,-17,34532,8716,23,34452,4702,171,132037,0,0,33311,14710,0,33310,8333,5,32408,0,0,32350,4776,216,33290,8670,2,33301,0,0,132105,10797,6;
35767820200;921289,44904,1,6817,437,-14,34532,8715,23,34452,4699,172,132037,0,0,33311,14697,0,33310,8331,5,32408,0,0,32350,4776,216,33290,8670,2,33301,0,0,132105,10796,6;
35868803900;921390,44904,1,6817,438,-16,34532,8715,23,34452,4700,173,132037,0,0,33311,14698,0,33310,8331,5,32408,0,0,32350,4777,220,33290,8671,2,33301,0,0,132105,10797,6;
35968988300;921491,44904,1,6739,374,60,34532,8716,22,34452,4700,171,132037,0,0,33311,14719,0,33310,8365,5,32408,0,0,32350,4776,221,33290,8672,2,33301,0,0,132105,10796,6;
36070703600;921592,44904,1,6817,439,-17,34532,8714,22,34452,4700,170,132037,0,0,33311,14707,0,33310,8330,5,32408,0,0,32350,4776,225,33290,8671,2,33301,0,0,132105,10798,6;
36165596700;921687,44904,1,6820,438,-18,34532,8716,22,34452,4700,169,132037,0,0,33311,14720,0,33310,8331,5,32408,0,0,32350,4777,225,33290,8672,2,33301,0,0,132105,10799,6;
36267459100;921789,44904,1,6737,372,62,34532,8716,22,34452,4700,167,132037,0,0,33311,14696,0,33310,8366,5,32408,0,0,32350,4776,221,33290,8671,2,33301,0,0,132105,10795,6;
36368128700;921890,44904,1,6807,434,-11,34532,8713,22,34452,4701,166,132037,0,0,33311,14665,0,33310,8333,5,32408,0,0,32350,4776,221,33290,8672,2,33301,0,0,132105,10797,6;
36469838900;921992,44904,1,6732,372,63,34532,8714,22,34452,4701,168,132037,0,0,33311,14677,0,33310,8366,5,32408,0,0,32350,4777,222,33290,8672,2,33301,0,0,132105,10793,6;
36564838200;922086,44904,1,6729,371,67,34532,8713,22,34452,4700,171,132037,0,0,33311,14691,0,33310,8366,4,32408,0,0,32350,4776,222,33290,8671,2,33301,0,0,132105,10797,6;
36667541200;922189,44904,1,6817,436,-15,34532,8716,21,34452,4700,168,132037,0,0,33311,14690,0,33310,8332,4,32408,0,0,32350,4776,217,33290,8674,2,33301,0,0,132105,10794,6;
36767919600;922290,44904,1,6825,439,-20,34532,8718,21,34452,4700,170,132037,0,0,33311,14684,0,33310,8331,5,32408,0,0,32350,4777,220,33290,8672,2,33301,0,0,132105,10795,6;
36867018700;922389,44904,1,6825,442,-25,34532,8717,22,34452,4702,171,132037,0,0,33311,14656,0,33310,8330,5,32408,0,0,32350,4776,217,33290,8671,2,33301,0,0,132105,10796,6;
36969072700;922491,44904,1,6812,433,-10,34532,8715,22,34452,4699,169,132037,0,0,33311,14682,0,33310,8333,5,32408,0,0,32350,4776,218,33290,8672,2,33301,0,0,132105,10797,6;
37065343400;922587,44904,1,6817,437,-17,34532,8716,22,34452,4701,170,132037,0,0,33311,14668,0,33310,8332,5,32408,0,0,32350,4777,218,33290,8672,2,33301,0,0,132105,10795,6;
37167351300;922689,44904,1,6822,440,-20,34532,8716,21,34452,4700,169,132037,0,0,33311,14647,0,33310,8330,5,32408,0,0,32350,4776,216,33290,8674,2,33301,0,0,132105,10794,6;
37268273700;922790,44904,1,6817,438,-16,34532,8715,22,34452,4700,168,132037,0,0,33311,14646,0,33310,8331,4,32408,0,0,32350,4776,214,33290,8673,2,33301,0,0,132105,10796,6;
37369369700;922891,44904,1,6812,435,-13,34532,8714,23,34452,4700,167,132037,0,0,33311,14677,0,33310,8332,5,32408,0,0,32350,4776,212,33290,8671,2,33301,0,0,132105,10794,6;
