9725130200;157766,44904,1,209,479,456,34532,9262,11,34452,9212,14,132037,0,0,33311,13027,0,33310,11099,3,32408,0,0,32350,9187,13,33290,9267,0,33301,0,0,132105,5592,102;
9826092200;157867,44904,1,200,473,479,34532,9263,11,34452,9214,14,132037,0,0,33311,13026,0,33310,11103,3,32408,0,0,32350,9187,13,33290,9269,0,33301,0,0,132105,5592,101;
9928081900;157969,44904,1,201,481,467,34532,9260,11,34452,9215,14,132037,0,0,33311,13026,0,33310,11100,3,32408,0,0,32350,9187,13,33290,9268,0,33301,0,0,132105,5593,101;
10030324800;158072,44904,1,215,487,422,34532,9266,11,34452,9217,14,132037,0,0,33311,13031,0,33310,11100,3,32408,0,0,32350,9187,13,33290,9268,0,33301,0,0,132105,5594,101;
10129309600;158170,44904,1,208,480,451,34532,9264,11,34452,9215,14,132037,0,0,33311,13028,0,33310,11101,3,32408,0,0,32350,9187,13,33290,9270,0,33301,0,0,132105,5594,101;
10224780900;158266,44904,1,211,483,443,34532,9263,11,34452,9214,14,132037,0,0,33311,13031,0,33310,11099,3,32408,0,0,32350,9187,13,33290,9271,0,33301,0,0,132105,5593,101;
10326452900;158367,44904,1,259,449,111,34532,9260,11,34452,9213,14,132037,0,0,33311,13031,0,33310,0,0,32408,0,0,32350,9186,13,33290,9270,0,33301,0,0,132105,5593,100;
10427757400;158470,44904,1,213,485,432,34532,9265,11,34452,9216,13,132037,0,0,33311,13039,0,33310,11100,3,32408,0,0,32350,9185,13,33290,9267,0,33301,0,0,132105,5594,99;
10528110100;158569,44904,1,202,483,456,34532,9262,11,34452,9217,13,132037,0,0,33311,13027,0,33310,11101,3,32408,0,0,32350,9190,13,33290,9269,0,33301,0,0,132105,5593,100;
10623746500;158665,44904,1,260,447,113,34532,9260,11,34452,9216,13,132037,0,0,33311,13032,0,33310,0,0,32408,0,0,32350,9189,13,33290,9268,0,33301,0,0,132105,5593,100;
10726050400;158767,44904,1,210,484,438,34532,9264,11,34452,9216,13,132037,0,0,33311,13026,0,33310,11100,3,32408,0,0,32350,9185,13,33290,9268,0,33301,0,0,132105,5594,101;
10828089200;158869,44904,1,205,484,451,34532,9262,11,34452,9216,13,132037,0,0,33311,13025,0,33310,11100,3,32408,0,0,32350,9187,13,33290,9268,0,33301,0,0,132105,5593,100;
10927782700;158969,44904,1,213,491,423,34532,9263,11,34452,9217,13,132037,0,0,33311,13025,0,33310,11098,3,32408,0,0,32350,9188,13,33290,9265,0,33301,0,0,132105,5592,100;
11029718000;159071,44904,1,212,470,467,34532,9264,11,34452,9208,13,132037,0,0,33311,13025,0,33310,11100,3,32408,0,0,32350,9188,12,33290,9268,0,33301,0,0,132105,5593,101;
11124227700;159165,44904,1,212,484,431,34532,9266,11,34452,9217,13,132037,0,0,33311,13027,0,33310,11101,3,32408,0,0,32350,9186,12,33290,9265,0,33301,0,0,132105,5593,101;
11226460600;159267,44904,1,212,478,453,34532,9263,11,34452,9211,13,132037,0,0,33311,13024,0,33310,11099,3,32408,0,0,32350,9187,12,33290,9268,0,33301,0,0,132105,5592,100;
11328766500;159370,44904,1,198,479,476,34532,9260,11,34452,9215,13,132037,0,0,33311,13029,1,33310,11101,3,32408,0,0,32350,9187,12,33290,9267,0,33301,0,0,132105,5592,100;
11427059600;159469,44904,1,213,485,433,34532,9264,11,34452,9215,14,132037,0,0,33311,13025,1,33310,11099,3,32408,0,0,32350,9188,12,33290,9267,0,33301,0,0,132105,5593,101;
11522781500;159564,44904,1,211,483,442,34532,9264,11,34452,9215,14,132037,0,0,33311,13026,1,33310,11100,3,32408,0,0,32350,9186,12,33290,9269,0,33301,0,0,132105,5592,100;
11625439100;159667,44904,1,213,485,432,34532,9265,11,34452,9216,14,132037,0,0,33311,13021,0,33310,11100,3,32408,0,0,32350,9187,13,33290,9268,0,33301,0,0,132105,5593,101;
11726810200;159768,44904,1,211,483,442,34532,9264,11,34452,9215,13,132037,0,0,33311,13024,0,33310,11100,3,32408,0,0,32350,9186,13,33290,9268,0,33301,0,0,132105,5592,101;
11828230800;159870,44904,1,209,484,445,34532,9262,11,34452,9215,13,132037,0,0,33311,13023,1,33310,11099,3,32408,0,0,32350,9187,13,33290,9270,0,33301,0,0,132105,5593,101;
11922843400;159965,44904,1,205,486,447,34532,9262,11,34452,9217,12,132037,0,0,33311,13025,0,33310,11100,3,32408,0,0,32350,9186,12,33290,9270,0,33301,0,0,132105,5593,101;
12026613000;160068,44904,1,211,483,442,34532,9264,11,34452,9215,13,132037,0,0,33311,13019,0,33310,11100,3,32408,0,0,32350,9185,13,33290,9267,0,33301,0,0,132105,5593,101;
12124901700;160167,44904,1,208,484,444,34532,9263,11,34452,9216,13,132037,0,0,33311,13026,0,33310,11100,3,32408,0,0,32350,9185,13,33290,9267,0,33301,0,0,132105,5594,102;
12226079400;160269,44904,1,208,476,458,34532,9264,11,34452,9213,12,132037,0,0,33311,13022,1,33310,11101,3,32408,0,0,32350,9183,13,33290,9267,0,33301,0,0,132105,5593,102;
12326815300;160369,44904,1,205,486,447,34532,9262,11,34452,9217,12,132037,0,0,33311,13025,1,33310,11100,3,32408,0,0,32350,9184,13,33290,9267,0,33301,0,0,132105,5593,101;
12422705500;160465,44904,1,208,486,441,34532,9263,11,34452,9217,13,132037,0,0,33311,13022,1,33310,11100,3,32408,0,0,32350,9188,12,33290,9268,0,33301,0,0,132105,5592,101;
12525273000;160567,44904,1,202,483,456,34532,9262,11,34452,9217,13,132037,0,0,33311,13023,1,33310,11101,3,32408,0,0,32350,9187,13,33290,9270,0,33301,0,0,132105,5593,101;
12626022700;160668,44904,1,196,477,487,34532,9258,11,34452,9213,13,132037,0,0,33311,13023,0,33310,11100,3,32408,0,0,32350,9186,13,33290,9270,0,33301,0,0,132105,5593,101;
12726305200;160769,44904,1,205,478,461,34532,9263,11,34452,9214,13,132037,0,0,33311,13024,1,33310,11101,3,32408,0,0,32350,9189,13,33290,9267,0,33301,0,0,132105,5594,102;
12827025700;160869,44904,1,213,485,433,34532,9264,11,34452,9215,13,132037,0,0,33311,13017,0,33310,11099,3,32408,0,0,32350,9188,13,33290,9267,0,33301,0,0,132105,5593,102;
12923283100;160965,44904,1,200,481,466,34532,9261,11,34452,9216,13,132037,0,0,33311,13022,0,33310,11101,3,32408,0,0,32350,9187,13,33290,9267,0,33301,0,0,132105,5593,102;
13025511300;161068,44904,1,205,483,450,34532,9263,11,34452,9217,13,132037,0,0,33311,13024,0,33310,11101,3,32408,0,0,32350,9186,12,33290,9268,0,33301,0,0,132105,5593,102;
13125859800;161168,44904,1,211,481,446,34532,9263,11,34452,9213,13,132037,0,0,33311,13020,0,33310,11099,3,32408,0,0,32350,9186,13,33290,9265,0,33301,0,0,132105,5593,102;
13226488000;161269,44904,1,200,481,466,34532,9261,12,34452,9216,13,132037,0,0,33311,13018,0,33310,11101,3,32408,0,0,32350,9186,13,33290,9268,0,33301,0,0,132105,5592,103;
13326653100;161369,44904,1,213,481,439,34532,9265,11,34452,9214,13,132037,0,0,33311,13021,0,33310,11100,3,32408,0,0,32350,9186,13,33290,9268,0,33301,0,0,132105,5593,103;
13429282400;161471,44904,1,196,471,496,34532,9260,12,34452,9212,13,132037,0,0,33311,13026,0,33310,11102,3,32408,0,0,32350,9187,13,33290,9268,0,33301,0,0,132105,5593,103;
13524064800;161566,44904,1,209,475,462,34532,9263,11,34452,9211,13,132037,0,0,33311,13029,0,33310,11100,3,32408,0,0,32350,9188,12,33290,9266,0,33301,0,0,132105,5593,104;
13625873300;161668,44904,1,198,471,490,34532,9261,11,34452,9212,13,132037,0,0,33311,13024,0,33310,11102,3,32408,0,0,32350,9186,13,33290,9266,0,33301,0,0,132105,5593,104;
13727169900;161769,44904,1,201,480,471,34532,9260,12,34452,9214,13,132037,0,0,33311,13027,0,33310,11100,3,32408,0,0,32350,9187,13,33290,9266,0,33301,0,0,132105,5593,104;
13823085700;161865,44904,1,203,476,471,34532,9262,12,34452,9213,13,132037,0,0,33311,13025,0,33310,11101,3,32408,0,0,32350,9186,14,33290,9266,0,33301,0,0,132105,5592,104;
13925010900;161967,44904,1,206,486,448,34532,9261,12,34452,9216,13,132037,0,0,33311,13026,0,33310,11099,3,32408,0,0,32350,9188,14,33290,9266,0,33301,0,0,132105,5593,104;
14025609500;162068,44904,1,205,484,451,34532,9262,12,34452,9216,13,132037,0,0,33311,13025,0,33310,11100,3,32408,0,0,32350,9186,14,33290,9267,0,33301,0,0,132105,5592,104;
14128692300;162170,44904,1,214,484,437,34532,9263,11,34452,9213,13,132037,0,0,33311,13027,0,33310,11098,3,32408,0,0,32350,9187,14,33290,9267,0,33301,0,0,132105,5592,104;
14221778500;162264,44904,1,211,487,435,34532,9263,12,34452,9216,13,132037,0,0,33311,13025,1,33310,11099,3,32408,0,0,32350,9190,13,33290,9266,0,33301,0,0,132105,5592,104;
14324905300;162367,44904,1,211,491,429,34532,9262,11,34452,9217,13,132037,0,0,33311,13022,1,33310,11098,3,32408,0,0,32350,9187,14,33290,9265,0,33301,0,0,132105,5592,104;
14425537800;162468,44904,1,214,487,430,34532,9263,12,34452,9215,13,132037,0,0,33311,13020,1,33310,11098,3,32408,0,0,32350,9189,14,33290,9267,0,33301,0,0,132105,5593,104;
14527037300;162570,44904,1,203,480,464,34532,9261,12,34452,9214,13,132037,0,0,33311,13020,1,33310,11100,3,32408,0,0,32350,9189,14,33290,9266,0,33301,0,0,132105,5593,104;
14627116600;162670,44904,1,211,487,435,34532,9263,12,34452,9216,14,132037,0,0,33311,13016,1,33310,11099,3,32408,0,0,32350,9185,14,33290,9266,0,33301,0,0,132105,5594,104;
14723337000;162765,44904,1,204,478,468,34532,9261,11,34452,9213,13,132037,0,0,33311,13019,1,33310,11100,3,32408,0,0,32350,9187,14,33290,9267,0,33301,0,0,132105,5593,103;
14825121700;162868,44904,1,213,485,433,34532,9264,11,34452,9215,14,132037,0,0,33311,13021,1,33310,11099,3,32408,0,0,32350,9189,14,33290,9267,0,33301,0,0,132105,5592,103;
14926172400;162969,44904,1,218,484,423,34532,9266,11,34452,9214,14,132037,0,0,33311,13021,1,33310,11099,3,32408,0,0,32350,9187,13,33290,9266,0,33301,0,0,132105,5592,102;
15026357500;163069,44904,1,244,469,83,34532,9261,11,34452,9215,14,132037,0,0,33311,13018,1,33310,0,0,32408,0,0,32350,9186,13,33290,9266,0,33301,0,0,132105,5593,103;
15127735700;163170,44904,1,211,488,432,34532,9263,11,34452,9217,14,132037,0,0,33311,13022,1,33310,11099,3,32408,0,0,32350,9188,13,33290,9268,0,33301,0,0,132105,5594,103;
15223078600;163265,44904,1,218,493,406,34532,9266,11,34452,9219,14,132037,0,0,33311,13021,1,33310,11099,3,32408,0,0,32350,9189,13,33290,9271,0,33301,0,0,132105,5593,100;
15324882500;163367,44904,1,206,484,452,34532,9261,11,34452,9215,14,132037,0,0,33311,13019,1,33310,11099,3,32408,0,0,32350,9187,13,33290,9267,0,33301,0,0,132105,5592,102;
15425225200;163468,44904,1,212,483,443,34532,9262,11,34452,9213,14,132037,0,0,33311,13016,1,33310,11098,3,32408,0,0,32350,9185,13,33290,9267,0,33301,0,0,132105,5593,102;
15528282000;163571,44904,1,213,487,429,34532,9264,11,34452,9216,14,132037,0,0,33311,13019,1,33310,11099,3,32408,0,0,32350,9187,13,33290,9266,0,33301,0,0,132105,5592,102;
15622017500;163664,44904,1,208,482,448,34532,9263,11,34452,9215,14,132037,0,0,33311,13018,1,33310,11100,3,32408,0,0,32350,9189,13,33290,9267,0,33301,0,0,132105,5591,101;
15724497900;163767,44904,1,209,481,452,34532,9262,11,34452,9213,14,132037,0,0,33311,13018,1,33310,11099,3,32408,0,0,32350,9187,13,33290,9269,0,33301,0,0,132105,5593,102;
15824693200;163867,44904,1,203,483,457,34532,9261,11,34452,9216,14,132037,0,0,33311,13019,1,33310,11100,3,32408,0,0,32350,9189,13,33290,9268,0,33301,0,0,132105,5592,101;
15926358100;163969,44904,1,209,481,452,34532,9262,11,34452,9213,14,132037,0,0,33311,13016,1,33310,11099,3,32408,0,0,32350,9187,13,33290,9268,0,33301,0,0,132105,5592,101;
16025997600;164069,44904,1,206,486,448,34532,9261,11,34452,9216,14,132037,0,0,33311,13023,1,33310,11099,3,32408,0,0,32350,9188,13,33290,9268,0,33301,0,0,132105,5592,100;
16122886400;164165,44904,1,215,487,422,34532,9266,11,34452,9217,14,132037,0,0,33311,13017,1,33310,11100,3,32408,0,0,32350,9188,13,33290,9266,0,33301,0,0,132105,5592,101;
16224409700;164267,44904,1,209,481,452,34532,9262,11,34452,9213,14,132037,0,0,33311,13019,1,33310,11099,3,32408,0,0,32350,9188,13,33290,9268,0,33301,0,0,132105,5593,101;
16324965600;164368,44904,1,243,468,85,34532,9262,11,34452,9211,14,132037,0,0,33311,13019,1,33310,0,0,32408,0,0,32350,9186,13,33290,9268,0,33301,0,0,132105,5592,101;
16425820400;164468,44904,1,211,479,449,34532,9264,11,34452,9213,14,132037,0,0,33311,13017,1,33310,11100,3,32408,0,0,32350,9189,13,33290,9268,0,33301,0,0,132105,5593,101;
16526357500;164569,44904,1,245,467,86,34532,9261,11,34452,9215,14,132037,0,0,33311,13019,1,33310,0,0,32408,0,0,32350,9185,13,33290,9269,0,33301,0,0,132105,5592,100;
16623233500;164666,44904,1,213,479,442,34532,9265,11,34452,9213,14,132037,0,0,33311,13018,1,33310,11100,3,32408,0,0,32350,9188,13,33290,9268,0,33301,0,0,132105,5593,100;
16724280400;164766,44904,1,204,472,478,34532,9262,11,34452,9211,14,132037,0,0,33311,13015,1,33310,11101,3,32408,0,0,32350,9187,13,33290,9268,0,33301,0,0,132105,5591,100;
16824726700;164867,44904,1,243,470,82,34532,9261,11,34452,9213,14,132037,0,0,33311,13017,1,33310,0,0,32408,0,0,32350,9186,13,33290,9269,0,33301,0,0,132105,5592,101;
16926674800;164969,44904,1,243,469,81,34532,9262,11,34452,9215,14,132037,0,0,33311,13018,1,33310,0,0,32408,0,0,32350,9185,13,33290,9266,0,33301,0,0,132105,5593,101;
17022255600;165065,44904,1,206,478,462,34532,9262,11,34452,9213,14,132037,0,0,33311,13017,1,33310,11100,3,32408,0,0,32350,9188,13,33290,9265,0,33301,0,0,132105,5593,101;
17124323500;165167,44904,1,209,484,445,34532,9262,12,34452,9215,14,132037,0,0,33311,13017,1,33310,11099,3,32408,0,0,32350,9188,13,33290,9267,0,33301,0,0,132105,5592,101;
17224676100;165268,44904,1,198,475,482,34532,9261,11,34452,9214,14,132037,0,0,33311,13014,1,33310,11102,3,32408,0,0,32350,9188,13,33290,0,0,33301,0,0,132105,5593,101;
17326942500;165370,44904,1,214,488,431,34532,9262,11,34452,9214,14,132037,0,0,33311,13020,1,33310,11097,3,32408,0,0,32350,9185,13,33290,9268,0,33301,0,0,132105,5593,101;
17421827700;165464,44904,1,206,476,464,34532,9263,11,34452,9213,14,132037,0,0,33311,13021,1,33310,11101,3,32408,0,0,32350,9188,13,33290,9265,0,33301,0,0,132105,5591,100;
17524403300;165567,44904,1,239,470,79,34532,9264,11,34452,9216,14,132037,0,0,33311,13018,1,33310,0,0,32408,0,0,32350,9187,13,33290,9267,0,33301,0,0,132105,5592,102;
17624896000;165668,44904,1,208,479,455,34532,9263,12,34452,9213,14,132037,0,0,33311,13015,1,33310,11100,3,32408,0,0,32350,9183,13,33290,9266,0,33301,0,0,132105,5592,102;
17726595700;165769,44904,1,208,484,444,34532,9263,12,34452,9216,13,132037,0,0,33311,13017,1,33310,11100,3,32408,0,0,32350,9185,13,33290,9267,0,33301,0,0,132105,5592,103;
17822225500;165864,44904,1,202,479,462,34532,9263,11,34452,9216,14,132037,0,0,33311,13019,1,33310,11102,3,32408,0,0,32350,9188,13,33290,9267,0,33301,0,0,132105,5592,102;
17923979700;165966,44904,1,205,480,457,34532,9263,11,34452,9215,13,132037,0,0,33311,13016,1,33310,11101,3,32408,0,0,32350,9186,13,33290,9267,0,33301,0,0,132105,5592,102;
18025773300;166068,44904,1,208,482,448,34532,9263,11,34452,9215,13,132037,0,0,33311,13015,1,33310,11100,3,32408,0,0,32350,9186,14,33290,0,0,33301,0,0,132105,5592,102;
18124485100;166167,44904,1,203,479,463,34532,9262,11,34452,9215,13,132037,0,0,33311,13017,1,33310,11101,2,32408,0,0,32350,9187,13,33290,9267,0,33301,0,0,132105,5592,102;
18225577300;166268,44904,1,205,480,457,34532,9263,11,34452,9215,14,132037,0,0,33311,13018,1,33310,11101,3,32408,0,0,32350,9186,13,33290,9266,0,33301,0,0,132105,5592,103;
18326702800;166369,44904,1,205,484,451,34532,9262,11,34452,9216,14,132037,0,0,33311,13022,1,33310,11100,3,32408,0,0,32350,9183,13,33290,9267,0,33301,0,0,132105,5592,103;
18422096900;166465,44904,1,198,473,486,34532,9261,11,34452,9213,13,132037,0,0,33311,13018,1,33310,11102,3,32408,0,0,32350,9186,12,33290,9266,0,33301,0,0,132105,5591,103;
18523368100;166567,44904,1,206,488,445,34532,9261,11,34452,9217,13,132037,0,0,33311,13023,1,33310,11099,2,32408,0,0,32350,9188,13,33290,9268,0,33301,0,0,132105,5592,102;
18625196700;166668,44904,1,198,469,492,34532,9262,11,34452,9212,13,132037,0,0,33311,13021,1,33310,11103,3,32408,0,0,32350,9187,13,33290,9267,0,33301,0,0,132105,5592,103;
18725625700;166768,44904,1,206,478,462,34532,9262,11,34452,9213,13,132037,0,0,33311,13020,1,33310,11100,2,32408,0,0,32350,9187,13,33290,9266,0,33301,0,0,132105,5594,104;
18826393500;166869,44904,1,203,481,460,34532,9262,11,34452,9216,13,132037,0,0,33311,13018,1,33310,11101,3,32408,0,0,32350,9187,13,33290,9266,0,33301,0,0,132105,5592,103;
18921881000;166964,44904,1,203,482,461,34532,9261,11,34452,9215,13,132037,0,0,33311,13020,1,33310,11100,3,32408,0,0,32350,9185,13,33290,9267,0,33301,0,0,132105,5592,102;
19023577800;167067,44904,1,200,479,470,34532,9261,11,34452,9215,13,132037,0,0,33311,13019,0,33310,11101,2,32408,0,0,32350,9187,13,33290,9267,0,33301,0,0,132105,5593,103;
19124467800;167167,44904,1,210,484,438,34532,9264,11,34452,9216,13,132037,0,0,33311,13022,1,33310,11100,2,32408,0,0,32350,9185,13,33290,9267,0,33301,0,0,132105,5592,102;
19225504200;167268,44904,1,201,477,473,34532,9261,11,34452,9214,14,132037,0,0,33311,13020,0,33310,11101,3,32408,0,0,32350,9187,13,33290,9267,0,33301,0,0,132105,5592,103;
19321616900;167364,44904,1,208,480,452,34532,9263,11,34452,9214,14,132037,0,0,33311,13024,1,33310,11100,3,32408,0,0,32350,9186,12,33290,9270,0,33301,0,0,132105,5592,102;
19425568400;167468,44904,1,205,480,457,34532,9263,11,34452,9215,14,132037,0,0,33311,13025,1,33310,11101,3,32408,0,0,32350,9185,12,33290,9269,0,33301,0,0,132105,5592,103;
19524154200;167567,44904,1,202,483,456,34532,9262,11,34452,9217,14,132037,0,0,33311,13023,0,33310,11101,3,32408,0,0,32350,9186,12,33290,9267,0,33301,0,0,132105,5593,104;
19625489500;167668,44904,1,203,478,467,34532,9262,11,34452,9214,14,132037,0,0,33311,13021,1,33310,11101,3,32408,0,0,32350,9186,12,33290,9266,0,33301,0,0,132105,5593,104;
19720816600;167764,44904,1,205,480,457,34532,9263,11,34452,9215,14,132037,0,0,33311,13020,0,33310,11101,3,32408,0,0,32350,9185,12,33290,9269,0,33301,0,0,132105,5592,104;
19824754500;167868,44904,1,213,487,429,34532,9264,11,34452,9216,14,132037,0,0,33311,13020,0,33310,11099,2,32408,0,0,32350,9188,12,33290,9266,0,33301,0,0,132105,5593,104;
19924370400;167967,44904,1,218,485,419,34532,9267,11,34452,9216,14,132037,0,0,33311,13024,0,33310,11100,3,32408,0,0,32350,9188,12,33290,9269,0,33301,0,0,132105,5592,104;
20025050000;168068,44904,1,198,482,469,34532,9260,11,34452,9217,13,132037,0,0,33311,13026,0,33310,11101,2,32408,0,0,32350,9187,12,33290,9270,0,33301,0,0,132105,5592,103;
20121175000;168164,44904,1,203,479,463,34532,9262,11,34452,9215,13,132037,0,0,33311,13028,0,33310,11101,2,32408,0,0,32350,9186,12,33290,9268,0,33301,0,0,132105,5593,104;
20222895500;168266,44904,1,254,451,107,34532,9262,11,34452,9214,13,132037,0,0,33311,13030,0,33310,0,0,32408,0,0,32350,9187,12,33290,9268,0,33301,0,0,132105,5592,104;
20324441400;168368,44904,1,197,480,472,34532,9261,11,34452,9217,13,132037,0,0,33311,13027,0,33310,11102,3,32408,0,0,32350,9190,12,33290,9266,0,33301,0,0,132105,5592,105;
20424871100;168468,44904,1,203,478,467,34532,9262,11,34452,9214,14,132037,0,0,33311,13027,0,33310,11101,3,32408,0,0,32350,9187,12,33290,9267,0,33301,0,0,132105,5592,106;
20520597600;168564,44904,1,205,481,453,34532,9263,11,34452,9216,13,132037,0,0,33311,13034,0,33310,11101,3,32408,0,0,32350,9188,12,33290,9268,0,33301,0,0,132105,5593,105;
20624277500;168667,44904,1,250,459,95,34532,9262,11,34452,9216,13,132037,0,0,33311,13025,0,33310,0,0,32408,0,0,32350,9186,13,33290,9267,0,33301,0,0,132105,5593,105;
20724068000;168768,44904,1,204,484,458,34532,9260,11,34452,9215,13,132037,0,0,33311,13027,0,33310,11099,3,32408,0,0,32350,9186,12,33290,9268,0,33301,0,0,132105,5592,104;
20825740700;168869,44904,1,205,486,447,34532,9262,11,34452,9217,13,132037,0,0,33311,13032,0,33310,11100,3,32408,0,0,32350,9186,13,33290,9266,0,33301,0,0,132105,5591,104;
20922263700;168966,44904,1,211,481,445,34532,9264,11,34452,9214,13,132037,0,0,33311,13023,0,33310,11100,3,32408,0,0,32350,9188,13,33290,9268,0,33301,0,0,132105,5592,104;
21022282500;169065,44904,1,202,483,456,34532,9262,11,34452,9217,13,132037,0,0,33311,13025,0,33310,11101,3,32408,0,0,32350,9189,13,33290,9268,0,33301,0,0,132105,5592,102;
21123863700;169167,44904,1,206,482,455,34532,9261,11,34452,9214,13,132037,0,0,33311,13028,0,33310,11099,3,32408,0,0,32350,9186,13,33290,9268,0,33301,0,0,132105,5592,101;
21225213500;169268,44904,1,209,483,449,34532,9262,11,34452,9214,13,132037,0,0,33311,13027,0,33310,11099,3,32408,0,0,32350,9187,12,33290,9266,0,33301,0,0,132105,5592,101;
21324707200;169368,44904,1,209,483,449,34532,9262,11,34452,9214,13,132037,0,0,33311,13032,0,33310,11099,3,32408,0,0,32350,9185,12,33290,9267,0,33301,0,0,132105,5592,102;
21421027500;169464,44904,1,209,484,445,34532,9262,11,34452,9215,13,132037,0,0,33311,13030,0,33310,11099,3,32408,0,0,32350,9185,12,33290,9267,0,33301,0,0,132105,5592,102;
21522515700;169566,44904,1,207,486,449,34532,9260,11,34452,9215,13,132037,0,0,33311,13029,0,33310,11098,3,32408,0,0,32350,9188,12,33290,9267,0,33301,0,0,132105,5592,101;
21625156500;169668,44904,1,206,482,455,34532,9261,11,34452,9214,13,132037,0,0,33311,13027,0,33310,11099,3,32408,0,0,32350,9187,12,33290,9266,0,33301,0,0,132105,5592,101;
21724182600;169767,44904,1,203,481,460,34532,9262,11,34452,9216,13,132037,0,0,33311,13026,0,33310,11101,3,32408,0,0,32350,9187,12,33290,9266,0,33301,0,0,132105,5592,101;
21825192900;169868,44904,1,208,480,452,34532,9263,11,34452,9214,13,132037,0,0,33311,13033,0,33310,11100,3,32408,0,0,32350,9185,12,33290,9265,0,33301,0,0,132105,5592,102;
21921175700;169964,44904,1,203,483,457,34532,9261,11,34452,9216,13,132037,0,0,33311,13027,0,33310,11100,3,32408,0,0,32350,9188,12,33290,9267,0,33301,0,0,132105,5593,102;
22022655700;170066,44904,1,203,483,457,34532,9261,11,34452,9216,13,132037,0,0,33311,13027,0,33310,11100,3,32408,0,0,32350,9187,12,33290,9264,0,33301,0,0,132105,5593,102;
22123864500;170167,44904,1,198,477,480,34532,9260,11,34452,9214,14,132037,0,0,33311,13028,0,33310,11101,3,32408,0,0,32350,9188,12,33290,9266,0,33301,0,0,132105,5592,101;
22224033600;170267,44904,1,203,486,454,34532,9260,11,34452,9216,14,132037,0,0,33311,13027,0,33310,11099,3,32408,0,0,32350,9187,12,33290,9268,0,33301,0,0,132105,5592,101;
22325451000;170369,44904,1,211,487,436,34532,9262,11,34452,9215,13,132037,0,0,33311,13028,0,33310,11098,3,32408,0,0,32350,9185,12,33290,9267,0,33301,0,0,132105,5592,101;
22421801200;170465,44904,1,200,481,466,34532,9261,11,34452,9216,13,132037,0,0,33311,13029,0,33310,11101,3,32408,0,0,32350,9188,12,33290,9267,0,33301,0,0,132105,5592,100;
22522222900;170566,44904,1,217,490,421,34532,9263,11,34452,9215,13,132037,0,0,33311,13029,0,33310,11097,3,32408,0,0,32350,9185,12,33290,9263,0,33301,0,0,132105,5592,101;
22623671300;170667,44904,1,206,481,459,34532,9261,11,34452,9213,14,132037,0,0,33311,13029,0,33310,11099,3,32408,0,0,32350,9186,12,33290,9266,0,33301,0,0,132105,5592,102;
22725861700;170769,44904,1,211,487,435,34532,9263,11,34452,9216,14,132037,0,0,33311,13033,0,33310,11099,3,32408,0,0,32350,9184,12,33290,9269,0,33301,0,0,132105,5592,101;
22819931200;170863,44904,1,208,486,442,34532,9262,11,34452,9216,13,132037,0,0,33311,13031,0,33310,11099,3,32408,0,0,32350,9185,12,33290,9269,0,33301,0,0,132105,5593,100;
22923016200;170966,44904,1,216,488,424,34532,9264,11,34452,9215,14,132037,0,0,33311,13033,0,33310,11098,3,32408,0,0,32350,9186,12,33290,9269,0,33301,0,0,132105,5593,101;
23024257700;171068,44904,1,207,481,460,34532,9260,11,34452,9212,14,132037,0,0,33311,13031,0,33310,11098,3,32408,0,0,32350,9186,12,33290,9266,0,33301,0,0,132105,5592,101;
23124960400;171168,44904,1,212,482,447,34532,9262,11,34452,9212,14,132037,0,0,33311,13028,0,33310,11098,3,32408,0,0,32350,9186,12,33290,9266,0,33301,0,0,132105,5592,102;
23220193900;171264,44904,1,209,487,443,34532,9261,11,34452,9215,14,132037,0,0,33311,13028,0,33310,11098,3,32408,0,0,32350,9186,12,33290,9265,0,33301,0,0,132105,5592,102;
23322213800;171366,44904,1,206,482,454,34532,9262,11,34452,9215,14,132037,0,0,33311,13026,0,33310,11100,3,32408,0,0,32350,9189,12,33290,9266,0,33301,0,0,132105,5593,102;
23425048100;171468,44904,1,213,491,423,34532,9263,11,34452,9217,14,132037,0,0,33311,13028,0,33310,11098,3,32408,0,0,32350,9190,12,33290,9267,0,33301,0,0,132105,5592,103;
23524393500;171568,44904,1,201,483,464,34532,9260,11,34452,9216,14,132037,0,0,33311,13024,0,33310,11100,3,32408,0,0,32350,9188,12,33290,9267,0,33301,0,0,132105,5592,103;
23620030800;171664,44904,1,208,480,451,34532,9264,11,34452,9215,14,132037,0,0,33311,13022,0,33310,11101,3,32408,0,0,32350,9187,13,33290,9265,0,33301,0,0,132105,5593,103;
23723075100;171766,44904,1,213,487,429,34532,9264,11,34452,9216,14,132037,0,0,33311,13023,0,33310,11099,3,32408,0,0,32350,9186,13,33290,9267,0,33301,0,0,132105,5592,103;
23822417500;171866,44904,1,209,481,452,34532,9262,11,34452,9213,14,132037,0,0,33311,13027,0,33310,11099,3,32408,0,0,32350,9186,12,33290,9268,0,33301,0,0,132105,5592,103;
23923878700;171967,44904,1,203,481,460,34532,9262,11,34452,9216,14,132037,0,0,33311,13025,0,33310,11101,3,32408,0,0,32350,9186,12,33290,9266,0,33301,0,0,132105,5592,103;
24025540900;172069,44904,1,208,488,437,34532,9263,11,34452,9218,14,132037,0,0,33311,13027,0,33310,11100,3,32408,0,0,32350,9185,13,33290,9267,0,33301,0,0,132105,5593,105;
24120757400;172164,44904,1,203,483,457,34532,9261,11,34452,9216,14,132037,0,0,33311,13028,0,33310,11100,3,32408,0,0,32350,9186,12,33290,9266,0,33301,0,0,132105,5593,103;
24221830800;172265,44904,1,208,486,442,34532,9262,11,34452,9216,14,132037,0,0,33311,13023,0,33310,11099,3,32408,0,0,32350,9186,12,33290,9268,0,33301,0,0,132105,5592,104;
24324928300;172368,44904,1,214,489,426,34532,9263,11,34452,9216,14,132037,0,0,33311,13031,0,33310,11098,3,32408,0,0,32350,9185,13,33290,9267,0,33301,0,0,132105,5592,105;
24422942600;172467,44904,1,209,484,445,34532,9262,11,34452,9215,14,132037,0,0,33311,13023,0,33310,11099,3,32408,0,0,32350,9186,12,33290,9267,0,33301,0,0,132105,5592,105;
24524847900;172568,44904,1,203,483,457,34532,9261,11,34452,9216,14,132037,0,0,33311,13028,0,33310,11100,3,32408,0,0,32350,9187,12,33290,9267,0,33301,0,0,132105,5593,104;
24620127600;172663,44904,1,195,480,478,34532,9260,11,34452,9217,14,132037,0,0,33311,13029,1,33310,11102,3,32408,0,0,32350,9187,12,33290,9266,0,33301,0,0,132105,5592,104;
24721536300;172765,44904,1,211,488,432,34532,9263,11,34452,9217,14,132037,0,0,33311,13027,0,33310,11099,3,32408,0,0,32350,9186,13,33290,9268,0,33301,0,0,132105,5593,105;
24823573200;172867,44904,1,203,474,474,34532,9262,11,34452,9212,14,132037,0,0,33311,13030,0,33310,11101,3,32408,0,0,32350,9188,13,33290,9267,0,33301,0,0,132105,5592,104;
24923654100;172967,44904,1,206,484,452,34532,9261,11,34452,9215,14,132037,0,0,33311,13034,0,33310,11099,3,32408,0,0,32350,9189,13,33290,9268,0,33301,0,0,132105,5593,104;
25019589000;173063,44904,1,208,486,442,34532,9262,11,34452,9216,14,132037,0,0,33311,13027,0,33310,11099,3,32408,0,0,32350,9186,13,33290,9266,0,33301,0,0,132105,5592,103;
25124618100;173168,44904,1,206,484,452,34532,9261,11,34452,9215,14,132037,0,0,33311,13029,0,33310,11099,3,32408,0,0,32350,9186,13,33290,9268,0,33301,0,0,132105,5592,103;
25222646200;173266,44904,1,203,479,463,34532,9262,11,34452,9215,14,132037,0,0,33311,13028,0,33310,11101,3,32408,0,0,32350,9188,12,33290,9266,0,33301,0,0,132105,5592,103;
25323878000;173368,44904,1,203,483,457,34532,9261,11,34452,9216,14,132037,0,0,33311,13026,0,33310,11100,3,32408,0,0,32350,9187,12,33290,9267,0,33301,0,0,132105,5592,103;
25421481100;173466,44904,1,203,480,464,34532,9261,11,34452,9214,14,132037,0,0,33311,13026,0,33310,11100,3,32408,0,0,32350,9188,12,33290,9268,0,33301,0,0,132105,5593,102;
25521136000;173566,44904,1,202,483,456,34532,9262,11,34452,9217,14,132037,0,0,33311,13029,0,33310,11101,3,32408,0,0,32350,9185,12,33290,9268,0,33301,0,0,132105,5592,102;
25623316400;173667,44904,1,208,488,438,34532,9262,11,34452,9217,14,132037,0,0,33311,13034,0,33310,11099,3,32408,0,0,32350,9187,13,33290,9267,0,33301,0,0,132105,5593,102;
25723956400;173768,44904,1,204,482,462,34532,9260,11,34452,9214,14,132037,0,0,33311,13029,0,33310,11099,3,32408,0,0,32350,9188,13,33290,9268,0,33301,0,0,132105,5593,102;
25820051900;173864,44904,1,206,488,445,34532,9261,11,34452,9217,14,132037,0,0,33311,13025,0,33310,11099,3,32408,0,0,32350,9186,13,33290,9268,0,33301,0,0,132105,5592,101;
25922217500;173966,44904,1,205,486,447,34532,9262,11,34452,9217,15,132037,0,0,33311,13025,0,33310,11100,3,32408,0,0,32350,9187,13,33290,9267,0,33301,0,0,132105,5593,101;
26022565100;174067,44904,1,203,481,460,34532,9262,11,34452,9216,14,132037,0,0,33311,13024,0,33310,11101,3,32408,0,0,32350,9189,13,33290,9265,0,33301,0,0,132105,5592,101;
26124878500;174169,44904,1,210,480,444,34532,9265,11,34452,9215,15,132037,0,0,33311,13029,0,33310,11101,3,32408,0,0,32350,9187,13,33290,9267,0,33301,0,0,132105,5592,101;
26219794500;174264,44904,1,206,476,464,34532,9263,11,34452,9213,14,132037,0,0,33311,13027,0,33310,11101,3,32408,0,0,32350,9188,13,33290,9268,0,33301,0,0,132105,5593,102;
26322815300;174367,44904,1,206,482,454,34532,9262,11,34452,9215,15,132037,0,0,33311,13026,0,33310,11100,3,32408,0,0,32350,9187,14,33290,9267,0,33301,0,0,132105,5593,102;
26422985500;174467,44904,1,256,453,105,34532,9260,11,34452,9216,15,132037,0,0,33311,13028,0,33310,0,0,32408,0,0,32350,9186,14,33290,9269,0,33301,0,0,132105,5593,103;
26523785600;174568,44904,1,196,481,480,34532,9258,11,34452,9215,15,132037,0,0,33311,13026,0,33310,11100,3,32408,0,0,32350,9185,13,33290,9266,0,33301,0,0,132105,5593,102;
26623094500;174667,44904,1,247,464,89,34532,9261,11,34452,9216,15,132037,0,0,33311,13021,0,33310,0,0,32408,0,0,32350,9188,14,33290,9267,0,33301,0,0,132105,5593,102;
26724146000;174768,44904,1,209,483,449,34532,9262,11,34452,9214,15,132037,0,0,33311,13023,0,33310,11099,3,32408,0,0,32350,9189,13,33290,9267,0,33301,0,0,132105,5593,102;
26820673400;174865,44904,1,208,482,448,34532,9263,11,34452,9215,15,132037,0,0,33311,13026,0,33310,11100,3,32408,0,0,32350,9186,13,33290,9265,0,33301,0,0,132105,5594,103;
26921393600;174966,44904,1,208,479,455,34532,9263,11,34452,9213,15,132037,0,0,33311,13025,0,33310,11100,3,32408,0,0,32350,9186,14,33290,9266,0,33301,0,0,132105,5593,102;
27022137200;175067,44904,1,213,483,435,34532,9265,11,34452,9215,14,132037,0,0,33311,13024,0,33310,11100,3,32408,0,0,32350,9187,14,33290,9265,0,33301,0,0,132105,5593,101;
27123425000;175167,44904,1,205,484,451,34532,9262,11,34452,9216,15,132037,0,0,33311,13024,0,33310,11100,3,32408,0,0,32350,9186,14,33290,9267,0,33301,0,0,132105,5593,102;
27224272500;175269,44904,1,211,483,443,34532,9263,11,34452,9214,15,132037,0,0,33311,13024,0,33310,11099,3,32408,0,0,32350,9189,14,33290,9267,0,33301,0,0,132105,5593,101;
27319189900;175363,44904,1,206,481,459,34532,9261,11,34452,9213,15,132037,0,0,33311,13026,0,33310,11099,3,32408,0,0,32350,9186,13,33290,9267,0,33301,0,0,132105,5593,101;
27421450100;175466,44904,1,256,454,106,34532,9259,11,34452,9214,15,132037,0,0,33311,13027,0,33310,0,0,32408,0,0,32350,9188,13,33290,9269,0,33301,0,0,132105,5592,101;
27523821600;175568,44904,1,205,484,451,34532,9262,11,34452,9216,15,132037,0,0,33311,13022,0,33310,11100,3,32408,0,0,32350,9186,14,33290,9267,0,33301,0,0,132105,5593,101;
27622480700;175667,44904,1,209,485,446,34532,9261,11,34452,9214,15,132037,0,0,33311,13021,0,33310,11098,3,32408,0,0,32350,9188,14,33290,9265,0,33301,0,0,132105,5593,101;
27724807800;175769,44904,1,246,466,88,34532,9261,11,34452,9215,15,132037,0,0,33311,13020,0,33310,0,0,32408,0,0,32350,9187,14,33290,9265,0,33301,0,0,132105,5592,101;
27824997700;175869,44904,1,201,476,477,34532,9261,11,34452,9213,14,132037,0,0,33311,13024,0,33310,11101,3,32408,0,0,32350,9185,13,33290,0,0,33301,0,0,132105,5592,100;
27919608700;175964,44904,1,211,481,445,34532,9264,11,34452,9214,14,132037,0,0,33311,13025,0,33310,11100,3,32408,0,0,32350,9186,14,33290,9267,0,33301,0,0,132105,5592,100;
28021956500;176066,44904,1,200,473,480,34532,9262,11,34452,9213,14,132037,0,0,33311,13027,0,33310,11102,3,32408,0,0,32350,9186,13,33290,9267,0,33301,0,0,132105,5593,99;
28123493600;176168,44904,1,203,479,463,34532,9262,12,34452,9215,14,132037,0,0,33311,13026,1,33310,11101,3,32408,0,0,32350,9187,13,33290,9266,0,33301,0,0,132105,5592,100;
28219336100;176264,44904,1,204,476,472,34532,9261,12,34452,9212,15,132037,0,0,33311,13027,0,33310,11100,3,32408,0,0,32350,9188,14,33290,9267,0,33301,0,0,132105,5592,101;
28321215900;176366,44904,1,203,483,457,34532,9261,12,34452,9216,15,132037,0,0,33311,13024,0,33310,11100,3,32408,0,0,32350,9186,14,33290,9266,0,33301,0,0,132105,5591,100;
28421683000;176466,44904,1,198,475,482,34532,9261,12,34452,9214,14,132037,0,0,33311,13025,0,33310,11102,3,32408,0,0,32350,9188,14,33290,9267,1,33301,0,0,132105,5594,102;
28523332400;176568,44904,1,205,483,450,34532,9263,12,34452,9217,14,132037,0,0,33311,13025,1,33310,11101,3,32408,0,0,32350,9189,14,33290,9269,0,33301,0,0,132105,5592,101;
28618307100;176663,44904,1,214,483,436,34532,9264,12,34452,9214,14,132037,0,0,33311,13027,0,33310,11099,3,32408,0,0,32350,9188,14,33290,9264,0,33301,0,0,132105,5592,102;
28721079400;176766,44904,1,195,479,483,34532,9259,12,34452,9215,14,132037,0,0,33311,13025,0,33310,11101,3,32408,0,0,32350,9187,14,33290,9265,1,33301,0,0,132105,5593,102;
28821952800;176867,44904,1,202,483,456,34532,9262,12,34452,9217,14,132037,0,0,33311,13025,0,33310,11101,3,32408,0,0,32350,9188,14,33290,9266,0,33301,0,0,132105,5591,102;
28922483700;176967,44904,1,200,479,470,34532,9261,12,34452,9215,14,132037,0,0,33311,13027,0,33310,11101,3,32408,0,0,32350,9189,13,33290,9266,0,33301,0,0,132105,5593,102;
29024056800;177069,44904,1,197,477,479,34532,9261,12,34452,9215,14,132037,0,0,33311,13027,0,33310,11102,3,32408,0,0,32350,9188,14,33290,9266,0,33301,0,0,132105,5593,103;
29119311200;177164,44904,1,205,480,457,34532,9263,12,34452,9215,14,132037,0,0,33311,13025,0,33310,11101,3,32408,0,0,32350,9188,14,33290,9265,1,33301,0,0,132105,5593,103;
29223565800;177268,44904,1,208,488,437,34532,9263,12,34452,9218,14,132037,0,0,33311,13023,1,33310,11100,3,32408,0,0,32350,9188,14,33290,9266,0,33301,0,0,132105,5594,104;
29323124800;177367,44904,1,203,479,463,34532,9262,12,34452,9215,14,132037,0,0,33311,13018,0,33310,11101,3,32408,0,0,32350,9190,14,33290,9265,0,33301,0,0,132105,5592,103;
29422816200;177468,44904,1,213,489,425,34532,9264,12,34452,9217,14,132037,0,0,33311,13023,1,33310,11099,3,32408,0,0,32350,9187,14,33290,9264,0,33301,0,0,132105,5592,103;
29525016300;177570,44904,1,209,483,449,34532,9262,12,34452,9214,14,132037,0,0,33311,13017,1,33310,11099,3,32408,0,0,32350,9187,14,33290,9265,0,33301,0,0,132105,5592,104;
29619055100;177664,44904,1,207,482,447,34532,9264,12,34452,9216,14,132037,0,0,33311,13016,1,33310,11101,3,32408,0,0,32350,9188,14,33290,9265,0,33301,0,0,132105,5592,103;
29721206600;177766,44904,1,203,487,451,34532,9260,12,34452,9217,14,132037,0,0,33311,13019,1,33310,11099,3,32408,0,0,32350,9187,14,33290,9266,0,33301,0,0,132105,5593,104;
29823518500;177869,44904,1,214,493,420,34532,9262,12,34452,9217,14,132037,0,0,33311,13016,1,33310,11097,3,32408,0,0,32350,9188,14,33290,9265,0,33301,0,0,132105,5592,103;
29922944400;177968,44904,1,201,481,467,34532,9260,12,34452,9215,14,132037,0,0,33311,13016,1,33310,11100,3,32408,0,0,32350,9188,14,33290,9266,0,33301,0,0,132105,5593,104;
30018258200;178063,44904,1,200,481,466,34532,9261,12,34452,9216,14,132037,0,0,33311,13015,1,33310,11101,3,32408,0,0,32350,9187,14,33290,9269,0,33301,0,0,132105,5594,104;
30120279800;178165,44904,1,197,478,475,34532,9261,11,34452,9216,14,132037,0,0,33311,13017,1,33310,11102,3,32408,0,0,32350,9188,14,33290,9268,0,33301,0,0,132105,5594,105;
30222050500;178267,44904,1,209,484,445,34532,9262,12,34452,9215,14,132037,0,0,33311,13014,1,33310,11099,3,32408,0,0,32350,9189,14,33290,9266,0,33301,0,0,132105,5593,105;
30321307500;178366,44904,1,206,478,462,34532,9262,12,34452,9213,14,132037,0,0,33311,13014,1,33310,11100,3,32408,0,0,32350,9188,14,33290,9267,0,33301,0,0,132105,5592,104;
30422618700;178468,44904,1,203,489,447,34532,9260,11,34452,9218,14,132037,0,0,33311,13017,1,33310,11099,3,32408,0,0,32350,9188,14,33290,9267,0,33301,0,0,132105,5592,104;
30518423600;178564,44904,1,201,481,467,34532,9260,11,34452,9215,14,132037,0,0,33311,13016,1,33310,11100,3,32408,0,0,32350,9188,14,33290,9267,0,33301,0,0,132105,5592,104;
30620134400;178665,44904,1,197,484,465,34532,9260,11,34452,9218,14,132037,0,0,33311,13016,1,33310,11101,3,32408,0,0,32350,9189,14,33290,9268,0,33301,0,0,132105,5592,104;
30721279400;178766,44904,1,211,483,443,34532,9263,12,34452,9214,14,132037,0,0,33311,13019,1,33310,11099,3,32408,0,0,32350,9187,14,33290,9266,0,33301,0,0,132105,5593,105;
30823517900;178868,44904,1,203,478,467,34532,9262,11,34452,9214,14,132037,0,0,33311,13019,1,33310,11101,3,32408,0,0,32350,9187,14,33290,9267,0,33301,0,0,132105,5593,105;
30917186600;178962,44904,1,198,482,469,34532,9260,11,34452,9217,14,132037,0,0,33311,13021,1,33310,11101,3,32408,0,0,32350,9188,14,33290,9265,0,33301,0,0,132105,5592,104;
31020205200;179065,44904,1,200,485,460,34532,9260,11,34452,9217,14,132037,0,0,33311,13019,1,33310,11100,3,32408,0,0,32350,9187,14,33290,9268,0,33301,0,0,132105,5594,105;
31120354700;179166,44904,1,211,491,429,34532,9262,11,34452,9217,14,132037,0,0,33311,13021,1,33310,11098,3,32408,0,0,32350,9187,14,33290,9268,0,33301,0,0,132105,5593,104;
31223775800;179266,44904,1,198,481,473,34532,9260,11,34452,9216,14,132037,0,0,33311,13018,0,33310,11101,3,32408,0,0,32350,9188,14,33290,9267,0,33301,0,0,132105,5592,104;
31317106300;179362,44904,1,209,484,445,34532,9262,11,34452,9215,14,132037,0,0,33311,13022,1,33310,11099,3,32408,0,0,32350,9186,13,33290,9267,0,33301,0,0,132105,5593,104;
31421274300;179467,44904,1,206,484,452,34532,9261,11,34452,9215,14,132037,0,0,33311,13019,1,33310,11099,3,32408,0,0,32350,9187,14,33290,9266,0,33301,0,0,132105,5593,104;
31521962800;179567,44904,1,203,479,463,34532,9262,11,34452,9215,14,132037,0,0,33311,13019,0,33310,11101,3,32408,0,0,32350,9188,14,33290,9269,0,33301,0,0,132105,5592,103;
31622208000;179667,44904,1,200,483,463,34532,9261,11,34452,9217,14,132037,0,0,33311,13024,1,33310,11101,3,32408,0,0,32350,9187,14,33290,9268,0,33301,0,0,132105,5594,103;
31717508000;179763,44904,1,203,481,460,34532,9262,11,34452,9216,14,132037,0,0,33311,13022,1,33310,11101,3,32408,0,0,32350,9188,14,33290,9268,0,33301,0,0,132105,5593,104;
31820254900;179865,44904,1,203,487,450,34532,9261,11,34452,9218,14,132037,0,0,33311,13022,1,33310,11100,3,32408,0,0,32350,9186,14,33290,9267,0,33301,0,0,132105,5592,103;
31920946500;179966,44904,1,197,486,462,34532,9260,11,34452,9219,14,132037,0,0,33311,13018,1,33310,11101,3,32408,0,0,32350,9185,14,33290,9266,0,33301,0,0,132105,5593,103;
32021694600;180067,44904,1,201,477,473,34532,9261,11,34452,9214,14,132037,0,0,33311,13019,1,33310,11101,3,32408,0,0,32350,9186,13,33290,9269,0,33301,0,0,132105,5594,102;
32117611300;180163,44904,1,205,485,446,34532,9263,11,34452,9218,14,132037,0,0,33311,13018,1,33310,11101,3,32408,0,0,32350,9188,14,33290,9268,0,33301,0,0,132105,5593,103;
32222391600;180268,44904,1,206,486,448,34532,9261,11,34452,9216,14,132037,0,0,33311,13021,0,33310,11099,3,32408,0,0,32350,9186,14,33290,9267,0,33301,0,0,132105,5594,103;
32320720600;180366,44904,1,203,485,454,34532,9261,11,34452,9217,14,132037,0,0,33311,13019,1,33310,11100,3,32408,0,0,32350,9187,14,33290,9267,0,33301,0,0,132105,5593,102;
32421848300;180467,44904,1,214,487,430,34532,9263,11,34452,9215,14,132037,0,0,33311,13014,1,33310,11098,3,32408,0,0,32350,9186,14,33290,9267,0,33301,0,0,132105,5592,102;
32517356000;180563,44904,1,201,477,473,34532,9261,11,34452,9214,14,132037,0,0,33311,13019,1,33310,11101,3,32408,0,0,32350,9187,14,33290,0,0,33301,0,0,132105,5593,101;
32620271800;180666,44904,1,203,481,460,34532,9262,11,34452,9216,14,132037,0,0,33311,13019,1,33310,11101,3,32408,0,0,32350,9188,14,33290,9265,0,33301,0,0,132105,5593,102;
32720504300;180766,44904,1,203,487,451,34532,9260,11,34452,9217,14,132037,0,0,33311,13018,1,33310,11099,3,32408,0,0,32350,9186,14,33290,9266,0,33301,0,0,132105,5593,103;
32821447500;180867,44904,1,202,481,459,34532,9263,11,34452,9217,14,132037,0,0,33311,13016,1,33310,11102,3,32408,0,0,32350,9186,14,33290,9267,0,33301,0,0,132105,5592,102;
32921377700;180967,44904,1,202,477,466,34532,9263,11,34452,9215,14,132037,0,0,33311,13022,1,33310,11102,3,32408,0,0,32350,9187,13,33290,9268,0,33301,0,0,132105,5592,102;
33022708800;181068,44904,1,205,486,447,34532,9262,11,34452,9217,14,132037,0,0,33311,13021,0,33310,11100,3,32408,0,0,32350,9188,13,33290,9266,0,33301,0,0,132105,5592,102;
33117879800;181163,44904,1,200,489,453,34532,9260,11,34452,9219,14,132037,0,0,33311,13024,0,33310,11100,3,32408,0,0,32350,9185,14,33290,9268,0,33301,0,0,132105,5593,103;
33221158700;181267,44904,1,200,480,465,34532,9262,11,34452,9217,14,132037,0,0,33311,13024,0,33310,11102,3,32408,0,0,32350,9185,14,33290,9268,0,33301,0,0,132105,5593,102;
33321461900;181367,44904,1,205,486,447,34532,9262,11,34452,9217,14,132037,0,0,33311,13024,0,33310,11100,3,32408,0,0,32350,9187,13,33290,9267,0,33301,0,0,132105,5592,103;
33421908300;181467,44904,1,203,482,461,34532,9261,11,34452,9215,14,132037,0,0,33311,13024,0,33310,11100,3,32408,0,0,32350,9186,13,33290,9266,0,33301,0,0,132105,5592,103;
33517535100;181563,44904,1,206,482,454,34532,9262,11,34452,9215,14,132037,0,0,33311,13032,0,33310,11100,2,32408,0,0,32350,9188,13,33290,9266,0,33301,0,0,132105,5593,103;
33620675700;181666,44904,1,200,481,466,34532,9261,11,34452,9216,14,132037,0,0,33311,13026,0,33310,11101,3,32408,0,0,32350,9186,13,33290,9267,0,33301,0,0,132105,5593,104;
33720622200;181766,44904,1,194,470,494,34532,9262,11,34452,9214,14,132037,0,0,33311,13030,0,33310,11104,2,32408,0,0,32350,9186,13,33290,9268,0,33301,0,0,132105,5594,103;
33821320600;181867,44904,1,197,478,475,34532,9261,11,34452,9216,14,132037,0,0,33311,13022,0,33310,11102,3,32408,0,0,32350,9186,13,33290,9266,0,33301,0,0,132105,5592,104;
33918048400;181963,44904,1,208,484,444,34532,9263,11,34452,9216,14,132037,0,0,33311,13023,0,33310,11100,3,32408,0,0,32350,9186,13,33290,9267,0,33301,0,0,132105,5594,105;
34019283600;182065,44904,1,198,482,469,34532,9260,11,34452,9217,14,132037,0,0,33311,13022,0,33310,11101,3,32408,0,0,32350,9187,14,33290,9266,0,33301,0,0,132105,5593,104;
34120214100;182166,44904,1,195,476,485,34532,9260,11,34452,9215,14,132037,0,0,33311,13026,0,33310,11102,2,32408,0,0,32350,9184,13,33290,9265,0,33301,0,0,132105,5592,103;
34221071600;182267,44904,1,205,483,450,34532,9263,11,34452,9217,14,132037,0,0,33311,13028,0,33310,11101,3,32408,0,0,32350,9186,14,33290,9268,0,33301,0,0,132105,5592,103;
34317660300;182363,44904,1,209,487,443,34532,9261,11,34452,9215,14,132037,0,0,33311,13030,0,33310,11098,3,32408,0,0,32350,9185,13,33290,9266,0,33301,0,0,132105,5592,103;
34419424500;182465,44904,1,202,485,453,34532,9262,11,34452,9218,14,132037,0,0,33311,13026,0,33310,11101,3,32408,0,0,32350,9185,13,33290,9268,0,33301,0,0,132105,5593,104;
34520466900;182566,44904,1,201,476,477,34532,9261,11,34452,9213,14,132037,0,0,33311,13024,0,33310,11101,3,32408,0,0,32350,9185,13,33290,9268,0,33301,0,0,132105,5593,104;
34622633000;182668,44904,1,203,479,463,34532,9262,11,34452,9215,14,132037,0,0,33311,13029,0,33310,11101,3,32408,0,0,32350,9187,14,33290,9268,0,33301,0,0,132105,5594,104;
34717231900;182762,44904,1,201,484,464,34532,9259,11,34452,9215,14,132037,0,0,33311,13022,0,33310,11099,3,32408,0,0,32350,9187,14,33290,9267,0,33301,0,0,132105,5593,104;
34820149300;182865,44904,1,208,484,444,34532,9263,11,34452,9216,14,132037,0,0,33311,13026,0,33310,11100,3,32408,0,0,32350,9184,13,33290,9267,0,33301,0,0,132105,5593,103;
34920887800;182966,44904,1,200,481,466,34532,9261,11,34452,9216,14,132037,0,0,33311,13023,0,33310,11101,3,32408,0,0,32350,9186,14,33290,9268,0,33301,0,0,132105,5594,103;
35023818300;183068,44904,1,205,487,444,34532,9262,11,34452,9218,14,132037,0,0,33311,13022,0,33310,11100,3,32408,0,0,32350,9185,13,33290,9267,0,33301,0,0,132105,5592,103;
35116754700;183162,44904,1,201,483,464,34532,9260,11,34452,9216,14,132037,0,0,33311,13025,0,33310,11100,3,32408,0,0,32350,9184,14,33290,9268,0,33301,0,0,132105,5593,103;
35218647400;183264,44904,1,202,483,456,34532,9262,11,34452,9217,14,132037,0,0,33311,13025,0,33310,11101,3,32408,0,0,32350,9186,14,33290,9266,0,33301,0,0,132105,5592,103;
35321339000;183366,44904,1,198,482,469,34532,9260,11,34452,9217,14,132037,0,0,33311,13025,0,33310,11101,3,32408,0,0,32350,9187,14,33290,9270,0,33301,0,0,132105,5592,102;
35421326100;183466,44904,1,198,481,474,34532,9259,11,34452,9215,14,132037,0,0,33311,13029,0,33310,11100,3,32408,0,0,32350,9185,14,33290,9269,0,33301,0,0,132105,5592,102;
35521577700;183567,44904,1,208,484,444,34532,9263,11,34452,9216,14,132037,0,0,33311,13028,0,33310,11100,3,32408,0,0,32350,9187,14,33290,9267,0,33301,0,0,132105,5592,103;
35617362600;183663,44904,1,203,479,463,34532,9262,11,34452,9215,14,132037,0,0,33311,13025,0,33310,11101,3,32408,0,0,32350,9188,13,33290,9265,0,33301,0,0,132105,5594,103;
35719801700;183766,44904,1,208,486,441,34532,9263,11,34452,9217,14,132037,0,0,33311,13024,0,33310,11100,3,32408,0,0,32350,9187,13,33290,9268,0,33301,0,0,132105,5592,102;
35819952800;183866,44904,1,195,484,472,34532,9259,11,34452,9218,14,132037,0,0,33311,13031,0,33310,11101,3,32408,0,0,32350,9186,14,33290,9267,0,33301,0,0,132105,5594,104;
35921190600;183967,44904,1,206,486,448,34532,9261,11,34452,9216,14,132037,0,0,33311,13026,0,33310,11099,3,32408,0,0,32350,9183,14,33290,9267,0,33301,0,0,132105,5592,104;
36021526600;184067,44904,1,205,483,450,34532,9263,11,34452,9217,14,132037,0,0,33311,13028,0,33310,11101,3,32408,0,0,32350,9189,14,33290,9267,0,33301,0,0,132105,5593,104;
36116713100;184162,44904,1,202,485,453,34532,9262,11,34452,9218,14,132037,0,0,33311,13029,0,33310,11101,3,32408,0,0,32350,9188,13,33290,9267,0,33301,0,0,132105,5592,102;
36219206500;184265,44904,1,214,487,430,34532,9263,11,34452,9215,14,132037,0,0,33311,13030,0,33310,11098,3,32408,0,0,32350,9186,14,33290,9266,0,33301,0,0,132105,5593,103;
36319875200;184366,44904,1,195,480,479,34532,9259,11,34452,9216,14,132037,0,0,33311,13032,0,33310,11101,3,32408,0,0,32350,9188,14,33290,9267,0,33301,0,0,132105,5593,104;
36421588300;184468,44904,1,218,489,413,34532,9266,11,34452,9217,14,132037,0,0,33311,13026,0,33310,11099,3,32408,0,0,32350,9185,14,33290,9267,0,33301,0,0,132105,5593,104;
36515791900;184562,44904,1,213,485,433,34532,9264,11,34452,9215,14,132037,0,0,33311,13024,0,33310,11099,3,32408,0,0,32350,9186,14,33290,9265,0,33301,0,0,132105,5593,103;
36618977500;184665,44904,1,209,490,436,34532,9261,11,34452,9217,14,132037,0,0,33311,13029,0,33310,11098,3,32408,0,0,32350,9183,14,33290,9269,0,33301,0,0,132105,5592,103;
36720051200;184766,44904,1,203,481,460,34532,9262,11,34452,9216,14,132037,0,0,33311,13026,0,33310,11101,3,32408,0,0,32350,9184,13,33290,9267,0,33301,0,0,132105,5593,103;
36820201000;184866,44904,1,199,483,471,34532,9258,11,34452,9215,14,132037,0,0,33311,13026,0,33310,11099,3,32408,0,0,32350,9188,14,33290,9267,0,33301,0,0,132105,5592,103;
36915983600;184962,44904,1,213,493,419,34532,9263,11,34452,9218,14,132037,0,0,33311,13026,0,33310,11098,3,32408,0,0,32350,9188,14,33290,9265,0,33301,0,0,132105,5593,103;
37019492500;185065,44904,1,206,482,454,34532,9262,11,34452,9215,14,132037,0,0,33311,13022,0,33310,11100,3,32408,0,0,32350,9189,14,33290,9269,0,33301,0,0,132105,5594,103;
37120290200;185166,44904,1,213,489,425,34532,9264,11,34452,9217,14,132037,0,0,33311,13027,0,33310,11099,3,32408,0,0,32350,9187,13,33290,9266,0,33301,0,0,132105,5593,103;
37220795000;185267,44904,1,247,460,91,34532,9264,11,34452,9213,14,132037,0,0,33311,13025,0,33310,0,0,32408,0,0,32350,9188,14,33290,9266,0,33301,0,0,132105,5594,103;
37316905300;185362,44904,1,198,483,470,34532,9259,11,34452,9216,14,132037,0,0,33311,13022,0,33310,11100,3,32408,0,0,32350,9188,13,33290,9266,0,33301,0,0,132105,5593,103;
37419812100;185466,44904,1,206,480,458,34532,9262,11,34452,9214,15,132037,0,0,33311,13025,0,33310,11100,3,32408,0,0,32350,9186,13,33290,9267,0,33301,0,0,132105,5592,102;
37521427400;185567,44904,1,205,486,447,34532,9262,11,34452,9217,14,132037,0,0,33311,13024,0,33310,11100,3,32408,0,0,32350,9186,14,33290,9268,0,33301,0,0,132105,5592,101;
37620866100;185667,44904,1,208,486,442,34532,9262,11,34452,9216,14,132037,0,0,33311,13022,0,33310,11099,3,32408,0,0,32350,9184,13,33290,9266,0,33301,0,0,132105,5593,101;
37721826800;185768,44904,1,200,483,463,34532,9261,11,34452,9217,14,132037,0,0,33311,13026,0,33310,11101,3,32408,0,0,32350,9187,14,33290,9266,0,33301,0,0,132105,5593,101;
37817865600;185864,44904,1,200,484,459,34532,9261,11,34452,9218,14,132037,0,0,33311,13025,0,33310,11101,3,32408,0,0,32350,9187,14,33290,9268,0,33301,0,0,132105,5594,100;
37919035500;185965,44904,1,203,481,460,34532,9262,11,34452,9216,14,132037,0,0,33311,13031,0,33310,11101,3,32408,0,0,32350,9188,14,33290,9268,0,33301,0,0,132105,5592,99;
38019947100;186066,44904,1,205,477,460,34532,9264,11,34452,9215,14,132037,0,0,33311,13030,0,33310,11102,3,32408,0,0,32350,9187,14,33290,9268,0,33301,0,0,132105,5593,98;
38121348500;186167,44904,1,253,454,101,34532,9262,11,34452,9216,14,132037,0,0,33311,13028,1,33310,0,0,32408,0,0,32350,9185,14,33290,9269,0,33301,0,0,132105,5593,100;
38216132700;186262,44904,1,205,486,447,34532,9262,11,34452,9217,14,132037,0,0,33311,13027,0,33310,11100,3,32408,0,0,32350,9188,14,33290,9266,0,33301,0,0,132105,5593,100;
38318491200;186364,44904,1,198,482,469,34532,9260,11,34452,9217,14,132037,0,0,33311,13024,0,33310,11101,3,32408,0,0,32350,9188,14,33290,9267,0,33301,0,0,132105,5593,100;
38420957500;186467,44904,1,201,477,473,34532,9261,11,34452,9214,14,132037,0,0,33311,13023,1,33310,11101,3,32408,0,0,32350,9188,14,33290,9269,0,33301,0,0,132105,5592,99;
38519909700;186566,44904,1,202,481,459,34532,9263,11,34452,9217,13,132037,0,0,33311,13024,0,33310,11102,2,32408,0,0,32350,9188,14,33290,9266,0,33301,0,0,132105,5593,99;
38620934800;186667,44904,1,203,479,463,34532,9262,11,34452,9215,14,132037,0,0,33311,13025,0,33310,11101,3,32408,0,0,32350,9188,14,33290,9267,0,33301,0,0,132105,5592,99;
38721420800;186768,44904,1,195,480,478,34532,9260,11,34452,9217,14,132037,0,0,33311,13026,0,33310,11102,3,32408,0,0,32350,9185,13,33290,9268,0,33301,0,0,132105,5593,100;
38817364400;186864,44904,1,210,488,431,34532,9264,11,34452,9218,14,132037,0,0,33311,13027,0,33310,11100,3,32408,0,0,32350,9187,13,33290,9267,0,33301,0,0,132105,5593,100;
38919216200;186965,44904,1,200,480,465,34532,9262,11,34452,9217,14,132037,0,0,33311,13024,1,33310,11102,3,32408,0,0,32350,9186,13,33290,9267,0,33301,0,0,132105,5592,99;
39020039200;187066,44904,1,202,479,462,34532,9263,11,34452,9216,14,132037,0,0,33311,13021,0,33310,11102,3,32408,0,0,32350,9189,13,33290,9265,0,33301,0,0,132105,5594,100;
39115076100;187161,44904,1,248,458,94,34532,9264,11,34452,9217,14,132037,0,0,33311,13026,0,33310,0,0,32408,0,0,32350,9187,13,33290,9268,0,33301,0,0,132105,5593,100;
39218218400;187264,44904,1,192,477,487,34532,9260,11,34452,9217,15,132037,0,0,33311,13025,0,33310,11103,3,32408,0,0,32350,9188,13,33290,9266,0,33301,0,0,132105,5592,100;
39320225300;187366,44904,1,200,479,469,34532,9262,11,34452,9216,14,132037,0,0,33311,13026,0,33310,11102,3,32408,0,0,32350,9185,14,33290,9265,0,33301,0,0,132105,5592,100;
39420058000;187466,44904,1,203,476,471,34532,9262,11,34452,9213,14,132037,0,0,33311,13020,1,33310,11101,3,32408,0,0,32350,9190,13,33290,9264,0,33301,0,0,132105,5594,102;
39515196200;187561,44904,1,205,483,450,34532,9263,11,34452,9217,13,132037,0,0,33311,13022,0,33310,11101,2,32408,0,0,32350,9188,13,33290,9267,0,33301,0,0,132105,5592,101;
39619213300;187664,44904,1,195,480,479,34532,9259,11,34452,9216,13,132037,0,0,33311,13025,0,33310,11101,3,32408,0,0,32350,9183,13,33290,9268,0,33301,0,0,132105,5593,101;
