974752700;1838395,44904,1,4828,391,87,34532,8417,18,34452,5683,104,132037,0,0,33311,14517,0,33310,8804,3,32408,0,0,32350,5671,117,33290,8410,0,33301,0,0,132105,9087,12;
1075572200;1838496,44904,1,4836,395,77,34532,8418,19,34452,5683,105,132037,0,0,33311,14547,0,33310,8802,3,32408,0,0,32350,5671,113,33290,8411,0,33301,0,0,132105,9089,12;
1173178300;1838593,44904,1,4828,392,85,34532,8417,19,34452,5684,105,132037,0,0,33311,14550,0,33310,8804,3,32408,0,0,32350,5670,110,33290,8412,0,33301,0,0,132105,9087,12;
1273440500;1838694,44904,1,4826,391,90,34532,8416,19,34452,5683,104,132037,0,0,33311,14556,0,33310,8804,3,32408,0,0,32350,5671,107,33290,8412,0,33301,0,0,132105,9086,12;
1375769100;1838795,44904,1,4823,390,93,34532,8415,18,34452,5683,103,132037,0,0,33311,14566,0,33310,8804,2,32408,0,0,32350,5670,104,33290,8422,0,33301,0,0,132105,9088,11;
1476136200;1838896,44904,1,4828,391,87,34532,8417,18,34452,5683,102,132037,0,0,33311,14585,0,33310,8804,2,32408,0,0,32350,5671,104,33290,8413,0,33301,0,0,132105,9088,12;
1572507100;1838993,44904,1,4836,395,77,34532,8418,18,34452,5683,100,132037,0,0,33311,14581,0,33310,8802,3,32408,0,0,32350,5671,104,33290,8410,0,33301,0,0,132105,9084,12;
1672700300;1839093,44904,1,4838,398,71,34532,8418,18,34452,5684,98,132037,0,0,33311,14587,0,33310,8801,3,32408,0,0,32350,5670,103,33290,8415,0,33301,0,0,132105,9089,11;
1773682400;1839194,44904,1,4833,396,78,34532,8417,18,34452,5684,96,132037,0,0,33311,14573,0,33310,8802,3,32408,0,0,32350,5671,103,33290,8411,0,33301,0,0,132105,9086,11;
1875912600;1839296,44904,1,4833,396,78,34532,8417,18,34452,5684,96,132037,0,0,33311,14550,0,33310,8802,3,32408,0,0,32350,5671,103,33290,8419,0,33301,0,0,132105,9087,11;
1976418800;1839396,44904,1,4836,395,77,34532,8418,19,34452,5683,99,132037,0,0,33311,14577,0,33310,8802,3,32408,0,0,32350,5671,103,33290,8414,0,33301,0,0,132105,9085,11;
2071021300;1839492,44904,1,4826,392,88,34532,8416,18,34452,5684,101,132037,0,0,33311,14528,0,33310,8804,3,32408,0,0,32350,5670,103,33290,8418,0,33301,0,0,132105,9085,11;
2173656500;1839594,44904,1,4828,392,85,34532,8417,18,34452,5684,102,132037,0,0,33311,14540,0,33310,8804,3,32408,0,0,32350,5671,101,33290,8417,0,33301,0,0,132105,9085,10;
2274347000;1839695,44904,1,4831,393,84,34532,8417,18,34452,5683,102,132037,0,0,33311,14494,0,33310,8803,3,32408,0,0,32350,5671,98,33290,8425,0,33301,0,0,132105,9088,10;
2375686100;1839796,44904,1,4838,394,76,34532,8420,18,34452,5683,103,132037,0,0,33311,14507,0,33310,8803,3,32408,0,0,32350,5671,98,33290,8420,0,33301,0,0,132105,9088,10;
2477222400;1839897,44904,1,4828,392,88,34532,8416,18,34452,5682,102,132037,0,0,33311,14381,0,33310,8803,3,32408,0,0,32350,5671,99,33290,8420,0,33301,0,0,132105,9085,10;
2572843100;1839993,44904,1,4833,393,81,34532,8418,19,34452,5683,101,132037,0,0,33311,14403,0,33310,8803,3,32408,0,0,32350,5670,100,33290,8409,0,33301,0,0,132105,9084,10;
2673676200;1840094,44904,1,4833,393,81,34532,8418,19,34452,5683,101,132037,0,0,33311,14547,0,33310,8803,3,32408,0,0,32350,5671,102,33290,8407,0,33301,0,0,132105,9084,10;
2773848800;1840195,44904,1,4833,396,78,34532,8417,20,34452,5684,101,132037,0,0,33311,14545,0,33310,8802,3,32408,0,0,32350,5671,104,33290,8405,0,33301,0,0,132105,9086,10;
2877357400;1840297,44904,1,4829,393,87,34532,8415,20,34452,5682,100,132037,0,0,33311,14579,0,33310,8802,3,32408,0,0,32350,5670,105,33290,8403,0,33301,0,0,132105,9085,10;
2975597100;1840396,44904,1,4826,391,91,34532,8415,20,34452,5682,101,132037,0,0,33311,14569,0,33310,8803,3,32408,0,0,32350,5671,106,33290,8401,0,33301,0,0,132105,9087,11;
3071557800;1840492,44904,1,4828,394,84,34532,8416,20,34452,5684,102,132037,0,0,33311,14591,0,33310,8803,3,32408,0,0,32350,5671,108,33290,8399,0,33301,0,0,132105,9082,11;
3174850900;1840595,44904,1,4828,393,86,34532,8416,19,34452,5683,103,132037,0,0,33311,14619,0,33310,8803,3,32408,0,0,32350,5671,109,33290,8409,0,33301,0,0,132105,9087,11;
3275520800;1840696,44904,1,4826,391,90,34532,8416,19,34452,5683,104,132037,0,0,33311,14642,0,33310,8804,3,32408,0,0,32350,5670,109,33290,8405,0,33301,0,0,132105,9088,11;
3375004200;1840795,44904,1,4824,389,95,34532,8415,19,34452,5682,103,132037,0,0,33311,14612,0,33310,8804,3,32408,0,0,32350,5671,112,33290,8405,0,33301,0,0,132105,9088,12;
3475860100;1840897,44904,1,4824,391,94,34532,8414,19,34452,5682,100,132037,0,0,33311,14629,0,33310,8803,3,32408,0,0,32350,5671,116,33290,8406,0,33301,0,0,132105,9086,12;
3571727200;1840993,44904,1,4831,393,84,34532,8417,19,34452,5683,99,132037,0,0,33311,14666,0,33310,8803,3,32408,0,0,32350,5671,116,33290,8405,0,33301,0,0,132105,9088,12;
3673321000;1841094,44904,1,4831,392,86,34532,8417,19,34452,5682,97,132037,0,0,33311,14727,0,33310,8803,3,32408,0,0,32350,5671,117,33290,8409,0,33301,0,0,132105,9088,12;
3774331900;1841195,44904,1,4828,392,88,34532,8416,19,34452,5682,96,132037,0,0,33311,14719,0,33310,8803,3,32408,0,0,32350,5671,117,33290,8406,0,33301,0,0,132105,9085,12;
3875658300;1841296,44904,1,4833,395,80,34532,8417,19,34452,5683,95,132037,0,0,33311,14704,0,33310,8802,3,32408,0,0,32350,5671,117,33290,8411,0,33301,0,0,132105,9090,12;
3970911200;1841392,44904,1,4828,395,83,34532,8415,19,34452,5684,97,132037,0,0,33311,14680,0,33310,8802,3,32408,0,0,32350,5672,116,33290,8410,0,33301,0,0,132105,9089,12;
4072813200;1841494,44904,1,4846,401,65,34532,8419,19,34452,5682,98,132037,0,0,33311,0,0,33310,8799,3,32408,0,0,32350,5671,115,33290,8411,0,33301,0,0,132105,9087,13;
4173145000;1841594,44904,1,4836,401,74,34532,8415,19,34452,5683,101,132037,0,0,33311,0,0,33310,8799,4,32408,0,0,32350,5671,114,33290,8406,0,33301,0,0,132105,9086,13;
4275483100;1841696,44904,1,4836,399,75,34532,8416,19,34452,5683,102,132037,0,0,33311,0,0,33310,8800,3,32408,0,0,32350,5671,112,33290,8412,0,33301,0,0,132105,9087,13;
4377162800;1841798,44904,1,4833,395,80,34532,8417,19,34452,5683,103,132037,0,0,33311,0,0,33310,8802,3,32408,0,0,32350,5671,110,33290,8408,0,33301,0,0,132105,9090,13;
4477013800;1841898,44904,1,4836,395,77,34532,8418,20,34452,5683,104,132037,0,0,33311,0,0,33310,8802,3,32408,0,0,32350,5671,109,33290,8408,0,33301,0,0,132105,9088,13;
4572847700;1841993,44904,1,4836,398,74,34532,8417,20,34452,5684,104,132037,0,0,33311,0,0,33310,8801,3,32408,0,0,32350,5670,108,33290,8406,0,33301,0,0,132105,9087,13;
4673269800;1842095,44904,1,4828,392,88,34532,8416,20,34452,5682,101,132037,0,0,33311,0,0,33310,8803,3,32408,0,0,32350,5671,108,33290,8405,0,33301,0,0,132105,9088,12;
4774307300;1842196,44904,1,4831,395,82,34532,8416,20,34452,5683,101,132037,0,0,33311,0,0,33310,8802,3,32408,0,0,32350,5671,107,33290,8403,0,33301,0,0,132105,9084,12;
4874075100;1842296,44904,1,4826,392,89,34532,8415,20,34452,5683,101,132037,0,0,33311,0,0,33310,8803,3,32408,0,0,32350,5671,108,33290,8403,0,33301,0,0,132105,9090,12;
4970842700;1842392,44904,1,4831,395,82,34532,8416,20,34452,5683,101,132037,0,0,33311,0,0,33310,8802,3,32408,0,0,32350,5671,108,33290,8400,0,33301,0,0,132105,9085,12;
5073136500;1842494,44904,1,4836,397,76,34532,8417,20,34452,5683,101,132037,0,0,33311,0,0,33310,8801,3,32408,0,0,32350,5670,110,33290,8402,0,33301,0,0,132105,9090,12;
5174624700;1842595,44904,1,4838,399,72,34532,8417,20,34452,5683,101,132037,0,0,33311,0,0,33310,8800,4,32408,0,0,32350,5670,111,33290,8398,0,33301,0,0,132105,9089,12;
5274386300;1842696,44904,1,4841,401,68,34532,8417,20,34452,5683,100,132037,0,0,33311,0,0,33310,8799,4,32408,0,0,32350,5670,110,33290,8401,0,33301,0,0,132105,9085,12;
5376082400;1842797,44904,1,4836,399,76,34532,8415,20,34452,5682,100,132037,0,0,33311,0,0,33310,8799,4,32408,0,0,32350,5670,109,33290,8401,0,33301,0,0,132105,9085,13;
5471277000;1842893,44904,1,4836,397,79,34532,8416,19,34452,5681,100,132037,0,0,33311,0,0,33310,8800,4,32408,0,0,32350,5671,110,33290,8403,0,33301,0,0,132105,9085,13;
5571488100;1842993,44904,1,4845,400,64,34532,8420,19,34452,5683,100,132037,0,0,33311,0,0,33310,8800,4,32408,0,0,32350,5670,111,33290,8412,0,33301,0,0,132105,9090,13;
5673855100;1843095,44904,1,4841,399,70,34532,8418,19,34452,5683,100,132037,0,0,33311,0,0,33310,8800,3,32408,0,0,32350,5670,112,33290,8411,0,33301,0,0,132105,9086,13;
5773689400;1843195,44904,1,4841,399,70,34532,8418,19,34452,5683,99,132037,0,0,33311,0,0,33310,8800,3,32408,0,0,32350,5672,114,33290,8410,0,33301,0,0,132105,9088,13;
5869442900;1843291,44904,1,4838,399,72,34532,8417,18,34452,5683,96,132037,0,0,33311,0,0,33310,8800,3,32408,0,0,32350,5672,114,33290,8418,0,33301,0,0,132105,9088,13;
5972179600;1843394,44904,1,4833,394,79,34532,8418,18,34452,5684,97,132037,0,0,33311,0,0,33310,8803,3,32408,0,0,32350,5671,115,33290,8417,0,33301,0,0,132105,9088,13;
6073410500;1843495,44904,1,4840,396,72,34532,8420,18,34452,5683,97,132037,0,0,33311,0,0,33310,8802,3,32408,0,0,32350,5672,117,33290,8423,0,33301,0,0,132105,9090,13;
6173892700;1843595,44904,1,4846,399,66,34532,8420,17,34452,5682,97,132037,0,0,33311,0,0,33310,8800,3,32408,0,0,32350,5671,116,33290,8424,0,33301,0,0,132105,9087,13;
6269582300;1843691,44904,1,4838,397,73,34532,8418,18,34452,5683,97,132037,0,0,33311,0,0,33310,8801,3,32408,0,0,32350,5671,117,33290,8422,0,33301,0,0,132105,9086,13;
6373391500;1843794,44904,1,4838,397,73,34532,8418,18,34452,5683,98,132037,0,0,33311,0,0,33310,8801,3,32408,0,0,32350,5671,117,33290,8419,0,33301,0,0,132105,9086,13;
6474508700;1843896,44904,1,4833,392,83,34532,8418,18,34452,5682,96,132037,0,0,33311,0,0,33310,8803,3,32408,0,0,32350,5672,118,33290,8423,0,33301,0,0,132105,9088,13;
6574456800;1843995,44904,1,4841,398,71,34532,8419,18,34452,5683,98,132037,0,0,33311,0,0,33310,8801,3,32408,0,0,32350,5672,120,33290,8417,0,33301,0,0,132105,9088,13;
6669558900;1844091,44904,1,4831,393,84,34532,8417,18,34452,5683,98,132037,0,0,33311,0,0,33310,8803,3,32408,0,0,32350,5671,117,33290,8425,0,33301,0,0,132105,9084,13;
6873081400;1844295,44904,1,4841,399,70,34532,8418,19,34452,5683,101,132037,0,0,33311,0,0,33310,8800,3,32408,0,0,32350,5672,118,33290,8412,0,33301,0,0,132105,9088,13;
6973782000;1844395,44904,1,4838,399,72,34532,8417,19,34452,5683,100,132037,0,0,33311,0,0,33310,8800,3,32408,0,0,32350,5672,117,33290,8412,0,33301,0,0,132105,9088,13;
7070374000;1844492,44904,1,4843,401,66,34532,8418,19,34452,5683,100,132037,0,0,33311,0,0,33310,8799,3,32408,0,0,32350,5671,118,33290,8409,0,33301,0,0,132105,9086,14;
7171782000;1844593,44904,1,4838,394,77,34532,8419,20,34452,5682,99,132037,0,0,33311,0,0,33310,8802,3,32408,0,0,32350,5671,118,33290,8413,0,33301,0,0,132105,9086,14;
7272537800;1844694,44904,1,4833,396,81,34532,8416,20,34452,5682,98,132037,0,0,33311,0,0,33310,8801,3,32408,0,0,32350,5671,117,33290,8405,0,33301,0,0,132105,9085,14;
7374630700;1844795,44904,1,4836,399,75,34532,8416,20,34452,5683,99,132037,0,0,33311,0,0,33310,8800,3,32408,0,0,32350,5672,118,33290,8401,0,33301,0,0,132105,9085,14;
7474910500;1844896,44904,1,4838,398,74,34532,8417,20,34452,5682,97,132037,0,0,33311,0,0,33310,8800,4,32408,0,0,32350,5671,118,33290,8411,0,33301,0,0,132105,9086,14;
7570493000;1844991,44904,1,4840,399,69,34532,8419,20,34452,5684,98,132037,0,0,33311,0,0,33310,8801,4,32408,0,0,32350,5671,117,33290,8407,0,33301,0,0,132105,9087,14;
7672107900;1845093,44904,1,4838,400,73,34532,8416,20,34452,5682,98,132037,0,0,33311,0,0,33310,8799,3,32408,0,0,32350,5671,118,33290,8406,0,33301,0,0,132105,9086,15;
7775683800;1845197,44904,1,4833,397,79,34532,8416,19,34452,5683,98,132037,0,0,33311,0,0,33310,8801,3,32408,0,0,32350,5671,117,33290,8413,0,33301,0,0,132105,9085,14;
7873621900;1845295,44904,1,4836,395,77,34532,8418,19,34452,5683,98,132037,0,0,33311,0,0,33310,8802,3,32408,0,0,32350,5670,118,33290,8413,0,33301,0,0,132105,9087,14;
7974702200;1845396,44904,1,4833,398,77,34532,8415,20,34452,5683,100,132037,0,0,33311,0,0,33310,8800,3,32408,0,0,32350,5671,119,33290,8413,0,33301,0,0,132105,9088,14;
8069802700;1845491,44904,1,4833,395,80,34532,8417,20,34452,5683,99,132037,0,0,33311,0,0,33310,8802,3,32408,0,0,32350,5671,119,33290,8403,0,33301,0,0,132105,9088,14;
8172818700;1845594,44904,1,4838,400,70,34532,8417,20,34452,5684,100,132037,0,0,33311,0,0,33310,8800,3,32408,0,0,32350,5672,120,33290,8401,0,33301,0,0,132105,9087,15;
8274470600;1845695,44904,1,4833,398,76,34532,8416,20,34452,5684,100,132037,0,0,33311,0,0,33310,8801,3,32408,0,0,32350,5671,121,33290,8405,0,33301,0,0,132105,9089,15;
8373644800;1845795,44904,1,4836,400,73,34532,8416,20,34452,5684,100,132037,0,0,33311,0,0,33310,8800,3,32408,0,0,32350,5671,123,33290,8400,0,33301,0,0,132105,9087,15;
8475055700;1845896,44904,1,4841,398,71,34532,8419,20,34452,5683,101,132037,0,0,33311,0,0,33310,8801,3,32408,0,0,32350,5670,123,33290,8402,0,33301,0,0,132105,9087,15;
8570823000;1845992,44904,1,4833,394,82,34532,8417,20,34452,5682,101,132037,0,0,33311,0,0,33310,8802,3,32408,0,0,32350,5671,123,33290,8400,0,33301,0,0,132105,9085,14;
8671795400;1846093,44904,1,4831,396,81,34532,8415,20,34452,5683,102,132037,0,0,33311,0,0,33310,8801,3,32408,0,0,32350,5671,124,33290,8400,0,33301,0,0,132105,9087,15;
8772513100;1846194,44904,1,4841,400,67,34532,8418,20,34452,5684,103,132037,0,0,33311,0,0,33310,8800,3,32408,0,0,32350,5670,123,33290,8404,0,33301,0,0,132105,9088,14;
8874818300;1846296,44904,1,4831,394,85,34532,8416,21,34452,5682,104,132037,0,0,33311,0,0,33310,8802,3,32408,0,0,32350,5671,123,33290,8398,0,33301,0,0,132105,9087,14;
8974485900;1846395,44904,1,4831,393,84,34532,8417,21,34452,5683,103,132037,0,0,33311,0,0,33310,8803,3,32408,0,0,32350,5670,123,33290,8405,0,33301,0,0,132105,9089,14;
9069416700;1846491,44904,1,4833,395,80,34532,8417,21,34452,5683,102,132037,0,0,33311,0,0,33310,8802,3,32408,0,0,32350,5671,122,33290,8399,0,33301,0,0,132105,9089,14;
9173297900;1846595,44904,1,4828,393,86,34532,8416,21,34452,5683,101,132037,0,0,33311,0,0,33310,8803,3,32408,0,0,32350,5671,123,33290,8399,0,33301,0,0,132105,9085,14;
9272593500;1846694,44904,1,4823,390,93,34532,8415,21,34452,5683,102,132037,0,0,33311,0,0,33310,8804,3,32408,0,0,32350,5671,123,33290,8400,0,33301,0,0,132105,9087,14;
9374142900;1846795,44904,1,4826,392,89,34532,8415,21,34452,5683,102,132037,0,0,33311,0,0,33310,8803,3,32408,0,0,32350,5671,124,33290,8397,0,33301,0,0,132105,9087,14;
9476576500;1846898,44904,1,4833,392,83,34532,8418,21,34452,5682,100,132037,0,0,33311,14444,0,33310,8803,3,32408,0,0,32350,5671,125,33290,8396,0,33301,0,0,132105,9087,14;
9570713800;1846992,44904,1,4831,392,83,34532,8418,21,34452,5684,100,132037,0,0,33311,14390,0,33310,8804,3,32408,0,0,32350,5671,126,33290,8399,0,33301,0,0,132105,9090,14;
9773817300;1847195,44904,1,4831,394,81,34532,8417,21,34452,5684,101,132037,0,0,33311,0,0,33310,8803,3,32408,0,0,32350,5670,129,33290,8395,0,33301,0,0,132105,9086,13;
9873560600;1847295,44904,1,4823,389,94,34532,8416,21,34452,5683,99,132037,0,0,33311,0,0,33310,8805,3,32408,0,0,32350,5672,129,33290,8398,0,33301,0,0,132105,9088,13;
10070348200;1847492,44904,1,4831,392,83,34532,8418,21,34452,5684,99,132037,0,0,33311,14399,0,33310,8804,3,32408,0,0,32350,5669,125,33290,8398,0,33301,0,0,132105,9087,12;
10172747700;1847594,44904,1,5184,-206,1849,34532,8416,21,34452,5683,100,132037,0,0,33311,14341,0,33310,0,0,32408,0,0,32350,5670,127,33290,8398,0,33301,0,0,132105,9089,12;
10273669100;1847695,44904,1,4836,396,75,34532,8418,20,34452,5684,98,132037,0,0,33311,14327,0,33310,8802,3,32408,0,0,32350,5672,126,33290,8397,0,33301,0,0,132105,9088,12;
10374359300;1847796,44904,1,4826,391,91,34532,8415,20,34452,5682,99,132037,0,0,33311,14307,0,33310,8803,3,32408,0,0,32350,5670,125,33290,8402,0,33301,0,0,132105,9087,12;
10470241900;1847892,44904,1,5158,-179,1714,34532,8419,20,34452,5683,98,132037,0,0,33311,14322,0,33310,0,0,32408,0,0,32350,5670,124,33290,8405,0,33301,0,0,132105,9086,12;
10572039100;1847993,44904,1,4838,397,73,34532,8418,20,34452,5683,100,132037,0,0,33311,14309,0,33310,8801,3,32408,0,0,32350,5671,127,33290,8405,0,33301,0,0,132105,9088,12;
10671814100;1848094,44904,1,4833,395,80,34532,8417,19,34452,5683,100,132037,0,0,33311,14276,0,33310,8802,3,32408,0,0,32350,5672,129,33290,8406,0,33301,0,0,132105,9088,12;
10774432200;1848196,44904,1,4836,398,74,34532,8417,20,34452,5684,101,132037,0,0,33311,14332,0,33310,8801,3,32408,0,0,32350,5670,130,33290,8409,0,33301,0,0,132105,9085,13;
10873649700;1848295,44904,1,4836,398,77,34532,8416,19,34452,5682,99,132037,0,0,33311,14307,0,33310,8800,3,32408,0,0,32350,5671,130,33290,8408,0,33301,0,0,132105,9087,12;
10969866800;1848391,44904,1,4836,397,76,34532,8417,19,34452,5683,100,132037,0,0,33311,14343,0,33310,8801,3,32408,0,0,32350,5671,130,33290,8408,0,33301,0,0,132105,9086,13;
11071113800;1848493,44904,1,4836,399,75,34532,8416,19,34452,5683,100,132037,0,0,33311,14433,0,33310,8800,3,32408,0,0,32350,5671,130,33290,8402,0,33301,0,0,132105,9086,13;
11172686900;1848594,44904,1,4843,401,66,34532,8418,20,34452,5683,100,132037,0,0,33311,14425,0,33310,8799,3,32408,0,0,32350,5670,129,33290,8403,0,33301,0,0,132105,9086,13;
11273616100;1848695,44904,1,4838,398,71,34532,8418,20,34452,5684,101,132037,0,0,33311,0,0,33310,8801,3,32408,0,0,32350,5672,129,33290,8400,0,33301,0,0,132105,9086,13;
11374451500;1848796,44904,1,4836,392,81,34532,8419,20,34452,5682,99,132037,0,0,33311,14809,0,33310,8803,3,32408,0,0,32350,5671,129,33290,8403,0,33301,0,0,132105,9089,13;
11468695100;1848891,44904,1,4836,399,75,34532,8416,20,34452,5683,99,132037,0,0,33311,14419,0,33310,8800,3,32408,0,0,32350,5672,128,33290,8401,0,33301,0,0,132105,9085,13;
11572080700;1848994,44904,1,4841,398,71,34532,8419,20,34452,5683,99,132037,0,0,33311,14437,0,33310,8801,3,32408,0,0,32350,5671,127,33290,8403,0,33301,0,0,132105,9088,13;
11672374900;1849094,44904,1,4833,395,80,34532,8417,19,34452,5683,98,132037,0,0,33311,14692,0,33310,8802,3,32408,0,0,32350,5671,125,33290,8405,0,33301,0,0,132105,9087,13;
11773435000;1849195,44904,1,4836,394,78,34532,8419,20,34452,5683,100,132037,0,0,33311,14452,0,33310,8803,3,32408,0,0,32350,5672,126,33290,8405,0,33301,0,0,132105,9087,13;
11870355700;1849292,44904,1,4833,396,81,34532,8416,20,34452,5682,99,132037,0,0,33311,14364,0,33310,8801,3,32408,0,0,32350,5671,125,33290,8401,0,33301,0,0,132105,9088,12;
11970655500;1849392,44904,1,4838,396,76,34532,8418,19,34452,5682,99,132037,0,0,33311,14363,0,33310,8801,3,32408,0,0,32350,5671,122,33290,8407,0,33301,0,0,132105,9089,13;
12073636000;1849494,44904,1,4841,398,71,34532,8419,19,34452,5683,98,132037,0,0,33311,14651,0,33310,8801,3,32408,0,0,32350,5671,119,33290,8403,0,33301,0,0,132105,9086,13;
12174097600;1849596,44904,1,4831,391,85,34532,8418,19,34452,5683,98,132037,0,0,33311,14632,0,33310,8804,3,32408,0,0,32350,5672,117,33290,8409,0,33301,0,0,132105,9088,13;
12270224000;1849692,44904,1,4831,393,84,34532,8417,19,34452,5683,98,132037,0,0,33311,14622,0,33310,8803,3,32408,0,0,32350,5671,115,33290,8408,0,33301,0,0,132105,9090,13;
12371464700;1849793,44904,1,4836,397,76,34532,8417,19,34452,5683,99,132037,0,0,33311,14625,0,33310,8801,3,32408,0,0,32350,5672,115,33290,8407,0,33301,0,0,132105,9085,13;
12472245500;1849894,44904,1,4836,397,76,34532,8417,19,34452,5683,98,132037,0,0,33311,14634,0,33310,8801,3,32408,0,0,32350,5671,113,33290,8406,0,33301,0,0,132105,9088,13;
12669614400;1850091,44904,1,4821,387,99,34532,8415,19,34452,5682,98,132037,0,0,33311,14611,0,33310,8805,3,32408,0,0,32350,5671,110,33290,8408,0,33301,0,0,132105,9087,13;
12771796500;1850193,44904,1,4831,393,84,34532,8417,20,34452,5683,98,132037,0,0,33311,14613,0,33310,8803,3,32408,0,0,32350,5672,109,33290,8400,0,33301,0,0,132105,9086,13;
12871993000;1850294,44904,1,4828,391,87,34532,8417,20,34452,5683,97,132037,0,0,33311,14606,0,33310,8804,3,32408,0,0,32350,5672,109,33290,8401,0,33301,0,0,132105,9086,13;
12973042900;1850395,44904,1,4838,397,73,34532,8418,20,34452,5683,98,132037,0,0,33311,14626,0,33310,8801,3,32408,0,0,32350,5672,109,33290,8404,0,33301,0,0,132105,9087,13;
13073058500;1850495,44904,1,4831,392,86,34532,8417,19,34452,5682,98,132037,0,0,33311,14607,0,33310,8803,3,32408,0,0,32350,5671,109,33290,8409,0,33301,0,0,132105,9084,13;
13174108100;1850596,44904,1,4838,396,75,34532,8419,19,34452,5683,98,132037,0,0,33311,14605,0,33310,8802,3,32408,0,0,32350,5671,109,33290,8407,0,33301,0,0,132105,9086,13;
13270009400;1850692,44904,1,4833,393,81,34532,8418,20,34452,5683,99,132037,0,0,33311,14613,0,33310,8803,3,32408,0,0,32350,5671,109,33290,8405,0,33301,0,0,132105,9087,13;
13372110600;1850794,44904,1,4838,400,70,34532,8417,19,34452,5684,100,132037,0,0,33311,14619,0,33310,8800,3,32408,0,0,32350,5671,109,33290,8408,0,33301,0,0,132105,9089,13;
13472405200;1850895,44904,1,4836,394,79,34532,8418,19,34452,5682,100,132037,0,0,33311,14632,0,33310,8802,3,32408,0,0,32350,5671,110,33290,8408,0,33301,0,0,132105,9087,13;
13573078400;1850995,44904,1,4843,400,67,34532,8419,19,34452,5683,100,132037,0,0,33311,14624,0,33310,8800,3,32408,0,0,32350,5672,112,33290,8407,0,33301,0,0,132105,9085,13;
13668602800;1851091,44904,1,4833,396,78,34532,8417,20,34452,5684,100,132037,0,0,33311,14627,0,33310,8802,3,32408,0,0,32350,5671,112,33290,8401,0,33301,0,0,132105,9087,13;
13771041100;1851193,44904,1,4828,393,86,34532,8416,20,34452,5683,99,132037,0,0,33311,14606,0,33310,8803,3,32408,0,0,32350,5672,114,33290,8397,0,33301,0,0,132105,9088,13;
13871988400;1851294,44904,1,4831,393,84,34532,8417,21,34452,5683,101,132037,0,0,33311,14634,0,33310,8803,3,32408,0,0,32350,5673,116,33290,8396,0,33301,0,0,132105,9087,14;
13972011500;1851394,44904,1,4831,391,85,34532,8418,20,34452,5683,99,132037,0,0,33311,14631,0,33310,8804,3,32408,0,0,32350,5671,114,33290,8399,0,33301,0,0,132105,9088,13;
14169533000;1851592,44904,1,4833,393,81,34532,8418,20,34452,5683,99,132037,0,0,33311,14647,0,33310,8803,3,32408,0,0,32350,5672,119,33290,8399,0,33301,0,0,132105,9086,13;
14270868200;1851693,44904,1,4831,394,85,34532,8416,20,34452,5682,100,132037,0,0,33311,14647,0,33310,8802,3,32408,0,0,32350,5671,118,33290,8404,0,33301,0,0,132105,9085,13;
14373113100;1851795,44904,1,4836,397,76,34532,8417,20,34452,5683,101,132037,0,0,33311,14684,0,33310,8801,3,32408,0,0,32350,5672,119,33290,8397,0,33301,0,0,132105,9087,13;
14472842200;1851895,44904,1,4831,393,84,34532,8417,21,34452,5683,100,132037,0,0,33311,14688,0,33310,8803,3,32408,0,0,32350,5671,119,33290,8396,0,33301,0,0,132105,9087,13;
14572028900;1851991,44904,1,4831,390,87,34532,8418,21,34452,5682,100,132037,0,0,33311,14695,0,33310,8804,2,32408,0,0,32350,5671,120,33290,8396,0,33301,0,0,132105,9086,13;
14671283400;1852094,44904,1,4821,387,98,34532,8416,21,34452,5683,101,132037,0,0,33311,14668,0,33310,8806,2,32408,0,0,32350,5671,119,33290,8398,0,33301,0,0,132105,9083,14;
14771706000;1852194,44904,1,4833,391,82,34532,8419,21,34452,5683,99,132037,0,0,33311,14666,0,33310,8804,2,32408,0,0,32350,5670,119,33290,8394,0,33301,0,0,132105,9087,13;
14872685600;1852295,44904,1,4838,396,76,34532,8418,21,34452,5682,97,132037,0,0,33311,14680,0,33310,8801,3,32408,0,0,32350,5671,119,33290,8395,0,33301,0,0,132105,9089,13;
14967368100;1852390,44904,1,4838,399,72,34532,8417,21,34452,5683,100,132037,0,0,33311,14680,0,33310,8800,3,32408,0,0,32350,5670,120,33290,8396,0,33301,0,0,132105,9085,14;
15072159700;1852494,44904,1,4833,395,80,34532,8417,20,34452,5683,99,132037,0,0,33311,14673,0,33310,8802,3,32408,0,0,32350,5672,121,33290,0,0,33301,0,0,132105,9089,14;
15171963700;1852594,44904,1,4831,393,88,34532,8415,21,34452,5680,99,132037,0,0,33311,14667,0,33310,8801,3,32408,0,0,32350,5671,122,33290,8398,0,33301,0,0,132105,9086,14;
15272090300;1852694,44904,1,4838,396,75,34532,8419,20,34452,5683,99,132037,0,0,33311,14662,0,33310,8802,3,32408,0,0,32350,5669,122,33290,0,0,33301,0,0,132105,9087,14;
15373770300;1852796,44904,1,4843,398,68,34532,8420,20,34452,5683,99,132037,0,0,33311,14610,0,33310,8801,3,32408,0,0,32350,5672,123,33290,8398,0,33301,0,0,132105,9093,14;
15572117400;1852994,44904,1,4841,398,72,34532,8418,20,34452,5682,100,132037,0,0,33311,14626,0,33310,8800,3,32408,0,0,32350,5672,122,33290,8401,0,33301,0,0,132105,9085,14;
15673173000;1853095,44904,1,4836,391,83,34532,8419,20,34452,5681,99,132037,0,0,33311,14625,0,33310,8803,3,32408,0,0,32350,5670,120,33290,8402,0,33301,0,0,132105,9087,13;
15772778600;1853195,44904,1,4838,397,73,34532,8418,20,34452,5683,101,132037,0,0,33311,14619,0,33310,8801,3,32408,0,0,32350,5670,122,33290,8398,0,33301,0,0,132105,9085,14;
15868142000;1853291,44904,1,4831,395,82,34532,8416,20,34452,5683,101,132037,0,0,33311,14601,0,33310,8802,3,32408,0,0,32350,5670,122,33290,8403,0,33301,0,0,132105,9087,13;
15969771300;1853393,44904,1,4838,398,74,34532,8417,20,34452,5682,101,132037,0,0,33311,14602,0,33310,8800,3,32408,0,0,32350,5670,121,33290,8405,0,33301,0,0,132105,9088,13;
16070769100;1853493,44904,1,4841,399,70,34532,8418,20,34452,5683,101,132037,0,0,33311,14611,0,33310,8800,3,32408,0,0,32350,5671,119,33290,0,0,33301,0,0,132105,9087,13;
16172724300;1853595,44904,1,4828,393,86,34532,8416,20,34452,5683,101,132037,0,0,33311,14579,0,33310,8803,3,32408,0,0,32350,5671,122,33290,8399,0,33301,0,0,132105,9088,13;
16273555600;1853696,44904,1,4833,394,82,34532,8417,20,34452,5682,100,132037,0,0,33311,14558,0,33310,8802,3,32408,0,0,32350,5671,122,33290,8405,0,33301,0,0,132105,9086,14;
16368759100;1853791,44904,1,4838,397,73,34532,8418,20,34452,5683,100,132037,0,0,33311,14552,0,33310,8801,3,32408,0,0,32350,5672,122,33290,8408,0,33301,0,0,132105,9085,13;
16469805100;1853892,44904,1,4836,392,81,34532,8419,20,34452,5682,101,132037,0,0,33311,14561,0,33310,8803,3,32408,0,0,32350,5670,124,33290,8403,0,33301,0,0,132105,9089,13;
16573636500;1853996,44904,1,4838,399,72,34532,8417,20,34452,5683,102,132037,0,0,33311,14545,0,33310,8800,3,32408,0,0,32350,5670,126,33290,8404,0,33301,0,0,132105,9084,14;
16671646600;1854094,44904,1,4836,395,77,34532,8418,20,34452,5683,101,132037,0,0,33311,14556,0,33310,8802,3,32408,0,0,32350,5670,127,33290,8401,0,33301,0,0,132105,9088,14;
16773088200;1854195,44904,1,4831,392,86,34532,8417,19,34452,5682,101,132037,0,0,33311,14538,0,33310,8803,3,32408,0,0,32350,5671,127,33290,8403,0,33301,0,0,132105,9089,14;
16867684200;1854290,44904,1,4833,396,81,34532,8416,20,34452,5682,101,132037,0,0,33311,14550,0,33310,8801,3,32408,0,0,32350,5670,124,33290,8400,0,33301,0,0,132105,9086,15;
16971766200;1854395,44904,1,4836,397,76,34532,8417,19,34452,5683,102,132037,0,0,33311,14571,0,33310,8801,3,32408,0,0,32350,5672,124,33290,8404,0,33301,0,0,132105,9085,15;
17070835600;1854493,44904,1,4838,396,76,34532,8418,20,34452,5682,103,132037,0,0,33311,14548,0,33310,8801,3,32408,0,0,32350,5671,122,33290,8405,0,33301,0,0,132105,9088,15;
17172878200;1854595,44904,1,4833,393,81,34532,8418,19,34452,5683,101,132037,0,0,33311,14463,0,33310,8803,3,32408,0,0,32350,5671,119,33290,8410,0,33301,0,0,132105,9088,14;
17273587600;1854696,44904,1,4835,395,76,34532,8419,18,34452,5684,102,132037,0,0,33311,14441,0,33310,8803,3,32408,0,0,32350,5671,121,33290,8414,0,33301,0,0,132105,9089,15;
17369537000;1854792,44904,1,4833,394,82,34532,8417,19,34452,5682,103,132037,0,0,33311,14492,0,33310,8802,3,32408,0,0,32350,5672,119,33290,8417,0,33301,0,0,132105,9088,15;
17469990400;1854893,44904,1,4831,392,86,34532,8417,18,34452,5682,104,132037,0,0,33311,14409,0,33310,8803,3,32408,0,0,32350,5671,117,33290,8417,0,33301,0,0,132105,9085,15;
17571475800;1854994,44904,1,4836,392,81,34532,8419,18,34452,5682,102,132037,0,0,33311,14504,0,33310,8803,3,32408,0,0,32350,5670,115,33290,8418,0,33301,0,0,132105,9087,15;
17671587100;1855094,44904,1,4833,393,81,34532,8418,18,34452,5683,104,132037,0,0,33311,14499,0,33310,8803,3,32408,0,0,32350,5670,114,33290,8414,0,33301,0,0,132105,9087,15;
17767981500;1855191,44904,1,4828,388,91,34532,8418,19,34452,5682,103,132037,0,0,33311,14304,0,33310,8805,3,32408,0,0,32350,5671,113,33290,8415,0,33301,0,0,132105,9088,15;
17870524200;1855293,44904,1,4833,392,83,34532,8418,19,34452,5682,102,132037,0,0,33311,14350,0,33310,8803,3,32408,0,0,32350,5672,114,33290,0,0,33301,0,0,132105,9087,15;
17971051500;1855393,44904,1,4831,392,86,34532,8417,19,34452,5682,103,132037,0,0,33311,14332,0,33310,8803,3,32408,0,0,32350,5670,114,33290,8409,0,33301,0,0,132105,9086,15;
18071305000;1855494,44904,1,4836,392,81,34532,8419,19,34452,5682,102,132037,0,0,33311,14301,0,33310,8803,3,32408,0,0,32350,5670,113,33290,8412,0,33301,0,0,132105,9091,15;
18166491300;1855590,44904,1,4838,394,76,34532,8420,19,34452,5683,102,132037,0,0,33311,14312,0,33310,8803,3,32408,0,0,32350,5671,113,33290,8412,0,33301,0,0,132105,9086,14;
18270815200;1855693,44904,1,4836,396,78,34532,8417,19,34452,5682,103,132037,0,0,33311,14297,0,33310,8801,3,32408,0,0,32350,5672,116,33290,8411,0,33301,0,0,132105,9088,14;
18371309300;1855794,44904,1,4831,391,85,34532,8418,19,34452,5683,104,132037,0,0,33311,14305,0,33310,8804,3,32408,0,0,32350,5671,116,33290,8412,0,33301,0,0,132105,9085,14;
18473031700;1855895,44904,1,4828,391,87,34532,8417,20,34452,5683,104,132037,0,0,33311,14324,0,33310,8804,3,32408,0,0,32350,5671,115,33290,8403,0,33301,0,0,132105,9088,14;
18567524800;1855990,44904,1,4836,392,81,34532,8419,20,34452,5682,103,132037,0,0,33311,14479,0,33310,8803,3,32408,0,0,32350,5670,115,33290,8398,0,33301,0,0,132105,9086,14;
18671419300;1856094,44904,1,4836,395,77,34532,8418,20,34452,5683,103,132037,0,0,33311,14452,0,33310,8802,3,32408,0,0,32350,5670,115,33290,8402,0,33301,0,0,132105,9085,14;
18771405600;1856194,44904,1,4840,396,72,34532,8420,20,34452,5683,104,132037,0,0,33311,14369,0,33310,8802,3,32408,0,0,32350,5670,115,33290,8399,0,33301,0,0,132105,9086,14;
18871201200;1856294,44904,1,4838,394,76,34532,8420,20,34452,5683,102,132037,0,0,33311,14337,0,33310,8803,3,32408,0,0,32350,5671,116,33290,8399,0,33301,0,0,132105,9087,14;
18972264700;1856395,44904,1,4841,399,70,34532,8418,19,34452,5683,102,132037,0,0,33311,14367,0,33310,8800,3,32408,0,0,32350,5670,116,33290,8405,0,33301,0,0,132105,9087,13;
19073212500;1856496,44904,1,4840,396,72,34532,8420,18,34452,5683,102,132037,0,0,33311,14377,0,33310,8802,3,32408,0,0,32350,5672,116,33290,8407,0,33301,0,0,132105,9090,13;
19169066600;1856591,44904,1,4828,392,88,34532,8416,18,34452,5682,100,132037,0,0,33311,14347,0,33310,8803,3,32408,0,0,32350,5672,116,33290,8410,0,33301,0,0,132105,9088,13;
19270902300;1856693,44904,1,4838,396,75,34532,8419,18,34452,5683,101,132037,0,0,33311,14395,0,33310,8802,3,32408,0,0,32350,5671,116,33290,8417,0,33301,0,0,132105,9089,13;
19372608100;1856795,44904,1,4841,398,71,34532,8419,19,34452,5683,101,132037,0,0,33311,14403,0,33310,8801,3,32408,0,0,32350,5671,117,33290,8410,0,33301,0,0,132105,9087,14;
19471814000;1856895,44904,1,4841,397,73,34532,8419,19,34452,5682,103,132037,0,0,33311,14386,0,33310,8801,3,32408,0,0,32350,5671,117,33290,8410,0,33301,0,0,132105,9086,14;
19567533600;1856990,44904,1,4836,395,77,34532,8418,19,34452,5683,101,132037,0,0,33311,14512,0,33310,8802,3,32408,0,0,32350,5671,118,33290,8410,0,33301,0,0,132105,9087,14;
19669400000;1857092,44904,1,4833,395,80,34532,8417,19,34452,5683,100,132037,0,0,33311,14412,0,33310,8802,3,32408,0,0,32350,5671,117,33290,8417,0,33301,0,0,132105,9085,14;
19771187000;1857194,44904,1,4833,392,83,34532,8418,19,34452,5682,99,132037,0,0,33311,14396,0,33310,8803,3,32408,0,0,32350,5670,117,33290,0,0,33301,0,0,132105,9090,14;
19871119300;1857294,44904,1,4838,394,77,34532,8419,19,34452,5682,99,132037,0,0,33311,14316,0,33310,8802,3,32408,0,0,32350,5670,117,33290,8410,0,33301,0,0,132105,9090,14;
19967142700;1857390,44904,1,5139,-152,1598,34532,8420,19,34452,5683,101,132037,0,0,33311,14304,0,33310,0,0,32408,0,0,32350,5671,119,33290,8410,0,33301,0,0,132105,9086,14;
20070356800;1857493,44904,1,4838,396,75,34532,8419,20,34452,5683,102,132037,0,0,33311,14313,0,33310,8802,3,32408,0,0,32350,5670,119,33290,8406,0,33301,0,0,132105,9088,14;
20169822500;1857593,44904,1,4833,393,81,34532,8418,20,34452,5683,103,132037,0,0,33311,14278,0,33310,8803,3,32408,0,0,32350,5669,117,33290,8402,0,33301,0,0,132105,9088,14;
20271225600;1857694,44904,1,5126,-135,1536,34532,8418,20,34452,5683,102,132037,0,0,33311,14291,0,33310,0,0,32408,0,0,32350,5670,117,33290,8402,0,33301,0,0,132105,9083,14;
20366169200;1857790,44904,1,4833,393,81,34532,8418,20,34452,5683,100,132037,0,0,33311,14296,0,33310,8803,3,32408,0,0,32350,5669,114,33290,8398,0,33301,0,0,132105,9088,15;
20470687200;1857893,44904,1,4831,391,85,34532,8418,21,34452,5683,98,132037,0,0,33311,14300,0,33310,8804,3,32408,0,0,32350,5670,112,33290,8399,0,33301,0,0,132105,9087,14;
20570225900;1857993,44904,1,4833,397,79,34532,8416,21,34452,5683,97,132037,0,0,33311,14279,0,33310,8801,3,32408,0,0,32350,5670,112,33290,8396,0,33301,0,0,132105,9084,15;
20671239600;1858094,44904,1,4838,393,78,34532,8420,20,34452,5682,97,132037,0,0,33311,14270,0,33310,8803,3,32408,0,0,32350,5670,111,33290,8396,0,33301,0,0,132105,9087,14;
20766370700;1858190,44904,1,4836,394,78,34532,8419,21,34452,5683,100,132037,0,0,33311,14271,0,33310,8803,3,32408,0,0,32350,5671,112,33290,8399,0,33301,0,0,132105,9087,15;
20869014900;1858292,44904,1,4838,396,75,34532,8419,21,34452,5683,100,132037,0,0,33311,14329,0,33310,8802,4,32408,0,0,32350,5670,109,33290,8397,0,33301,0,0,132105,9085,15;
20970709900;1858393,44904,1,4840,399,69,34532,8419,20,34452,5684,102,132037,0,0,33311,14329,0,33310,8801,4,32408,0,0,32350,5670,109,33290,8402,0,33301,0,0,132105,9087,14;
21072867300;1858495,44904,1,4841,395,74,34532,8420,19,34452,5682,102,132037,0,0,33311,14322,0,33310,8802,4,32408,0,0,32350,5671,110,33290,8404,0,33301,0,0,132105,9089,14;
21171341600;1858594,44904,1,4836,394,78,34532,8419,19,34452,5683,101,132037,0,0,33311,14307,0,33310,8803,3,32408,0,0,32350,5670,111,33290,8414,0,33301,0,0,132105,9086,14;
21267330000;1858691,44904,1,4845,400,64,34532,8420,18,34452,5683,101,132037,0,0,33311,14326,0,33310,8800,3,32408,0,0,32350,5670,111,33290,8413,0,33301,0,0,132105,9089,14;
21370268700;1858793,44904,1,4841,400,71,34532,8417,18,34452,5682,101,132037,0,0,33311,14346,0,33310,8799,3,32408,0,0,32350,5670,111,33290,8420,0,33301,0,0,132105,9087,14;
21471056000;1858894,44904,1,4843,400,67,34532,8419,18,34452,5683,102,132037,0,0,33311,14310,0,33310,8800,3,32408,0,0,32350,5670,113,33290,8417,0,33301,0,0,132105,9087,15;
21570856400;1858994,44904,1,4843,397,70,34532,8420,19,34452,5682,102,132037,0,0,33311,14313,0,33310,8801,3,32408,0,0,32350,5671,116,33290,8405,0,33301,0,0,132105,9086,15;
21666849900;1859090,44904,1,4838,398,74,34532,8417,19,34452,5682,101,132037,0,0,33311,14324,0,33310,8800,4,32408,0,0,32350,5671,116,33290,8403,0,33301,0,0,132105,9088,15;
21768486500;1859192,44904,1,4836,394,78,34532,8419,19,34452,5683,101,132037,0,0,33311,14319,0,33310,8803,3,32408,0,0,32350,5671,116,33290,8407,0,33301,0,0,132105,9088,15;
21868883700;1859292,44904,1,4838,399,72,34532,8417,20,34452,5683,101,132037,0,0,33311,14299,0,33310,8800,3,32408,0,0,32350,5671,118,33290,8408,0,33301,0,0,132105,9087,15;
21970692700;1859393,44904,1,4835,392,80,34532,8420,20,34452,5683,101,132037,0,0,33311,14309,0,33310,8804,3,32408,0,0,32350,5670,118,33290,8402,0,33301,0,0,132105,9088,15;
22071949400;1859495,44904,1,4838,397,73,34532,8418,20,34452,5683,100,132037,0,0,33311,14291,0,33310,8801,3,32408,0,0,32350,5671,118,33290,8406,0,33301,0,0,132105,9091,15;
22168700900;1859591,44904,1,4843,398,68,34532,8420,20,34452,5683,99,132037,0,0,33311,14296,0,33310,8801,3,32408,0,0,32350,5673,119,33290,8404,0,33301,0,0,132105,9087,14;
22268446100;1859691,44904,1,4841,401,68,34532,8417,20,34452,5683,100,132037,0,0,33311,14279,0,33310,8799,3,32408,0,0,32350,5671,118,33290,8403,0,33301,0,0,132105,9086,14;
22371842600;1859793,44904,1,4836,396,78,34532,8417,20,34452,5682,100,132037,0,0,33311,14271,0,33310,8801,3,32408,0,0,32350,5671,119,33290,8401,0,33301,0,0,132105,9087,14;
22470616000;1859894,44904,1,4833,397,79,34532,8416,20,34452,5683,101,132037,0,0,33311,14288,0,33310,8801,3,32408,0,0,32350,5671,117,33290,8402,0,33301,0,0,132105,9088,14;
22572322900;1859995,44904,1,4838,397,73,34532,8418,20,34452,5683,101,132037,0,0,33311,14273,0,33310,8801,3,32408,0,0,32350,5670,115,33290,8402,0,33301,0,0,132105,9089,14;
22670726000;1860094,44904,1,4838,399,72,34532,8417,20,34452,5683,100,132037,0,0,33311,14279,0,33310,8800,4,32408,0,0,32350,5671,116,33290,8399,0,33301,0,0,132105,9090,14;
22768012200;1860191,44904,1,4833,395,80,34532,8417,20,34452,5683,101,132037,0,0,33311,14313,0,33310,8802,3,32408,0,0,32350,5671,117,33290,8397,0,33301,0,0,132105,9086,14;
22870299400;1860294,44904,1,4836,399,75,34532,8416,20,34452,5683,101,132037,0,0,33311,14304,0,33310,8800,4,32408,0,0,32350,5671,118,33290,8398,0,33301,0,0,132105,9085,14;
22970036700;1860393,44904,1,4836,399,75,34532,8416,20,34452,5683,101,132037,0,0,33311,14279,0,33310,8800,4,32408,0,0,32350,5672,119,33290,8399,0,33301,0,0,132105,9088,15;
23065933000;1860489,44904,1,4845,400,64,34532,8420,20,34452,5683,100,132037,0,0,33311,14277,0,33310,8800,4,32408,0,0,32350,5671,118,33290,8404,0,33301,0,0,132105,9088,14;
23168924600;1860592,44904,1,4840,396,72,34532,8420,20,34452,5683,99,132037,0,0,33311,14288,0,33310,8802,3,32408,0,0,32350,5671,120,33290,8401,0,33301,0,0,132105,9089,14;
23270501700;1860694,44904,1,4838,394,77,34532,8419,20,34452,5682,99,132037,0,0,33311,14307,0,33310,8802,3,32408,0,0,32350,5672,121,33290,8403,0,33301,0,0,132105,9085,14;
23370722500;1860794,44904,1,4836,396,78,34532,8417,20,34452,5682,98,132037,0,0,33311,14335,0,33310,8801,4,32408,0,0,32350,5670,121,33290,8396,0,33301,0,0,132105,9088,14;
23465825000;1860889,44904,1,4845,400,64,34532,8420,20,34452,5683,99,132037,0,0,33311,14297,0,33310,8800,4,32408,0,0,32350,5673,120,33290,8403,0,33301,0,0,132105,9089,14;
23571173800;1860995,44904,1,4841,398,71,34532,8419,20,34452,5683,100,132037,0,0,33311,14333,0,33310,8801,4,32408,0,0,32350,5671,119,33290,8402,0,33301,0,0,132105,9087,14;
23669604500;1861093,44904,1,4845,400,64,34532,8420,20,34452,5683,99,132037,0,0,33311,14276,0,33310,8800,3,32408,0,0,32350,5671,119,33290,8403,0,33301,0,0,132105,9089,14;
23770436100;1861194,44904,1,4836,394,78,34532,8419,20,34452,5683,99,132037,0,0,33311,14298,0,33310,8803,3,32408,0,0,32350,5670,119,33290,8400,0,33301,0,0,132105,9089,14;
23866185200;1861290,44904,1,4843,398,68,34532,8420,21,34452,5683,98,132037,0,0,33311,14285,0,33310,8801,3,32408,0,0,32350,5671,119,33290,8398,0,33301,0,0,132105,9087,14;
23968865700;1861393,44904,1,4836,394,78,34532,8419,21,34452,5683,96,132037,0,0,33311,14338,0,33310,8803,3,32408,0,0,32350,5671,119,33290,8398,0,33301,0,0,132105,9086,14;
24069796700;1861493,44904,1,4841,398,71,34532,8419,21,34452,5683,95,132037,0,0,33311,14416,0,33310,8801,3,32408,0,0,32350,5671,119,33290,8397,0,33301,0,0,132105,9085,14;
24170717400;1861594,44904,1,4836,397,76,34532,8417,21,34452,5683,96,132037,0,0,33311,14355,0,33310,8801,4,32408,0,0,32350,5672,118,33290,8396,0,33301,0,0,132105,9087,14;
24270875300;1861695,44904,1,4841,399,70,34532,8418,21,34452,5683,98,132037,0,0,33311,14290,0,33310,8800,4,32408,0,0,32350,5671,118,33290,8395,0,33301,0,0,132105,9087,14;
24366945900;1861791,44904,1,4833,394,82,34532,8417,21,34452,5682,99,132037,0,0,33311,14303,0,33310,8802,4,32408,0,0,32350,5672,120,33290,8398,0,33301,0,0,132105,9089,14;
24469327900;1861893,44904,1,4841,398,72,34532,8418,20,34452,5682,99,132037,0,0,33311,14193,0,33310,8800,3,32408,0,0,32350,5671,120,33290,8398,0,33301,0,0,132105,9088,14;
24569937400;1861993,44904,1,4833,393,84,34532,8417,20,34452,5681,97,132037,0,0,33311,14226,0,33310,8802,3,32408,0,0,32350,5672,121,33290,8400,0,33301,0,0,132105,9086,14;
24670684700;1862094,44904,1,4828,394,84,34532,8416,20,34452,5684,99,132037,0,0,33311,14223,0,33310,8803,3,32408,0,0,32350,5671,119,33290,8401,0,33301,0,0,132105,9088,14;
24766558500;1862190,44904,1,4831,395,82,34532,8416,20,34452,5683,99,132037,0,0,33311,14287,0,33310,8802,3,32408,0,0,32350,5672,121,33290,8403,0,33301,0,0,132105,9090,13;
24869029600;1862293,44904,1,4841,400,71,34532,8417,20,34452,5682,98,132037,0,0,33311,14330,0,33310,8799,3,32408,0,0,32350,5672,122,33290,8402,0,33301,0,0,132105,9089,13;
24968560100;1862392,44904,1,4838,394,77,34532,8419,19,34452,5682,98,132037,0,0,33311,14290,0,33310,8802,3,32408,0,0,32350,5671,121,33290,8407,0,33301,0,0,132105,9087,13;
25070197900;1862493,44904,1,4836,394,79,34532,8418,19,34452,5682,99,132037,0,0,33311,14248,0,33310,8802,3,32408,0,0,32350,5671,121,33290,8413,0,33301,0,0,132105,9091,13;
25170491800;1862594,44904,1,4841,395,74,34532,8420,19,34452,5682,100,132037,0,0,33311,14252,0,33310,8802,3,32408,0,0,32350,5670,121,33290,8408,0,33301,0,0,132105,9088,13;
25266407400;1862690,44904,1,5170,-195,1792,34532,8417,19,34452,5683,99,132037,0,0,33311,14332,0,33310,0,0,32408,0,0,32350,5671,121,33290,8404,0,33301,0,0,132105,9085,13;
25368436000;1862792,44904,1,4848,402,61,34532,8420,19,34452,5683,99,132037,0,0,33311,14408,0,33310,8799,4,32408,0,0,32350,5672,121,33290,8405,0,33301,0,0,132105,9086,13;
25468564200;1862892,44904,1,4838,399,72,34532,8417,19,34452,5683,96,132037,0,0,33311,14338,0,33310,8800,4,32408,0,0,32350,5671,119,33290,8406,0,33301,0,0,132105,9090,12;
25569970200;1862994,44904,1,4836,393,81,34532,8418,20,34452,5681,96,132037,0,0,33311,14389,0,33310,8802,3,32408,0,0,32350,5671,118,33290,8400,0,33301,0,0,132105,9086,12;
25665399200;1863089,44904,1,4833,392,83,34532,8418,19,34452,5682,96,132037,0,0,33311,14487,0,33310,8803,3,32408,0,0,32350,5672,117,33290,8410,0,33301,0,0,132105,9085,12;
25768437500;1863192,44904,1,4828,394,85,34532,8415,18,34452,5683,96,132037,0,0,33311,14357,0,33310,8802,3,32408,0,0,32350,5671,116,33290,8417,0,33301,0,0,132105,9088,12;
25868844000;1863293,44904,1,4836,394,79,34532,8418,19,34452,5682,97,132037,0,0,33311,14332,0,33310,8802,3,32408,0,0,32350,5670,115,33290,8409,0,33301,0,0,132105,9086,12;
25971455500;1863395,44904,1,4828,391,87,34532,8417,19,34452,5683,98,132037,0,0,33311,14331,0,33310,8804,3,32408,0,0,32350,5671,115,33290,8409,0,33301,0,0,132105,9084,12;
26070435000;1863494,44904,1,4836,392,81,34532,8419,19,34452,5682,97,132037,0,0,33311,14341,0,33310,8803,3,32408,0,0,32350,5671,114,33290,8405,0,33301,0,0,132105,9087,12;
26165881300;1863590,44904,1,4831,393,84,34532,8417,19,34452,5683,96,132037,0,0,33311,14385,0,33310,8803,3,32408,0,0,32350,5671,114,33290,8413,0,33301,0,0,132105,9085,12;
26269427700;1863693,44904,1,4843,398,68,34532,8420,19,34452,5683,96,132037,0,0,33311,14356,0,33310,8801,3,32408,0,0,32350,5670,116,33290,8413,0,33301,0,0,132105,9086,12;
26369110000;1863793,44904,1,4831,391,88,34532,8417,19,34452,5681,97,132037,0,0,33311,14324,0,33310,8803,3,32408,0,0,32350,5671,116,33290,8412,0,33301,0,0,132105,9087,12;
26470356200;1863894,44904,1,4838,396,76,34532,8418,20,34452,5682,102,132037,0,0,33311,14275,0,33310,8801,3,32408,0,0,32350,5671,115,33290,8403,0,33301,0,0,132105,9087,12;
26565341700;1863990,44904,1,4841,395,74,34532,8420,20,34452,5682,103,132037,0,0,33311,14318,0,33310,8802,3,32408,0,0,32350,5671,115,33290,8405,0,33301,0,0,132105,9085,12;
26668320400;1864092,44904,1,4841,397,73,34532,8419,19,34452,5682,100,132037,0,0,33311,14430,0,33310,8801,3,32408,0,0,32350,5671,114,33290,8407,0,33301,0,0,132105,9088,11;
26768329700;1864193,44904,1,4836,394,78,34532,8419,19,34452,5683,97,132037,0,0,33311,14375,0,33310,8803,4,32408,0,0,32350,5671,113,33290,8407,0,33301,0,0,132105,9084,11;
26871533600;1864295,44904,1,4841,399,70,34532,8418,19,34452,5683,98,132037,0,0,33311,14518,0,33310,8800,3,32408,0,0,32350,5670,113,33290,8408,0,33301,0,0,132105,9086,11;
26964779100;1864389,44904,1,4838,396,76,34532,8418,20,34452,5682,97,132037,0,0,33311,14543,0,33310,8801,3,32408,0,0,32350,5670,113,33290,8405,0,33301,0,0,132105,9084,11;
27067857100;1864491,44904,1,4838,397,72,34532,8419,20,34452,5684,96,132037,0,0,33311,14514,0,33310,8802,3,32408,0,0,32350,5670,113,33290,8399,0,33301,0,0,132105,9085,11;
27168321500;1864592,44904,1,4831,392,86,34532,8417,20,34452,5682,96,132037,0,0,33311,14523,0,33310,8803,3,32408,0,0,32350,5671,114,33290,8405,0,33301,0,0,132105,9087,11;
27268451300;1864693,44904,1,4841,400,67,34532,8418,19,34452,5684,98,132037,0,0,33311,14557,0,33310,8800,3,32408,0,0,32350,5671,115,33290,8409,0,33301,0,0,132105,9082,11;
27370097300;1864794,44904,1,4838,397,73,34532,8418,18,34452,5683,101,132037,0,0,33311,14531,0,33310,8801,4,32408,0,0,32350,5671,115,33290,8415,0,33301,0,0,132105,9086,11;
27465821100;1864889,44904,1,4836,399,75,34532,8416,19,34452,5683,102,132037,0,0,33311,14466,0,33310,8800,4,32408,0,0,32350,5671,114,33290,8413,0,33301,0,0,132105,9086,11;
27567069500;1864991,44904,1,4838,399,72,34532,8417,20,34452,5683,98,132037,0,0,33311,14415,0,33310,8800,4,32408,0,0,32350,5671,114,33290,8404,0,33301,0,0,132105,9086,11;
27666483400;1865091,44904,1,4833,397,79,34532,8416,19,34452,5683,96,132037,0,0,33311,14435,0,33310,8801,3,32408,0,0,32350,5671,112,33290,8407,0,33301,0,0,132105,9086,11;
27768820000;1865193,44904,1,4831,392,86,34532,8417,20,34452,5682,100,132037,0,0,33311,14458,0,33310,8803,3,32408,0,0,32350,5671,112,33290,8399,0,33301,0,0,132105,9087,11;
27870009100;1865294,44904,1,4838,399,72,34532,8417,20,34452,5683,100,132037,0,0,33311,14531,0,33310,8800,3,32408,0,0,32350,5671,112,33290,8401,0,33301,0,0,132105,9088,11;
27965564400;1865389,44904,1,4838,397,72,34532,8419,21,34452,5684,99,132037,0,0,33311,14449,0,33310,8802,3,32408,0,0,32350,5672,113,33290,8398,0,33301,0,0,132105,9088,11;
28066966800;1865491,44904,1,4838,400,70,34532,8417,20,34452,5684,98,132037,0,0,33311,14405,0,33310,8800,3,32408,0,0,32350,5671,113,33290,8399,0,33301,0,0,132105,9088,11;
28168544900;1865593,44904,1,4840,396,72,34532,8420,20,34452,5683,100,132037,0,0,33311,14370,0,33310,8802,3,32408,0,0,32350,5671,115,33290,8404,0,33301,0,0,132105,9089,11;
28269736500;1865693,44904,1,4836,395,77,34532,8418,19,34452,5683,101,132037,0,0,33311,14416,0,33310,8802,3,32408,0,0,32350,5672,115,33290,8407,0,33301,0,0,132105,9087,11;
28364095800;1865788,44904,1,4833,395,80,34532,8417,20,34452,5683,101,132037,0,0,33311,14392,0,33310,8802,3,32408,0,0,32350,5672,118,33290,8400,0,33301,0,0,132105,9089,12;
28467646500;1865891,44904,1,4831,393,84,34532,8417,20,34452,5683,102,132037,0,0,33311,14387,0,33310,8803,2,32408,0,0,32350,5672,121,33290,8404,0,33301,0,0,132105,9087,12;
28568946500;1865993,44904,1,4833,391,82,34532,8419,19,34452,5683,100,132037,0,0,33311,14356,0,33310,8804,3,32408,0,0,32350,5672,123,33290,8416,0,33301,0,0,132105,9088,12;
28669413900;1866094,44904,1,4841,397,73,34532,8419,18,34452,5682,97,132037,0,0,33311,14344,0,33310,8801,3,32408,0,0,32350,5672,125,33290,8420,0,33301,0,0,132105,9087,12;
28769754900;1866194,44904,1,4833,394,82,34532,8417,19,34452,5682,97,132037,0,0,33311,14346,0,33310,8802,3,32408,0,0,32350,5671,124,33290,8407,0,33301,0,0,132105,9087,13;
28866014800;1866290,44904,1,4833,391,81,34532,8420,19,34452,5684,98,132037,0,0,33311,14343,0,33310,8805,3,32408,0,0,32350,5672,124,33290,8414,0,33301,0,0,132105,9087,13;
28967991600;1866392,44904,1,4828,389,89,34532,8418,19,34452,5683,100,132037,0,0,33311,14311,0,33310,8805,2,32408,0,0,32350,5672,123,33290,8405,0,33301,0,0,132105,9086,13;
29068349300;1866493,44904,1,4828,393,86,34532,8416,19,34452,5683,101,132037,0,0,33311,14413,0,33310,8803,2,32408,0,0,32350,5672,121,33290,8405,0,33301,0,0,132105,9090,13;
29168969000;1866593,44904,1,4826,391,90,34532,8416,19,34452,5683,99,132037,0,0,33311,14370,0,33310,8804,2,32408,0,0,32350,5672,122,33290,8408,0,33301,0,0,132105,9088,13;
29265430000;1866689,44904,1,4828,391,87,34532,8417,19,34452,5683,97,132037,0,0,33311,14583,0,33310,8804,3,32408,0,0,32350,5672,123,33290,8410,0,33301,0,0,132105,9090,14;
29367814600;1866792,44904,1,4823,388,93,34532,8417,19,34452,5684,97,132037,0,0,33311,14563,0,33310,8806,3,32408,0,0,32350,5672,124,33290,8418,0,33301,0,0,132105,9088,14;
29468957500;1866893,44904,1,4833,393,81,34532,8418,18,34452,5683,99,132037,0,0,33311,14326,0,33310,8803,3,32408,0,0,32350,5671,126,33290,8415,0,33301,0,0,132105,9089,14;
29569511100;1866993,44904,1,4831,393,84,34532,8417,18,34452,5683,102,132037,0,0,33311,14436,0,33310,8803,3,32408,0,0,32350,5671,127,33290,8415,0,33301,0,0,132105,9089,13;
29665570300;1867089,44904,1,4831,393,84,34532,8417,18,34452,5683,102,132037,0,0,33311,14472,0,33310,8803,3,32408,0,0,32350,5670,128,33290,8424,0,33301,0,0,132105,9088,13;
29766762600;1867191,44904,1,4823,391,91,34532,8415,19,34452,5684,101,132037,0,0,33311,14284,0,33310,8804,3,32408,0,0,32350,5672,130,33290,8414,0,33301,0,0,132105,9088,13;
29869055000;1867293,44904,1,4833,395,80,34532,8417,19,34452,5683,100,132037,0,0,33311,14224,0,33310,8802,3,32408,0,0,32350,5671,132,33290,8411,0,33301,0,0,132105,9088,13;
29969679800;1867394,44904,1,4831,393,84,34532,8417,19,34452,5683,99,132037,0,0,33311,14283,0,33310,8803,3,32408,0,0,32350,5670,131,33290,8413,0,33301,0,0,132105,9091,13;
30069690900;1867495,44904,1,4838,399,72,34532,8417,18,34452,5683,100,132037,0,0,33311,14217,0,33310,8800,3,32408,0,0,32350,5672,131,33290,8422,0,33301,0,0,132105,9087,13;
30164379000;1867589,44904,1,4841,398,71,34532,8419,18,34452,5683,101,132037,0,0,33311,14269,0,33310,8801,3,32408,0,0,32350,5671,130,33290,8419,0,33301,0,0,132105,9089,13;
30267258600;1867692,44904,1,4831,394,81,34532,8417,18,34452,5684,103,132037,0,0,33311,14297,0,33310,8803,3,32408,0,0,32350,5671,130,33290,8423,0,33301,0,0,132105,9087,13;
30367797600;1867792,44904,1,4836,395,77,34532,8418,18,34452,5683,103,132037,0,0,33311,14396,0,33310,8802,3,32408,0,0,32350,5671,130,33290,8425,0,33301,0,0,132105,9089,13;
30471423900;1867895,44904,1,4836,394,78,34532,8419,18,34452,5683,101,132037,0,0,33311,14343,0,33310,8803,3,32408,0,0,32350,5671,130,33290,8430,0,33301,0,0,132105,9087,13;
30569407500;1867994,44904,1,4831,393,84,34532,8417,18,34452,5683,100,132037,0,0,33311,14262,0,33310,8803,3,32408,0,0,32350,5672,129,33290,8425,0,33301,0,0,132105,9087,13;
30665234600;1868089,44904,1,4828,394,85,34532,8415,18,34452,5683,99,132037,0,0,33311,14170,0,33310,8802,3,32408,0,0,32350,5671,128,33290,8418,0,33301,0,0,132105,9087,14;
30766940200;1868191,44904,1,4831,393,84,34532,8417,17,34452,5683,98,132037,0,0,33311,14314,0,33310,8803,3,32408,0,0,32350,5673,128,33290,8435,0,33301,0,0,132105,9092,13;
30868142700;1868293,44904,1,4836,395,77,34532,8418,19,34452,5683,101,132037,0,0,33311,14320,0,33310,8802,3,32408,0,0,32350,5671,127,33290,8418,0,33301,0,0,132105,9089,14;
30968571600;1868393,44904,1,4841,399,70,34532,8418,20,34452,5683,102,132037,0,0,33311,14437,0,33310,8800,4,32408,0,0,32350,5670,128,33290,8400,0,33301,0,0,132105,9089,14;
31069699800;1868494,44904,1,5143,-155,1621,34532,8417,20,34452,5682,101,132037,0,0,33311,14305,0,33310,0,0,32408,0,0,32350,5671,128,33290,8410,0,33301,0,0,132105,9085,14;
31171031600;1868595,44904,1,4838,397,73,34532,8418,19,34452,5683,100,132037,0,0,33311,14327,0,33310,8801,4,32408,0,0,32350,5671,129,33290,8407,0,33301,0,0,132105,9087,14;
31265504400;1868690,44904,1,4751,327,210,34532,8417,19,34452,5683,100,132037,0,0,33311,14366,0,33310,8835,3,32408,0,0,32350,5672,128,33290,8407,0,33301,0,0,132105,9087,14;
31366970900;1868792,44904,1,4761,335,193,34532,8418,19,34452,5684,104,132037,0,0,33311,14372,0,33310,8832,4,32408,0,0,32350,5672,127,33290,8415,0,33301,0,0,132105,9090,15;
31469222800;1868894,44904,1,4838,399,72,34532,8417,18,34452,5683,104,132037,0,0,33311,14337,0,33310,8800,3,32408,0,0,32350,5672,126,33290,8424,0,33301,0,0,132105,9085,15;
