947445800;1086873,44904,1,7321,369,-27,34532,8921,17,34452,4585,177,132037,0,0,33311,0,0,33310,8349,4,32408,0,0,32350,4609,236,33290,0,0,33301,0,0,132105,11271,5;
1048016800;1086973,44904,1,7316,364,-22,34532,8922,17,34452,4585,178,132037,0,0,33311,0,0,33310,8352,4,32408,0,0,32350,4608,234,33290,8891,0,33301,0,0,132105,11270,5;
1151493400;1087074,44904,1,7316,364,-22,34532,8922,17,34452,4585,179,132037,0,0,33311,0,0,33310,8352,4,32408,0,0,32350,4609,234,33290,8890,0,33301,0,0,132105,11269,5;
1244246000;1087170,44904,1,7306,361,-17,34532,8919,17,34452,4585,178,132037,0,0,33311,0,0,33310,8353,4,32408,0,0,32350,4609,234,33290,8891,0,33301,0,0,132105,11272,5;
1347384000;1087272,44904,1,7319,365,-24,34532,8922,17,34452,4585,177,132037,0,0,33311,0,0,33310,8351,4,32408,0,0,32350,4609,233,33290,8891,0,33301,0,0,132105,11270,5;
1447936900;1087373,44904,1,7321,367,-26,34532,8922,16,34452,4585,176,132037,0,0,33311,0,0,33310,8350,4,32408,0,0,32350,4610,235,33290,8888,0,33301,0,0,132105,11269,5;
1548443600;1087474,44904,1,7326,368,-28,34532,8924,16,34452,4585,178,132037,0,0,33311,0,0,33310,8350,4,32408,0,0,32350,4609,236,33290,8892,0,33301,0,0,132105,11269,5;
1649789800;1087575,44904,1,7321,368,-28,34532,8922,16,34452,4586,178,132037,0,0,33311,0,0,33310,8350,4,32408,0,0,32350,4609,235,33290,8890,0,33301,0,0,132105,11267,5;
1744660800;1087670,44904,1,7326,370,-29,34532,8923,16,34452,4585,177,132037,0,0,33311,0,0,33310,8349,4,32408,0,0,32350,4610,235,33290,8890,0,33301,0,0,132105,11270,5;
1846629400;1087772,44904,1,7313,365,-22,34532,8920,17,34452,4585,175,132037,0,0,33311,0,0,33310,8351,5,32408,0,0,32350,4609,235,33290,8888,0,33301,0,0,132105,11271,5;
1948092300;1087873,44904,1,7319,365,-24,34532,8922,17,34452,4585,177,132037,0,0,33311,0,0,33310,8351,4,32408,0,0,32350,4610,237,33290,0,0,33301,0,0,132105,11269,5;
2049166600;1087975,44904,1,7321,366,-25,34532,8923,17,34452,4585,173,132037,0,0,33311,0,0,33310,8351,4,32408,0,0,32350,4609,236,33290,8881,0,33301,0,0,132105,11267,5;
2148913500;1088075,44904,1,7316,366,-22,34532,8920,17,34452,4584,175,132037,0,0,33311,0,0,33310,8350,5,32408,0,0,32350,4610,236,33290,8882,0,33301,0,0,132105,11267,4;
2249912000;1088176,44904,1,7323,370,-30,34532,8922,17,34452,4586,178,132037,0,0,33311,0,0,33310,8349,5,32408,0,0,32350,4608,235,33290,8883,0,33301,0,0,132105,11270,4;
2345004900;1088271,44904,1,7319,365,-24,34532,8922,17,34452,4585,177,132037,0,0,33311,0,0,33310,8351,5,32408,0,0,32350,4610,235,33290,8881,0,33301,0,0,132105,11268,5;
2448425800;1088374,44904,1,7321,371,-28,34532,8920,17,34452,4585,177,132037,0,0,33311,0,0,33310,8348,5,32408,0,0,32350,4609,238,33290,8877,0,33301,0,0,132105,11271,5;
2546126000;1088472,44904,1,7318,368,-24,34532,8920,17,34452,4584,176,132037,0,0,33311,0,0,33310,8349,5,32408,0,0,32350,4608,238,33290,8881,0,33301,0,0,132105,11271,5;
2647658900;1088573,44904,1,7321,367,-26,34532,8922,18,34452,4585,177,132037,0,0,33311,0,0,33310,8350,4,32408,0,0,32350,4609,241,33290,8879,0,33301,0,0,132105,11270,4;
2748252300;1088674,44904,1,7311,363,-20,34532,8920,18,34452,4585,176,132037,0,0,33311,0,0,33310,8352,4,32408,0,0,32350,4609,242,33290,8880,0,33301,0,0,132105,11272,4;
2943501300;1088870,44904,1,7301,357,-12,34532,8918,17,34452,4584,175,132037,0,0,33311,0,0,33310,8354,4,32408,0,0,32350,4609,237,33290,8880,0,33301,0,0,132105,11267,4;
3146543500;1089073,44904,1,7306,359,-16,34532,8920,18,34452,4585,175,132037,0,0,33311,0,0,33310,8354,4,32408,0,0,32350,4609,239,33290,8876,0,33301,0,0,132105,11271,4;
3242675400;1089169,44904,1,7313,364,-20,34532,8920,18,34452,4584,173,132037,0,0,33311,0,0,33310,8351,4,32408,0,0,32350,4609,241,33290,8875,0,33301,0,0,132105,11268,4;
3345470000;1089272,44904,1,7311,363,-20,34532,8920,18,34452,4585,172,132037,0,0,33311,0,0,33310,8352,4,32408,0,0,32350,4610,236,33290,0,0,33301,0,0,132105,11269,4;
3447637100;1089373,44904,1,7314,362,-19,34532,8921,18,34452,4584,170,132037,0,0,33311,0,0,33310,8352,4,32408,0,0,32350,4610,231,33290,8876,0,33301,0,0,132105,11269,4;
3547777100;1089474,44904,1,7316,361,-19,34532,8923,18,34452,4584,171,132037,0,0,33311,0,0,33310,8353,4,32408,0,0,32350,4608,224,33290,0,0,33301,0,0,132105,11268,4;
3642326300;1089568,44904,1,7311,363,-20,34532,8920,18,34452,4585,171,132037,0,0,33311,0,0,33310,8352,4,32408,0,0,32350,4608,227,33290,8875,0,33301,0,0,132105,11267,4;
3746127100;1089672,44904,1,7321,367,-26,34532,8922,18,34452,4585,169,132037,0,0,33311,0,0,33310,8350,4,32408,0,0,32350,4609,226,33290,8877,0,33301,0,0,132105,11268,4;
3847310500;1089773,44904,1,7313,366,-21,34532,8919,18,34452,4584,168,132037,0,0,33311,0,0,33310,8350,4,32408,0,0,32350,4609,234,33290,8875,0,33301,0,0,132105,11268,4;
4043300100;1089969,44904,1,7329,370,-30,34532,8924,19,34452,4585,167,132037,0,0,33311,0,0,33310,8349,4,32408,0,0,32350,4610,237,33290,0,0,33301,0,0,132105,11267,4;
4145179400;1090071,44904,1,7316,366,-22,34532,8920,18,34452,4584,166,132037,0,0,33311,0,0,33310,8350,4,32408,0,0,32350,4609,238,33290,8874,0,33301,0,0,132105,11267,4;
4246715700;1090173,44904,1,7313,364,-20,34532,8920,18,34452,4584,164,132037,0,0,33311,0,0,33310,8351,5,32408,0,0,32350,4608,238,33290,8874,0,33301,0,0,132105,11269,4;
4348541900;1090273,44904,1,7321,368,-25,34532,8921,18,34452,4584,165,132037,0,0,33311,0,0,33310,8349,5,32408,0,0,32350,4609,237,33290,8876,0,33301,0,0,132105,11270,4;
4443734000;1090369,44904,1,7324,368,-26,34532,8922,18,34452,4584,165,132037,0,0,33311,0,0,33310,8349,4,32408,0,0,32350,4609,236,33290,8876,0,33301,0,0,132105,11272,4;
4545085300;1090472,44904,1,7318,368,-24,34532,8920,18,34452,4584,165,132037,0,0,33311,0,0,33310,8349,5,32408,0,0,32350,4609,238,33290,8876,0,33301,0,0,132105,11271,4;
4646783800;1090573,44904,1,7318,366,-23,34532,8921,18,34452,4584,165,132037,0,0,33311,0,0,33310,8350,5,32408,0,0,32350,4609,236,33290,8875,0,33301,0,0,132105,11270,5;
4746978800;1090673,44904,1,7318,366,-23,34532,8921,18,34452,4584,167,132037,0,0,33311,0,0,33310,8350,5,32408,0,0,32350,4608,231,33290,8875,0,33301,0,0,132105,11268,5;
4843777300;1090770,44904,1,7318,367,-23,34532,8920,18,34452,4583,168,132037,0,0,33311,0,0,33310,8349,5,32408,0,0,32350,4610,235,33290,8876,0,33301,0,0,132105,11270,5;
4945588200;1090872,44904,1,7326,370,-29,34532,8922,18,34452,4584,169,132037,0,0,33311,0,0,33310,8348,5,32408,0,0,32350,4610,237,33290,8878,0,33301,0,0,132105,11271,5;
5046333400;1090973,44904,1,7326,372,-29,34532,8921,18,34452,4584,171,132037,0,0,33311,0,0,33310,8347,5,32408,0,0,32350,4609,237,33290,8877,0,33301,0,0,132105,11272,4;
5149556100;1091076,44904,1,7321,368,-25,34532,8921,17,34452,4584,173,132037,0,0,33311,0,0,33310,8349,5,32408,0,0,32350,4609,239,33290,8877,0,33301,0,0,132105,11268,4;
5242799300;1091169,44904,1,7323,370,-27,34532,8921,17,34452,4584,174,132037,0,0,33311,0,0,33310,8348,5,32408,0,0,32350,4609,235,33290,8878,0,33301,0,0,132105,11271,4;
5345268200;1091271,44904,1,7324,367,-26,34532,8923,17,34452,4584,173,132037,0,0,33311,0,0,33310,8350,5,32408,0,0,32350,4610,237,33290,8880,0,33301,0,0,132105,11273,4;
5446688800;1091373,44904,1,7326,370,-29,34532,8922,17,34452,4584,173,132037,0,0,33311,0,0,33310,8348,5,32408,0,0,32350,4609,239,33290,8879,0,33301,0,0,132105,11272,4;
5646925000;1091573,44904,1,7318,366,-23,34532,8921,18,34452,4584,174,132037,0,0,33311,0,0,33310,8350,5,32408,0,0,32350,4610,249,33290,8881,0,33301,0,0,132105,11269,4;
5747076900;1091674,44904,1,7321,368,-25,34532,8921,18,34452,4584,175,132037,0,0,33311,0,0,33310,8349,5,32408,0,0,32350,4609,246,33290,8879,0,33301,0,0,132105,11268,5;
5843658100;1091770,44904,1,7318,366,-23,34532,8921,18,34452,4584,176,132037,0,0,33311,0,0,33310,8350,5,32408,0,0,32350,4609,242,33290,8876,0,33301,0,0,132105,11269,4;
5946317100;1091873,44904,1,7324,368,-26,34532,8922,17,34452,4584,175,132037,0,0,33311,0,0,33310,8349,5,32408,0,0,32350,4609,244,33290,8877,0,33301,0,0,132105,11267,5;
6045914200;1091972,44904,1,7324,367,-26,34532,8923,17,34452,4584,173,132037,0,0,33311,0,0,33310,8350,5,32408,0,0,32350,4608,242,33290,8879,0,33301,0,0,132105,11268,4;
6142362400;1092069,44904,1,7326,370,-29,34532,8923,17,34452,4585,173,132037,0,0,33311,0,0,33310,8349,5,32408,0,0,32350,4609,244,33290,8884,0,33301,0,0,132105,11267,4;
6244225500;1092171,44904,1,7326,370,-29,34532,8922,17,34452,4584,170,132037,0,0,33311,0,0,33310,8348,5,32408,0,0,32350,4609,245,33290,8888,0,33301,0,0,132105,11268,4;
6345313300;1092271,44904,1,7316,366,-22,34532,8920,17,34452,4584,170,132037,0,0,33311,0,0,33310,8350,5,32408,0,0,32350,4610,246,33290,8879,0,33301,0,0,132105,11268,4;
6446465600;1092373,44904,1,7318,370,-27,34532,8919,17,34452,4585,171,132037,0,0,33311,0,0,33310,8348,5,32408,0,0,32350,4609,251,33290,8883,0,33301,0,0,132105,11273,4;
6543688200;1092470,44904,1,7321,369,-27,34532,8921,17,34452,4585,172,132037,0,0,33311,0,0,33310,8349,5,32408,0,0,32350,4609,250,33290,0,0,33301,0,0,132105,11267,4;
6644744900;1092571,44904,1,7242,304,41,34532,8922,17,34452,4584,171,132037,0,0,33311,0,0,33310,8382,5,32408,0,0,32350,4610,252,33290,8880,0,33301,0,0,132105,11270,4;
6746062900;1092672,44904,1,7321,367,-24,34532,8922,17,34452,4584,172,132037,0,0,33311,0,0,33310,8350,5,32408,0,0,32350,4609,249,33290,8888,0,33301,0,0,132105,11271,4;
6845807100;1092772,44904,1,7321,365,-24,34532,8923,16,34452,4584,172,132037,0,0,33311,0,0,33310,8351,5,32408,0,0,32350,4609,246,33290,8887,0,33301,0,0,132105,11268,4;
6943131500;1092869,44904,1,7326,370,-29,34532,8923,16,34452,4585,172,132037,0,0,33311,0,0,33310,8349,5,32408,0,0,32350,4609,246,33290,8885,0,33301,0,0,132105,11267,4;
7044391100;1092971,44904,1,7321,368,-25,34532,8921,16,34452,4584,172,132037,0,0,33311,0,0,33310,8349,5,32408,0,0,32350,4609,250,33290,0,0,33301,0,0,132105,11266,4;
7146106900;1093072,44904,1,7329,371,-30,34532,8923,16,34452,4584,173,132037,0,0,33311,0,0,33310,8348,5,32408,0,0,32350,4609,246,33290,8885,0,33301,0,0,132105,11269,4;
7245987000;1093173,44904,1,7329,371,-30,34532,8923,16,34452,4584,174,132037,0,0,33311,0,0,33310,8348,5,32408,0,0,32350,4609,249,33290,8891,0,33301,0,0,132105,11270,4;
7341595300;1093269,44904,1,7323,372,-28,34532,8920,16,34452,4584,173,132037,0,0,33311,0,0,33310,8347,5,32408,0,0,32350,4610,247,33290,8890,0,33301,0,0,132105,11270,4;
7445633900;1093372,44904,1,7326,369,-28,34532,8923,17,34452,4584,174,132037,0,0,33311,0,0,33310,8349,5,32408,0,0,32350,4609,244,33290,8886,0,33301,0,0,132105,11267,4;
7545191700;1093472,44904,1,7326,370,-29,34532,8922,17,34452,4584,172,132037,0,0,33311,0,0,33310,8348,5,32408,0,0,32350,4609,242,33290,8884,0,33301,0,0,132105,11271,4;
7646041800;1093573,44904,1,7329,371,-30,34532,8923,16,34452,4584,172,132037,0,0,33311,0,0,33310,8348,5,32408,0,0,32350,4610,240,33290,8889,0,33301,0,0,132105,11272,4;
7746299700;1093673,44904,1,7331,371,-31,34532,8924,16,34452,4584,172,132037,0,0,33311,0,0,33310,8348,5,32408,0,0,32350,4609,243,33290,8889,0,33301,0,0,132105,11270,4;
7848133200;1093775,44904,1,7313,366,-21,34532,8919,16,34452,4584,172,132037,0,0,33311,0,0,33310,8350,5,32408,0,0,32350,4609,243,33290,8896,0,33301,0,0,132105,11269,4;
7944061100;1093871,44904,1,7321,368,-25,34532,8921,16,34452,4584,171,132037,0,0,33311,0,0,33310,8349,5,32408,0,0,32350,4609,244,33290,8893,0,33301,0,0,132105,11270,4;
8045281800;1093972,44904,1,7324,367,-26,34532,8923,16,34452,4584,171,132037,0,0,33311,0,0,33310,8350,5,32408,0,0,32350,4610,250,33290,8887,0,33301,0,0,132105,11267,4;
8145335200;1094072,44904,1,7245,302,41,34532,8924,16,34452,4584,170,132037,0,0,33311,0,0,33310,8383,5,32408,0,0,32350,4609,251,33290,8886,0,33301,0,0,132105,11269,4;
8246187800;1094173,44904,1,7319,364,-21,34532,8922,16,34452,4583,168,132037,0,0,33311,0,0,33310,8351,5,32408,0,0,32350,4609,251,33290,8892,0,33301,0,0,132105,11269,4;
8342559200;1094269,44904,1,7318,368,-24,34532,8920,16,34452,4584,170,132037,0,0,33311,0,0,33310,8349,5,32408,0,0,32350,4609,250,33290,8890,0,33301,0,0,132105,11271,4;
8444230800;1094371,44904,1,7321,367,-24,34532,8922,16,34452,4584,169,132037,0,0,33311,0,0,33310,8350,5,32408,0,0,32350,4610,247,33290,8897,0,33301,0,0,132105,11270,4;
8544690900;1094471,44904,1,7324,367,-26,34532,8923,16,34452,4584,170,132037,0,0,33311,0,0,33310,8350,5,32408,0,0,32350,4610,246,33290,8891,0,33301,0,0,132105,11272,4;
8648176600;1094575,44904,1,7318,367,-25,34532,8921,16,34452,4585,170,132037,0,0,33311,0,0,33310,8350,5,32408,0,0,32350,4609,246,33290,8895,0,33301,0,0,132105,11267,4;
8745299700;1094673,44904,1,7321,370,-26,34532,8920,16,34452,4584,170,132037,0,0,33311,0,0,33310,8348,5,32408,0,0,32350,4609,244,33290,8889,0,33301,0,0,132105,11268,4;
8842481200;1094769,44904,1,7321,364,-22,34532,8923,16,34452,4583,169,132037,0,0,33311,0,0,33310,8351,5,32408,0,0,32350,4610,245,33290,8890,0,33301,0,0,132105,11271,4;
8943508400;1094871,44904,1,7243,302,42,34532,8923,16,34452,4584,169,132037,0,0,33311,0,0,33310,8383,5,32408,0,0,32350,4609,245,33290,8891,0,33301,0,0,132105,11268,4;
9045112100;1094972,44904,1,7243,301,43,34532,8924,16,34452,4584,170,132037,0,0,33311,0,0,33310,8384,5,32408,0,0,32350,4609,244,33290,8890,0,33301,0,0,132105,11269,4;
9145293400;1095073,44904,1,7332,369,-30,34532,8925,16,34452,4584,172,132037,0,0,33311,0,0,33310,8349,5,32408,0,0,32350,4609,244,33290,8895,0,33301,0,0,132105,11273,4;
9241077400;1095168,44904,1,7323,370,-27,34532,8921,16,34452,4584,176,132037,0,0,33311,0,0,33310,8348,5,32408,0,0,32350,4610,246,33290,8891,0,33301,0,0,132105,11268,4;
9343722200;1095271,44904,1,7321,368,-25,34532,8921,16,34452,4584,177,132037,0,0,33311,0,0,33310,8349,5,32408,0,0,32350,4609,249,33290,8891,0,33301,0,0,132105,11271,4;
9444714500;1095372,44904,1,7326,373,-31,34532,8921,17,34452,4585,178,132037,0,0,33311,0,0,33310,8347,5,32408,0,0,32350,4610,249,33290,8890,0,33301,0,0,132105,11270,4;
9544932700;1095472,44904,1,7324,368,-26,34532,8922,17,34452,4584,178,132037,0,0,33311,0,0,33310,8349,5,32408,0,0,32350,4609,247,33290,8889,0,33301,0,0,132105,11270,4;
9641193000;1095568,44904,1,7324,368,-27,34532,8923,16,34452,4585,174,132037,0,0,33311,0,0,33310,8350,5,32408,0,0,32350,4610,247,33290,8895,0,33301,0,0,132105,11269,4;
9744516800;1095671,44904,1,7326,370,-29,34532,8923,17,34452,4585,176,132037,0,0,33311,0,0,33310,8349,5,32408,0,0,32350,4610,248,33290,8886,0,33301,0,0,132105,11273,4;
9844214300;1095771,44904,1,7321,366,-25,34532,8923,17,34452,4585,175,132037,0,0,33311,0,0,33310,8351,5,32408,0,0,32350,4610,245,33290,8886,0,33301,0,0,132105,11273,4;
9945481100;1095873,44904,1,7318,367,-25,34532,8921,17,34452,4585,175,132037,0,0,33311,0,0,33310,8350,5,32408,0,0,32350,4609,245,33290,8882,0,33301,0,0,132105,11270,4;
10042703500;1095969,44904,1,7316,367,-24,34532,8920,17,34452,4585,176,132037,0,0,33311,0,0,33310,8350,5,32408,0,0,32350,4609,246,33290,8883,0,33301,0,0,132105,11270,4;
10144314700;1096071,44904,1,7321,367,-24,34532,8922,17,34452,4584,175,132037,0,0,33311,0,0,33310,8350,5,32408,0,0,32350,4609,243,33290,8883,0,33301,0,0,132105,11269,4;
10244467400;1096172,44904,1,7316,364,-22,34532,8922,17,34452,4585,175,132037,0,0,33311,0,0,33310,8352,5,32408,0,0,32350,4610,244,33290,8882,0,33301,0,0,132105,11270,4;
10345993200;1096273,44904,1,7316,365,-23,34532,8921,17,34452,4585,174,132037,0,0,33311,0,0,33310,8351,5,32408,0,0,32350,4609,245,33290,8881,0,33301,0,0,132105,11270,4;
10444283200;1096372,44904,1,7319,365,-22,34532,8922,17,34452,4584,172,132037,0,0,33311,0,0,33310,8351,5,32408,0,0,32350,4609,246,33290,8882,0,33301,0,0,132105,11267,4;
10544362200;1096472,44904,1,7321,368,-25,34532,8921,17,34452,4584,171,132037,0,0,33311,0,0,33310,8349,5,32408,0,0,32350,4609,245,33290,8883,0,33301,0,0,132105,11233,4;
10645198800;1096573,44904,1,7321,367,-24,34532,8922,17,34452,4584,175,132037,0,0,33311,0,0,33310,8350,5,32408,0,0,32350,4610,250,33290,8881,0,33301,0,0,132105,11270,4;
10742303800;1096669,44904,1,7326,371,-30,34532,8922,18,34452,4585,177,132037,0,0,33311,0,0,33310,8348,5,32408,0,0,32350,4609,251,33290,8877,0,33301,0,0,132105,11269,4;
10842935700;1096770,44904,1,7329,371,-30,34532,8923,17,34452,4584,178,132037,0,0,33311,0,0,33310,8348,5,32408,0,0,32350,4610,251,33290,8881,0,33301,0,0,132105,11272,4;
10943973900;1096871,44904,1,7240,303,42,34532,8922,17,34452,4585,179,132037,0,0,33311,0,0,33310,8383,5,32408,0,0,32350,4609,251,33290,8880,0,33301,0,0,132105,11233,4;
11046415600;1096974,44904,1,7324,367,-26,34532,8923,17,34452,4584,178,132037,0,0,33311,0,1,33310,8350,5,32408,0,0,32350,4610,252,33290,8882,0,33301,0,0,132105,11269,4;
11145604500;1097073,44904,1,7323,370,-27,34532,8921,17,34452,4584,178,132037,0,0,33311,0,0,33310,8348,5,32408,0,0,32350,4609,252,33290,0,0,33301,0,0,132105,11269,4;
11241455200;1097169,44904,1,7318,369,-26,34532,8920,17,34452,4585,176,132037,0,0,33311,0,0,33310,8349,5,32408,0,0,32350,4609,250,33290,8881,0,33301,0,0,132105,11272,4;
11342857600;1097270,44904,1,7237,301,44,34532,8922,17,34452,4585,175,132037,0,0,33311,0,0,33310,8384,5,32408,0,0,32350,4609,250,33290,8887,0,33301,0,0,132105,11267,4;
11445519400;1097373,44904,1,7324,367,-26,34532,8923,16,34452,4584,174,132037,0,0,33311,0,0,33310,8350,5,32408,0,0,32350,4610,249,33290,8886,0,33301,0,0,132105,11271,4;
11544018200;1097472,44904,1,7324,368,-26,34532,8922,16,34452,4584,172,132037,0,0,33311,0,0,33310,8349,5,32408,0,0,32350,4610,247,33290,8889,0,33301,0,0,132105,11271,4;
11640885100;1097568,44904,1,7326,370,-29,34532,8922,16,34452,4584,171,132037,0,0,33311,0,0,33310,8348,5,32408,0,0,32350,4610,247,33290,0,0,33301,0,0,132105,11269,4;
11743037000;1097670,44904,1,7329,367,-26,34532,8925,16,34452,4583,172,132037,0,0,33311,0,0,33310,8350,5,32408,0,0,32350,4610,245,33290,8891,0,33301,0,0,132105,11270,4;
11844150300;1097772,44904,1,7321,367,-24,34532,8922,16,34452,4584,171,132037,0,0,33311,0,0,33310,8350,5,32408,0,0,32350,4610,244,33290,8890,0,33301,0,0,132105,11266,4;
11944612000;1097872,44904,1,7321,367,-24,34532,8922,16,34452,4584,169,132037,0,0,33311,0,0,33310,8350,5,32408,0,0,32350,4610,241,33290,8891,0,33301,0,0,132105,11272,4;
12045247300;1097973,44904,1,7237,301,44,34532,8921,16,34452,4584,169,132037,0,0,33311,0,0,33310,8383,5,32408,0,0,32350,4609,238,33290,8889,0,33301,0,0,132105,11267,4;
12141464200;1098069,44904,1,7321,368,-25,34532,8921,16,34452,4584,171,132037,0,0,33311,0,0,33310,8349,5,32408,0,0,32350,4610,238,33290,8888,0,33301,0,0,132105,11266,4;
12243285800;1098170,44904,1,7318,366,-23,34532,8921,16,34452,4584,174,132037,0,0,33311,0,0,33310,8350,5,32408,0,0,32350,4610,239,33290,8889,0,33301,0,0,132105,11268,4;
12343556400;1098271,44904,1,7324,368,-27,34532,8923,16,34452,4585,176,132037,0,0,33311,0,0,33310,8350,5,32408,0,0,32350,4610,237,33290,8892,0,33301,0,0,132105,11268,4;
12446635300;1098374,44904,1,7324,367,-26,34532,8923,16,34452,4584,177,132037,0,0,33311,0,0,33310,8350,5,32408,0,0,32350,4610,236,33290,8892,0,33301,0,0,132105,11269,4;
12540566100;1098467,44904,1,7318,367,-25,34532,8921,16,34452,4585,179,132037,0,0,33311,0,0,33310,8350,5,32408,0,0,32350,4609,236,33290,8897,0,33301,0,0,132105,11266,4;
12643131100;1098571,44904,1,7321,368,-25,34532,8921,16,34452,4584,178,132037,0,0,33311,0,0,33310,8349,5,32408,0,0,32350,4608,237,33290,8891,0,33301,0,0,132105,11270,4;
12745042600;1098673,44904,1,7326,371,-30,34532,8922,16,34452,4585,176,132037,0,0,33311,0,0,33310,8348,5,32408,0,0,32350,4609,238,33290,8890,0,33301,0,0,132105,11267,4;
12846158800;1098773,44904,1,7323,370,-27,34532,8921,16,34452,4584,175,132037,0,0,33311,0,0,33310,8348,5,32408,0,0,32350,4609,238,33290,8895,0,33301,0,0,132105,11269,4;
12940727200;1098868,44904,1,7323,369,-28,34532,8922,16,34452,4585,176,132037,0,0,33311,0,0,33310,8349,5,32408,0,0,32350,4610,239,33290,8897,0,33301,0,0,132105,11271,4;
13043221200;1098971,44904,1,7321,369,-27,34532,8921,16,34452,4585,177,132037,0,0,33311,0,0,33310,8349,5,32408,0,0,32350,4609,237,33290,8895,0,33301,0,0,132105,11266,4;
13147213900;1099075,44904,1,7324,367,-26,34532,8923,16,34452,4584,175,132037,0,0,33311,0,0,33310,8350,5,32408,0,0,32350,4609,238,33290,8887,0,33301,0,0,132105,11271,4;
13244384300;1099172,44904,1,7319,363,-22,34532,8923,16,34452,4584,173,132037,0,0,33311,0,0,33310,8352,5,32408,0,0,32350,4609,236,33290,8892,0,33301,0,0,132105,11271,4;
13341275500;1099269,44904,1,7326,368,-28,34532,8924,17,34452,4585,175,132037,0,0,33311,0,0,33310,8350,5,32408,0,0,32350,4610,239,33290,8888,0,33301,0,0,132105,11266,4;
13442783700;1099371,44904,1,7321,367,-24,34532,8922,16,34452,4584,172,132037,0,0,33311,0,0,33310,8350,5,32408,0,0,32350,4610,240,33290,8891,0,33301,0,0,132105,11273,4;
13543580200;1099472,44904,1,7321,365,-24,34532,8923,16,34452,4584,174,132037,0,0,33311,0,0,33310,8351,5,32408,0,0,32350,4610,242,33290,8891,0,33301,0,0,132105,11269,4;
13642998200;1099571,44904,1,7321,364,-24,34532,8924,17,34452,4585,174,132037,0,0,33311,0,0,33310,8352,5,32408,0,0,32350,4610,241,33290,8888,0,33301,0,0,132105,11268,4;
13744921400;1099673,44904,1,7324,368,-26,34532,8922,16,34452,4584,173,132037,0,0,33311,0,0,33310,8349,5,32408,0,0,32350,4609,240,33290,8893,0,33301,0,0,132105,11267,4;
13841266500;1099769,44904,1,7321,369,-27,34532,8921,16,34452,4585,174,132037,0,0,33311,0,0,33310,8349,5,32408,0,0,32350,4609,243,33290,8893,0,33301,0,0,132105,11269,4;
13941993000;1099870,44904,1,7324,368,-26,34532,8922,17,34452,4584,173,132037,0,0,33311,0,0,33310,8349,5,32408,0,0,32350,4609,243,33290,8886,0,33301,0,0,132105,11266,4;
14043081900;1099971,44904,1,7324,368,-27,34532,8923,17,34452,4585,174,132037,0,0,33311,0,0,33310,8350,5,32408,0,0,32350,4610,243,33290,8884,0,33301,0,0,132105,11268,4;
14144160500;1100072,44904,1,7321,367,-24,34532,8922,17,34452,4584,173,132037,0,0,33311,0,0,33310,8350,5,32408,0,0,32350,4610,245,33290,8885,0,33301,0,0,132105,11271,4;
14241368700;1100169,44904,1,7313,366,-21,34532,8919,17,34452,4584,171,132037,0,0,33311,0,0,33310,8350,5,32408,0,0,32350,4609,243,33290,8885,0,33301,0,0,132105,11269,4;
14342208000;1100270,44904,1,7323,369,-28,34532,8922,17,34452,4585,172,132037,0,0,33311,0,0,33310,8349,5,32408,0,0,32350,4608,243,33290,8887,0,33301,0,0,132105,11269,4;
14443478600;1100372,44904,1,7319,365,-22,34532,8922,17,34452,4584,171,132037,0,0,33311,0,0,33310,8351,5,32408,0,0,32350,4609,242,33290,8886,0,33301,0,0,132105,11266,4;
14645809900;1100574,44904,1,7319,364,-23,34532,8923,17,34452,4585,169,132037,0,0,33311,0,0,33310,8352,5,32408,0,0,32350,4609,243,33290,8884,0,33301,0,0,132105,11270,4;
14741170300;1100669,44904,1,7316,363,-20,34532,8922,17,34452,4584,168,132037,0,0,33311,0,0,33310,8352,5,32408,0,0,32350,4610,243,33290,8883,0,33301,0,0,132105,11269,4;
14845055400;1100773,44904,1,7329,366,-27,34532,8926,17,34452,4584,165,132037,0,0,33311,0,0,33310,8351,5,32408,0,0,32350,4609,241,33290,8886,0,33301,0,0,132105,11265,5;
14943388700;1100872,44904,1,7321,365,-24,34532,8923,17,34452,4584,166,132037,0,0,33311,0,0,33310,8351,5,32408,0,0,32350,4609,242,33290,8884,0,33301,0,0,132105,11271,4;
15040366800;1100968,44904,1,7316,362,-19,34532,8922,17,34452,4583,166,132037,0,0,33311,0,0,33310,8352,5,32408,0,0,32350,4609,241,33290,8880,0,33301,0,0,132105,11270,5;
15144496900;1101072,44904,1,7316,363,-20,34532,8922,17,34452,4584,168,132037,0,0,33311,0,0,33310,8352,5,32408,0,0,32350,4610,241,33290,8884,0,33301,0,0,132105,11267,5;
15242980500;1101171,44904,1,7316,363,-20,34532,8922,17,34452,4584,170,132037,0,0,33311,0,0,33310,8352,5,32408,0,0,32350,4610,242,33290,8883,0,33301,0,0,132105,11269,4;
15344206400;1101272,44904,1,7321,364,-24,34532,8924,17,34452,4585,172,132037,0,0,33311,0,0,33310,8352,5,32408,0,0,32350,4610,241,33290,8887,0,33301,0,0,132105,11272,4;
15440737400;1101368,44904,1,7324,365,-25,34532,8924,17,34452,4584,174,132037,0,0,33311,0,0,33310,8351,5,32408,0,0,32350,4610,242,33290,8887,0,33301,0,0,132105,11266,4;
15542984500;1101471,44904,1,7326,370,-29,34532,8923,17,34452,4585,178,132037,0,0,33311,0,0,33310,8349,5,32408,0,0,32350,4610,244,33290,8883,0,33301,0,0,132105,11267,4;
15643658800;1101571,44904,1,7237,302,43,34532,8921,17,34452,4585,178,132037,0,0,33311,0,0,33310,8383,5,32408,0,0,32350,4609,244,33290,8888,0,33301,0,0,132105,11266,4;
15744315900;1101672,44904,1,7321,366,-25,34532,8923,17,34452,4585,178,132037,0,0,33311,0,0,33310,8351,5,32408,0,0,32350,4610,247,33290,8887,0,33301,0,0,132105,11269,4;
15840387800;1101768,44904,1,7319,364,-23,34532,8923,17,34452,4585,177,132037,0,0,33311,0,0,33310,8352,5,32408,0,0,32350,4609,244,33290,8884,0,33301,0,0,132105,11269,4;
15943046400;1101871,44904,1,7321,368,-25,34532,8921,17,34452,4584,176,132037,0,0,33311,0,0,33310,8349,5,32408,0,0,32350,4610,244,33290,8882,0,33301,0,0,132105,11268,4;
16043250000;1101972,44904,1,7324,367,-26,34532,8923,17,34452,4584,175,132037,0,0,33311,0,0,33310,8350,5,32408,0,0,32350,4609,245,33290,8885,0,33301,0,0,132105,11265,4;
16144997000;1102073,44904,1,7326,370,-29,34532,8923,17,34452,4585,175,132037,0,0,33311,0,0,33310,8349,5,32408,0,0,32350,4609,246,33290,8887,0,33301,0,0,132105,11268,4;
16240393800;1102168,44904,1,7321,367,-26,34532,8922,17,34452,4585,177,132037,0,0,33311,0,0,33310,8350,5,32408,0,0,32350,4610,244,33290,8884,0,33301,0,0,132105,11270,4;
16341635500;1102270,44904,1,7334,374,-34,34532,8924,18,34452,4585,178,132037,0,0,33311,0,0,33310,8347,5,32408,0,0,32350,4610,246,33290,8879,0,33301,0,0,132105,11268,4;
16442734800;1102371,44904,1,7324,368,-27,34532,8923,18,34452,4585,178,132037,0,0,33311,0,0,33310,8350,5,32408,0,0,32350,4609,239,33290,8878,0,33301,0,0,132105,11271,4;
16543283400;1102471,44904,1,7237,301,44,34532,8922,18,34452,4585,178,132037,0,0,33311,0,0,33310,8384,5,32408,0,0,32350,4610,236,33290,8876,0,33301,0,0,132105,11268,4;
16644367700;1102572,44904,1,7323,370,-30,34532,8922,18,34452,4586,179,132037,0,0,33311,0,0,33310,8349,5,32408,0,0,32350,4609,238,33290,8877,0,33301,0,0,132105,11268,4;
16740027100;1102668,44904,1,7321,369,-27,34532,8921,18,34452,4585,180,132037,0,0,33311,0,0,33310,8349,5,32408,0,0,32350,4608,235,33290,8877,0,33301,0,0,132105,11269,4;
16842074200;1102770,44904,1,7326,370,-29,34532,8923,18,34452,4585,179,132037,0,0,33311,0,0,33310,8349,5,32408,0,0,32350,4609,234,33290,8875,0,33301,0,0,132105,11268,4;
17044541000;1102973,44904,1,7324,368,-27,34532,8923,17,34452,4585,181,132037,0,0,33311,0,0,33310,8350,5,32408,0,0,32350,4609,236,33290,8882,0,33301,0,0,132105,11272,4;
17139503500;1103067,44904,1,7329,371,-32,34532,8924,17,34452,4586,182,132037,0,0,33311,0,0,33310,8349,5,32408,0,0,32350,4611,239,33290,8883,0,33301,0,0,132105,11268,4;
17243168800;1103171,44904,1,7324,369,-29,34532,8923,17,34452,4586,182,132037,0,0,33311,0,0,33310,8350,5,32408,0,0,32350,4610,237,33290,8885,0,33301,0,0,132105,11268,3;
17343317500;1103271,44904,1,7316,366,-25,34532,8921,17,34452,4586,182,132037,0,0,33311,0,0,33310,8351,5,32408,0,0,32350,4609,237,33290,8881,0,33301,0,0,132105,11271,4;
17443397900;1103371,44904,1,7321,370,-29,34532,8921,17,34452,4586,181,132037,0,0,33311,0,0,33310,8349,5,32408,0,0,32350,4609,236,33290,8884,0,33301,0,0,132105,11269,4;
17643998000;1103572,44904,1,7326,369,-30,34532,8924,17,34452,4586,180,132037,0,0,33311,0,0,33310,8350,5,32408,0,0,32350,4609,237,33290,8885,0,33301,0,0,132105,11268,4;
17744609300;1103673,44904,1,7324,366,-26,34532,8924,17,34452,4585,179,132037,0,0,33311,0,0,33310,8351,5,32408,0,0,32350,4609,238,33290,8882,0,33301,0,0,132105,11268,4;
17844973500;1103773,44904,1,7324,368,-27,34532,8923,17,34452,4585,179,132037,0,0,33311,0,0,33310,8350,5,32408,0,0,32350,4609,238,33290,8884,0,33301,0,0,132105,11269,4;
17939002900;1103867,44904,1,7329,372,-31,34532,8923,17,34452,4585,180,132037,0,0,33311,0,0,33310,8348,5,32408,0,0,32350,4610,238,33290,8880,0,33301,0,0,132105,11269,4;
18042627500;1103971,44904,1,7328,373,-32,34532,8922,17,34452,4585,180,132037,0,0,33311,0,0,33310,8347,5,32408,0,0,32350,4609,241,33290,8880,0,33301,0,0,132105,11268,4;
18143359800;1104071,44904,1,7326,370,-29,34532,8922,17,34452,4584,179,132037,0,0,33311,0,0,33310,8348,5,32408,0,0,32350,4609,243,33290,8884,0,33301,0,0,132105,11266,4;
18243242500;1104172,44904,1,7240,304,40,34532,8922,17,34452,4586,181,132037,0,0,33311,0,0,33310,8383,5,32408,0,0,32350,4610,243,33290,8879,0,33301,0,0,132105,11270,4;
18345241200;1104273,44904,1,7326,368,-28,34532,8924,17,34452,4585,182,132037,0,0,33311,0,0,33310,8350,5,32408,0,0,32350,4609,242,33290,8884,0,33301,0,0,132105,11266,4;
18439694600;1104368,44904,1,7324,368,-27,34532,8923,17,34452,4585,182,132037,0,0,33311,0,0,33310,8350,5,32408,0,0,32350,4610,244,33290,8881,0,33301,0,0,132105,11266,4;
18541827000;1104470,44904,1,7331,371,-33,34532,8925,17,34452,4586,182,132037,0,0,33311,0,0,33310,8349,5,32408,0,0,32350,4609,241,33290,8882,0,33301,0,0,132105,11271,5;
18643084500;1104571,44904,1,7318,370,-28,34532,8920,17,34452,4586,183,132037,0,0,33311,0,0,33310,8349,5,32408,0,0,32350,4608,240,33290,8886,0,33301,0,0,132105,11267,5;
18743609700;1104672,44904,1,7324,369,-29,34532,8923,17,34452,4586,184,132037,0,0,33311,0,0,33310,8350,5,32408,0,0,32350,4610,242,33290,8887,0,33301,0,0,132105,11270,4;
18839361500;1104767,44904,1,7324,369,-29,34532,8923,16,34452,4586,182,132037,0,0,33311,0,0,33310,8350,5,32408,0,0,32350,4609,240,33290,8884,0,33301,0,0,132105,11268,4;
18940711500;1104869,44904,1,7318,368,-27,34532,8921,17,34452,4586,184,132037,0,0,33311,0,0,33310,8350,5,32408,0,0,32350,4609,239,33290,8883,0,33301,0,0,132105,11270,4;
19143676500;1105072,44904,1,7332,370,-32,34532,8926,17,34452,4586,186,132037,0,0,33311,0,0,33310,8350,5,32408,0,0,32350,4609,241,33290,8890,0,33301,0,0,132105,11269,4;
19338920000;1105267,44904,1,7316,368,-26,34532,8920,17,34452,4586,186,132037,0,0,33311,0,0,33310,8350,5,32408,0,0,32350,4610,237,33290,8887,0,33301,0,0,132105,11269,4;
19441765800;1105370,44904,1,7318,369,-29,34532,8921,16,34452,4587,187,132037,0,0,33311,0,0,33310,8350,5,32408,0,0,32350,4609,238,33290,8887,0,33301,0,0,132105,11272,4;
19541846700;1105470,44904,1,7324,367,-28,34532,8924,16,34452,4586,186,132037,0,0,33311,0,0,33310,8351,5,32408,0,0,32350,4608,236,33290,8890,0,33301,0,0,132105,11268,4;
23441385700;1109370,44904,1,7247,307,36,34532,8923,18,34452,4585,175,132037,0,0,33311,0,0,33310,8381,5,32408,0,0,32350,4609,241,33290,8877,0,33301,0,0,132105,11269,4;
23541464400;1109471,44904,1,7318,366,-26,34532,8922,18,34452,4586,175,132037,0,0,33311,0,0,33310,8351,5,32408,0,0,32350,4609,241,33290,8877,0,33301,0,0,132105,11270,4;
23638536100;1109568,44904,1,7319,365,-24,34532,8922,18,34452,4585,171,132037,0,0,33311,0,0,33310,8351,5,32408,0,0,32350,4610,240,33290,8880,0,33301,0,0,132105,11271,4;
23740322400;1109670,44904,1,7319,365,-24,34532,8922,18,34452,4585,175,132037,0,0,33311,0,0,33310,8351,5,32408,0,0,32350,4609,242,33290,8878,0,33301,0,0,132105,11268,4;
23841245100;1109771,44904,1,7326,368,-28,34532,8924,18,34452,4585,175,132037,0,0,33311,0,0,33310,8350,5,32408,0,0,32350,4610,243,33290,8876,0,33301,0,0,132105,11268,4;
24037135900;1109967,44904,1,7243,299,44,34532,8925,18,34452,4584,166,132037,0,0,33311,0,0,33310,8385,5,32408,0,0,32350,4609,244,33290,8876,0,33301,0,0,132105,11269,4;
24140959800;1110071,44904,1,7321,367,-26,34532,8922,18,34452,4585,172,132037,0,0,33311,0,0,33310,8350,5,32408,0,0,32350,4610,245,33290,8878,0,33301,0,0,132105,11270,4;
24241282200;1110171,44904,1,7319,363,-22,34532,8923,18,34452,4584,173,132037,0,0,33311,0,0,33310,8352,5,32408,0,0,32350,4610,244,33290,8881,0,33301,0,0,132105,11270,4;
24341992600;1110271,44904,1,7316,362,-21,34532,8923,18,34452,4585,172,132037,0,0,33311,0,0,33310,8353,5,32408,0,0,32350,4609,240,33290,8879,0,33301,0,0,132105,11273,4;
24440755100;1110370,44904,1,7314,362,-20,34532,8922,18,34452,4585,173,132037,0,0,33311,0,0,33310,8353,5,32408,0,0,32350,4609,242,33290,8882,0,33301,0,0,132105,11269,4;
24542836500;1110472,44904,1,7314,362,-20,34532,8922,18,34452,4585,173,132037,0,0,33311,0,0,33310,8353,5,32408,0,0,32350,4608,241,33290,8881,0,33301,0,0,132105,11268,4;
24637940100;1110567,44904,1,7319,364,-23,34532,8923,17,34452,4585,171,132037,0,0,33311,0,0,33310,8352,5,32408,0,0,32350,4610,241,33290,8880,0,33301,0,0,132105,11268,4;
24740602900;1110670,44904,1,7321,365,-24,34532,8923,17,34452,4584,172,132037,0,0,33311,0,0,33310,8351,5,32408,0,0,32350,4610,245,33290,8891,0,33301,0,0,132105,11270,4;
24942348400;1110872,44904,1,7324,368,-27,34532,8923,17,34452,4585,173,132037,0,0,33311,0,0,33310,8350,5,32408,0,0,32350,4610,247,33290,8890,0,33301,0,0,132105,11267,4;
25042429700;1110971,44904,1,7245,302,40,34532,8925,17,34452,4585,172,132037,0,0,33311,0,0,33310,8384,5,32408,0,0,32350,4610,246,33290,8888,0,33301,0,0,132105,11271,4;
25137050400;1111067,44904,1,7321,367,-26,34532,8922,17,34452,4585,174,132037,0,0,33311,0,0,33310,8350,5,32408,0,0,32350,4610,246,33290,8888,0,33301,0,0,132105,11271,5;
25241496100;1111170,44904,1,7321,364,-24,34532,8924,17,34452,4585,172,132037,0,0,33311,0,0,33310,8352,5,32408,0,0,32350,4609,247,33290,8882,0,33301,0,0,132105,11269,5;
25342264900;1111271,44904,1,7321,365,-24,34532,8923,17,34452,4584,172,132037,0,0,33311,0,0,33310,8351,5,32408,0,0,32350,4609,245,33290,8886,0,33301,0,0,132105,11269,5;
25444885100;1111373,44904,1,7321,366,-25,34532,8923,17,34452,4585,173,132037,0,0,33311,0,0,33310,8351,5,32408,0,0,32350,4611,246,33290,8890,0,33301,0,0,132105,11273,5;
25537188300;1111466,44904,1,7321,367,-26,34532,8922,17,34452,4585,174,132037,0,0,33311,0,0,33310,8350,5,32408,0,0,32350,4610,244,33290,8884,0,33301,0,0,132105,11274,5;
25640912700;1111570,44904,1,7329,371,-32,34532,8924,17,34452,4586,173,132037,0,0,33311,0,0,33310,8349,5,32408,0,0,32350,4610,241,33290,8888,0,33301,0,0,132105,11271,5;
25740202400;1111669,44904,1,7323,372,-31,34532,8921,17,34452,4586,171,132037,0,0,33311,0,0,33310,8348,5,32408,0,0,32350,4610,243,33290,8889,0,33301,0,0,132105,11270,5;
25841534800;1111770,44904,1,7323,369,-28,34532,8922,17,34452,4585,172,132037,0,0,33311,0,0,33310,8349,6,32408,0,0,32350,4610,241,33290,8884,0,33301,0,0,132105,11267,4;
25943794200;1111873,44904,1,7331,370,-31,34532,8925,17,34452,4585,172,132037,0,0,33311,0,0,33310,8349,5,32408,0,0,32350,4610,239,33290,8885,0,33301,0,0,132105,11269,4;
26036806300;1111966,44904,1,7326,370,-29,34532,8923,17,34452,4585,168,132037,0,0,33311,0,0,33310,8349,5,32408,0,0,32350,4610,239,33290,8891,0,33301,0,0,132105,11272,4;
26140275400;1112070,44904,1,7323,370,-30,34532,8922,17,34452,4586,174,132037,0,0,33311,0,0,33310,8349,5,32408,0,0,32350,4610,241,33290,8891,0,33301,0,0,132105,11269,4;
26241974300;1112171,44904,1,7245,303,39,34532,8924,17,34452,4585,167,132037,0,0,33311,0,0,33310,8383,5,32408,0,0,32350,4610,245,33290,8887,0,33301,0,0,132105,11267,4;
26341884300;1112271,44904,1,7324,367,-26,34532,8923,17,34452,4584,164,132037,0,0,33311,0,0,33310,8350,5,32408,0,0,32350,4610,241,33290,8888,0,33301,0,0,132105,11268,4;
26436727100;1112367,44904,1,7238,299,45,34532,8923,17,34452,4585,166,132037,0,0,33311,0,0,33310,8385,5,32408,0,0,32350,4610,238,33290,8885,0,33301,0,0,132105,11268,4;
26540728100;1112470,44904,1,7321,364,-24,34532,8924,17,34452,4585,170,132037,0,0,33311,0,0,33310,8352,5,32408,0,0,32350,4610,240,33290,8882,0,33301,0,0,132105,11265,4;
26640954300;1112570,44904,1,7321,366,-25,34532,8923,18,34452,4585,169,132037,0,0,33311,0,0,33310,8351,5,32408,0,0,32350,4610,236,33290,8884,0,33301,0,0,132105,11270,4;
26741839200;1112671,44904,1,7313,363,-21,34532,8921,18,34452,4585,168,132037,0,0,33311,0,0,33310,8352,5,32408,0,0,32350,4610,236,33290,8889,0,33301,0,0,132105,11269,4;
26942608300;1112872,44904,1,7321,367,-27,34532,8923,18,34452,4586,171,132037,0,0,33311,0,0,33310,8351,5,32408,0,0,32350,4610,241,33290,8882,0,33301,0,0,132105,11270,4;
27040372500;1112970,44904,1,7313,363,-21,34532,8921,18,34452,4585,173,132037,0,0,33311,0,0,33310,8352,5,32408,0,0,32350,4610,238,33290,8879,0,33301,0,0,132105,11268,4;
27141961800;1113071,44904,1,7324,365,-25,34532,8925,18,34452,4585,170,132037,0,0,33311,0,0,33310,8352,5,32408,0,0,32350,4610,238,33290,8881,0,33301,0,0,132105,11270,5;
27238065300;1113168,44904,1,7311,360,-18,34532,8922,18,34452,4585,169,132037,0,0,33311,0,0,33310,8354,5,32408,0,0,32350,4610,238,33290,8878,0,33301,0,0,132105,11268,5;
27339676200;1113269,44904,1,7319,362,-22,34532,8924,18,34452,4585,170,132037,0,0,33311,0,0,33310,8353,5,32408,0,0,32350,4610,236,33290,8878,0,33301,0,0,132105,11268,4;
27440816700;1113370,44904,1,7311,360,-17,34532,8921,18,34452,4584,165,132037,0,0,33311,0,0,33310,8353,4,32408,0,0,32350,4610,237,33290,8881,0,33301,0,0,132105,11267,5;
27542663000;1113472,44904,1,7316,364,-22,34532,8922,18,34452,4585,166,132037,0,0,33311,0,0,33310,8352,4,32408,0,0,32350,4610,240,33290,8879,0,33301,0,0,132105,11268,4;
27641471800;1113571,44904,1,7321,366,-25,34532,8923,18,34452,4585,170,132037,0,0,33311,0,0,33310,8351,5,32408,0,0,32350,4610,242,33290,8879,0,33301,0,0,132105,11270,5;
27737316900;1113667,44904,1,7243,301,41,34532,8924,18,34452,4585,171,132037,0,0,33311,0,0,33310,8384,5,32408,0,0,32350,4610,241,33290,8882,0,33301,0,0,132105,11270,4;
27839312200;1113769,44904,1,7321,366,-25,34532,8923,18,34452,4585,173,132037,0,0,33311,0,0,33310,8351,5,32408,0,0,32350,4609,239,33290,8877,0,33301,0,0,132105,11269,4;
27940365000;1113870,44904,1,7321,366,-25,34532,8923,18,34452,4585,175,132037,0,0,33311,0,0,33310,8351,5,32408,0,0,32350,4611,242,33290,8876,0,33301,0,0,132105,11268,4;
28041365900;1113971,44904,1,7318,366,-26,34532,8922,18,34452,4586,175,132037,0,0,33311,0,0,33310,8351,5,32408,0,0,32350,4609,239,33290,8877,0,33301,0,0,132105,11268,4;
28136516900;1114066,44904,1,7319,365,-24,34532,8922,18,34452,4585,175,132037,0,0,33311,0,0,33310,8351,5,32408,0,0,32350,4610,240,33290,8877,0,33301,0,0,132105,11270,4;
28339872900;1114270,44904,1,7327,366,-27,34532,8925,18,34452,4585,171,132037,0,0,33311,0,0,33310,8351,5,32408,0,0,32350,4610,238,33290,8877,0,33301,0,0,132105,11269,4;
28440085200;1114370,44904,1,7321,364,-24,34532,8924,18,34452,4585,171,132037,0,0,33311,0,0,33310,8352,5,32408,0,0,32350,4610,238,33290,8876,0,33301,0,0,132105,11268,4;
28536251400;1114466,44904,1,7319,362,-22,34532,8924,17,34452,4585,171,132037,0,0,33311,0,0,33310,8353,5,32408,0,0,32350,4610,239,33290,8879,0,33301,0,0,132105,11268,4;
28740299700;1114670,44904,1,7319,365,-25,34532,8923,17,34452,4586,174,132037,0,0,33311,0,0,33310,8352,5,32408,0,0,32350,4610,243,33290,8882,0,33301,0,0,132105,11269,5;
28841009700;1114771,44904,1,7319,364,-23,34532,8923,17,34452,4585,175,132037,0,0,33311,0,0,33310,8352,5,32408,0,0,32350,4610,245,33290,8883,0,33301,0,0,132105,11269,5;
28936285100;1114866,44904,1,7321,364,-24,34532,8924,17,34452,4585,173,132037,0,0,33311,0,0,33310,8352,5,32408,0,0,32350,4610,244,33290,8888,0,33301,0,0,132105,11268,5;
29040325100;1114969,44904,1,7321,367,-27,34532,8923,17,34452,4586,173,132037,0,0,33311,0,0,33310,8351,5,32408,0,0,32350,4610,242,33290,8886,0,33301,0,0,132105,11270,5;
29139698400;1115069,44904,1,7324,365,-27,34532,8925,17,34452,4586,171,132037,0,0,33311,0,0,33310,8352,5,32408,0,0,32350,4610,239,33290,8889,0,33301,0,0,132105,11269,5;
29240764500;1115171,44904,1,7324,367,-28,34532,8924,16,34452,4586,169,132037,0,0,33311,0,0,33310,8351,5,32408,0,0,32350,4609,243,33290,8891,0,33301,0,0,132105,11269,5;
29336473400;1115266,44904,1,7313,363,-21,34532,8921,16,34452,4585,166,132037,0,0,33311,0,0,33310,8352,5,32408,0,0,32350,4609,243,33290,8889,0,33301,0,0,132105,11270,4;
29641258900;1115571,44904,1,7319,363,-24,34532,8924,16,34452,4586,172,132037,0,0,33311,0,0,33310,8353,5,32408,0,0,32350,4610,241,33290,8895,0,33301,0,0,132105,11269,5;
29742470700;1115672,44904,1,7316,364,-24,34532,8922,16,34452,4586,175,132037,0,0,33311,0,0,33310,8352,5,32408,0,0,32350,4609,244,33290,8894,0,33301,0,0,132105,11268,5;
29939996100;1115869,44904,1,7316,362,-21,34532,8923,16,34452,4585,171,132037,0,0,33311,0,0,33310,8353,5,32408,0,0,32350,4610,244,33290,8890,0,33301,0,0,132105,11268,5;
30041276200;1115971,44904,1,7327,366,-27,34532,8925,16,34452,4585,171,132037,0,0,33311,0,0,33310,8351,5,32408,0,0,32350,4609,243,33290,8891,0,33301,0,0,132105,11268,5;
30139640800;1116070,44904,1,7324,365,-25,34532,8925,16,34452,4585,171,132037,0,0,33311,0,0,33310,8352,5,32408,0,0,32350,4610,242,33290,8891,0,33301,0,0,132105,11271,4;
30339705300;1116269,44904,1,7319,364,-23,34532,8923,16,34452,4585,174,132037,0,0,33311,0,0,33310,8352,5,32408,0,0,32350,4610,238,33290,8892,0,33301,0,0,132105,11269,5;
30441181400;1116371,44904,1,7319,365,-24,34532,8922,16,34452,4585,172,132037,0,0,33311,0,0,33310,8351,5,32408,0,0,32350,4610,241,33290,8891,0,33301,0,0,132105,11271,5;
30540557700;1116470,44904,1,7329,367,-28,34532,8926,16,34452,4585,174,132037,0,0,33311,0,0,33310,8351,5,32408,0,0,32350,4609,241,33290,8890,0,33301,0,0,132105,11271,5;
30641496400;1116572,44904,1,7327,366,-27,34532,8925,16,34452,4585,175,132037,0,0,33311,0,0,33310,8351,5,32408,0,0,32350,4609,241,33290,8888,0,33301,0,0,132105,11267,5;
30738219300;1116668,44904,1,7319,365,-25,34532,8923,16,34452,4586,176,132037,0,0,33311,0,0,33310,8352,5,32408,0,0,32350,4610,243,33290,8897,0,33301,0,0,132105,11271,5;
30838511700;1116769,44904,1,7316,362,-21,34532,8923,16,34452,4585,173,132037,0,0,33311,0,0,33310,8353,5,32408,0,0,32350,4609,240,33290,8895,0,33301,0,0,132105,11272,5;
30940768600;1116871,44904,1,7322,363,-25,34532,8925,16,34452,4586,173,132037,0,0,33311,0,0,33310,8353,5,32408,0,0,32350,4609,242,33290,8890,0,33301,0,0,132105,11269,5;
31035236200;1116965,44904,1,7324,366,-26,34532,8924,16,34452,4585,174,132037,0,0,33311,0,0,33310,8351,5,32408,0,0,32350,4609,243,33290,8892,0,33301,0,0,132105,11267,5;
31139585700;1117070,44904,1,7230,296,49,34532,8921,16,34452,4585,175,132037,0,0,33311,0,0,33310,8386,5,32408,0,0,32350,4609,243,33290,8892,0,33301,0,0,132105,11272,5;
31239833600;1117170,44904,1,7319,363,-24,34532,8924,16,34452,4586,175,132037,0,0,33311,0,0,33310,8353,5,32408,0,0,32350,4610,240,33290,8891,0,33301,0,0,132105,11271,4;
31340322100;1117270,44904,1,7309,359,-18,34532,8922,17,34452,4586,173,132037,0,0,33311,0,0,33310,8355,4,32408,0,0,32350,4609,237,33290,8884,0,33301,0,0,132105,11269,5;
31435503400;1117366,44904,1,7324,364,-26,34532,8926,16,34452,4586,172,132037,0,0,33311,0,0,33310,8353,4,32408,0,0,32350,4610,232,33290,8891,0,33301,0,0,132105,11271,4;
31539491900;1117469,44904,1,7314,362,-20,34532,8922,16,34452,4585,172,132037,0,0,33311,0,0,33310,8353,5,32408,0,0,32350,4609,234,33290,8886,0,33301,0,0,132105,11270,5;
31640090000;1117570,44904,1,7311,364,-22,34532,8920,17,34452,4586,172,132037,0,0,33311,0,0,33310,8352,5,32408,0,0,32350,4609,236,33290,8882,0,33301,0,0,132105,11268,5;
31740703700;1117671,44904,1,7324,366,-26,34532,8924,17,34452,4585,172,132037,0,0,33311,0,0,33310,8351,5,32408,0,0,32350,4609,237,33290,8883,0,33301,0,0,132105,11271,5;
31939497000;1117870,44904,1,7324,368,-27,34532,8923,17,34452,4585,171,132037,0,0,33311,0,0,33310,8350,5,32408,0,0,32350,4609,241,33290,8889,0,33301,0,0,132105,11267,4;
32040108700;1117970,44904,1,7324,365,-25,34532,8925,17,34452,4585,169,132037,0,0,33311,0,0,33310,8352,5,32408,0,0,32350,4610,242,33290,8884,0,33301,0,0,132105,11270,4;
32237910800;1118168,44904,1,7319,364,-23,34532,8923,17,34452,4585,167,132037,0,0,33311,0,0,33310,8352,5,32408,0,0,32350,4610,243,33290,8892,0,33301,0,0,132105,11270,4;
32338607200;1118269,44904,1,7332,366,-29,34532,8928,17,34452,4585,169,132037,0,0,33311,0,0,33310,8352,5,32408,0,0,32350,4610,241,33290,8886,0,33301,0,0,132105,11271,4;
32439345300;1118370,44904,1,7324,368,-27,34532,8923,17,34452,4585,171,132037,0,0,33311,0,0,33310,8350,5,32408,0,0,32350,4609,243,33290,8887,0,33301,0,0,132105,11273,4;
32540746900;1118471,44904,1,7319,364,-23,34532,8923,17,34452,4585,171,132037,0,0,33311,0,0,33310,8352,5,32408,0,0,32350,4610,241,33290,8887,0,33301,0,0,132105,11269,4;
32636139000;1118567,44904,1,7324,368,-27,34532,8923,17,34452,4585,172,132037,0,0,33311,0,0,33310,8350,5,32408,0,0,32350,4610,243,33290,8883,0,33301,0,0,132105,11268,4;
32738664200;1118669,44904,1,7321,369,-27,34532,8921,17,34452,4585,173,132037,0,0,33311,0,0,33310,8349,5,32408,0,0,32350,4609,243,33290,8883,0,33301,0,0,132105,11271,4;
32838346500;1118769,44904,1,7321,367,-26,34532,8922,17,34452,4585,170,132037,0,0,33311,0,0,33310,8350,5,32408,0,0,32350,4610,241,33290,8882,0,33301,0,0,132105,11267,4;
32941591600;1118871,44904,1,7242,304,39,34532,8923,17,34452,4586,170,132037,0,0,33311,0,0,33310,8383,5,32408,0,0,32350,4611,243,33290,8884,0,33301,0,0,132105,11269,4;
33040713200;1118971,44904,1,7324,367,-26,34532,8923,17,34452,4584,170,132037,0,0,33311,0,0,33310,8350,5,32408,0,0,32350,4609,239,33290,8881,0,33301,0,0,132105,11268,4;
33138999900;1119069,44904,1,7318,368,-27,34532,8921,17,34452,4586,171,132037,0,0,33311,0,0,33310,8350,4,32408,0,0,32350,4609,238,33290,8882,0,33301,0,0,132105,11271,4;
33241761400;1119172,44904,1,7319,365,-25,34532,8923,17,34452,4586,171,132037,0,0,33311,0,0,33310,8352,5,32408,0,0,32350,4609,241,33290,8881,0,33301,0,0,132105,11268,4;
33335342900;1119266,44904,1,7311,363,-20,34532,8920,17,34452,4585,171,132037,0,0,33311,0,0,33310,8352,5,32408,0,0,32350,4609,236,33290,8881,0,33301,0,0,132105,11270,4;
33438997100;1119369,44904,1,7316,368,-26,34532,8920,17,34452,4586,173,132037,0,0,33311,0,0,33310,8350,5,32408,0,0,32350,4610,241,33290,8881,0,33301,0,0,132105,11270,4;
33539672500;1119470,44904,1,7324,367,-28,34532,8924,17,34452,4586,173,132037,0,0,33311,0,0,33310,8351,5,32408,0,0,32350,4610,242,33290,8879,0,33301,0,0,132105,11267,4;
33639886600;1119570,44904,1,7319,365,-25,34532,8923,17,34452,4586,174,132037,0,0,33311,0,0,33310,8352,5,32408,0,0,32350,4610,242,33290,8879,0,33301,0,0,132105,11269,4;
33735162900;1119666,44904,1,7321,368,-28,34532,8922,17,34452,4586,175,132037,0,0,33311,0,0,33310,8350,5,32408,0,0,32350,4610,243,33290,8882,0,33301,0,0,132105,11271,4;
33837646500;1119768,44904,1,7319,365,-25,34532,8923,17,34452,4586,176,132037,0,0,33311,0,0,33310,8352,5,32408,0,0,32350,4609,242,33290,8879,0,33301,0,0,132105,11271,4;
33938998600;1119869,44904,1,7316,364,-22,34532,8922,17,34452,4585,176,132037,0,0,33311,0,0,33310,8352,5,32408,0,0,32350,4609,243,33290,8880,0,33301,0,0,132105,11270,4;
34039131800;1119969,44904,1,7238,298,44,34532,8924,17,34452,4586,175,132037,0,0,33311,0,0,33310,8386,5,32408,0,0,32350,4610,243,33290,8882,0,33301,0,0,132105,11271,4;
34140619700;1120071,44904,1,7313,364,-23,34532,8921,17,34452,4586,176,132037,0,0,33311,0,0,33310,8352,5,32408,0,0,32350,4610,244,33290,8882,0,33301,0,0,132105,11269,4;
34235041100;1120166,44904,1,7316,363,-20,34532,8922,17,34452,4584,175,132037,0,0,33311,0,0,33310,8352,5,32408,0,0,32350,4608,243,33290,8877,0,33301,0,0,132105,11271,4;
34339633600;1120270,44904,1,7319,362,-22,34532,8924,17,34452,4585,173,132037,0,0,33311,0,0,33310,8353,5,32408,0,0,32350,4610,244,33290,8880,0,33301,0,0,132105,11269,4;
34438579700;1120369,44904,1,7314,362,-20,34532,8922,18,34452,4585,174,132037,0,0,33311,0,0,33310,8353,5,32408,0,0,32350,4609,244,33290,8876,0,33301,0,0,132105,11267,4;
34540116800;1120471,44904,1,7321,366,-25,34532,8923,17,34452,4585,175,132037,0,0,33311,0,0,33310,8351,5,32408,0,0,32350,4610,246,33290,8877,0,33301,0,0,132105,11270,4;
34635874000;1120566,44904,1,7319,364,-23,34532,8923,18,34452,4585,175,132037,0,0,33311,0,0,33310,8352,5,32408,0,0,32350,4609,246,33290,8879,0,33301,0,0,132105,11266,4;
34739857600;1120670,44904,1,7313,364,-23,34532,8921,18,34452,4586,174,132037,0,0,33311,0,0,33310,8352,4,32408,0,0,32350,4610,246,33290,8879,0,33301,0,0,132105,11268,4;
34839833600;1120770,44904,1,7319,365,-25,34532,8923,18,34452,4586,176,132037,0,0,33311,0,0,33310,8352,4,32408,0,0,32350,4609,245,33290,8877,0,33301,0,0,132105,11269,4;
34940372500;1120871,44904,1,7317,360,-20,34532,8924,17,34452,4585,173,132037,0,0,33311,0,0,33310,8354,4,32408,0,0,32350,4610,243,33290,8880,0,33301,0,0,132105,11269,4;
35036023500;1120967,44904,1,7314,362,-22,34532,8922,17,34452,4586,172,132037,0,0,33311,0,0,33310,8353,4,32408,0,0,32350,4610,241,33290,8882,0,33301,0,0,132105,11271,4;
35139085100;1121069,44904,1,7313,364,-23,34532,8921,18,34452,4586,174,132037,0,0,33311,0,0,33310,8352,4,32408,0,0,32350,4610,241,33290,8877,0,33301,0,0,132105,11267,4;
35341314700;1121272,44904,1,7322,363,-23,34532,8925,18,34452,4585,173,132037,0,0,33311,0,0,33310,8353,4,32408,0,0,32350,4609,235,33290,8877,0,33301,0,0,132105,11270,4;
35440241400;1121371,44904,1,7309,357,-17,34532,8923,18,34452,4586,172,132037,0,0,33311,0,0,33310,8356,4,32408,0,0,32350,4609,233,33290,8877,0,33301,0,0,132105,11268,4;
35536385000;1121467,44904,1,7319,365,-24,34532,8922,18,34452,4585,175,132037,0,0,33311,0,0,33310,8351,4,32408,0,0,32350,4609,232,33290,8877,0,33301,0,0,132105,11268,4;
35639739300;1121571,44904,1,7319,365,-25,34532,8923,18,34452,4586,174,132037,0,0,33311,0,0,33310,8352,4,32408,0,0,32350,4609,230,33290,8879,0,33301,0,0,132105,11269,4;
35739457500;1121670,44904,1,7311,361,-19,34532,8921,18,34452,4585,176,132037,0,0,33311,0,0,33310,8353,4,32408,0,0,32350,4610,232,33290,8877,0,33301,0,0,132105,11268,4;
35840329000;1121771,44904,1,7319,364,-23,34532,8923,18,34452,4585,174,132037,0,0,33311,0,0,33310,8352,4,32408,0,0,32350,4610,233,33290,8877,0,33301,0,0,132105,11268,4;
35940295300;1121871,44904,1,7319,364,-23,34532,8923,17,34452,4585,171,132037,0,0,33311,0,0,33310,8352,4,32408,0,0,32350,4610,232,33290,8879,0,33301,0,0,132105,11271,4;
36138803600;1122069,44904,1,7324,363,-24,34532,8926,18,34452,4585,171,132037,0,0,33311,0,0,33310,8353,4,32408,0,0,32350,4609,234,33290,8880,0,33301,0,0,132105,11269,4;
36239353500;1122170,44904,1,7316,364,-24,34532,8922,17,34452,4586,169,132037,0,0,33311,0,0,33310,8352,4,32408,0,0,32350,4610,235,33290,8883,0,33301,0,0,132105,11268,4;
36340753400;1122272,44904,1,7308,363,-19,34532,8919,17,34452,4585,170,132037,0,0,33311,0,0,33310,8352,4,32408,0,0,32350,4609,234,33290,8879,0,33301,0,0,132105,11268,4;
36435004700;1122366,44904,1,7313,363,-21,34532,8921,18,34452,4585,171,132037,0,0,33311,0,0,33310,8352,4,32408,0,0,32350,4609,235,33290,0,0,33301,0,0,132105,11269,4;
36537896400;1122468,44904,1,7319,362,-22,34532,8924,18,34452,4585,173,132037,0,0,33311,0,0,33310,8353,4,32408,0,0,32350,4610,240,33290,8882,0,33301,0,0,132105,11268,4;
36639364400;1122570,44904,1,7321,366,-25,34532,8923,18,34452,4585,174,132037,0,0,33311,0,0,33310,8351,4,32408,0,0,32350,4610,243,33290,8880,0,33301,0,0,132105,11270,4;
36834834100;1122765,44904,1,7319,365,-24,34532,8922,17,34452,4585,173,132037,0,0,33311,0,0,33310,8351,4,32408,0,0,32350,4610,247,33290,8878,0,33301,0,0,132105,11270,4;
36937765500;1122869,44904,1,7318,369,-26,34532,8920,17,34452,4585,171,132037,0,0,33311,0,0,33310,8349,4,32408,0,0,32350,4610,242,33290,8880,0,33301,0,0,132105,11269,4;
