913714600;635221,44904,1,6069,328,101,34532,8595,21,34452,4985,159,132037,0,0,33311,14403,0,33310,8504,6,32408,0,0,32350,4993,198,33290,8561,3,33301,0,0,132105,10217,5;
1008033800;635316,44904,1,6072,325,102,34532,8598,21,34452,4985,156,132037,0,0,33311,14389,0,33310,8506,6,32408,0,0,32350,4994,200,33290,8562,3,33301,0,0,132105,10217,5;
1111142400;635418,44904,1,6072,323,105,34532,8599,21,34452,4984,154,132037,0,0,33311,14385,0,33310,8507,6,32408,0,0,32350,4995,203,33290,8561,3,33301,0,0,132105,10215,6;
1212280900;635519,44904,1,6067,322,108,34532,8597,21,34452,4984,155,132037,0,0,33311,14373,0,33310,8507,6,32408,0,0,32350,4995,205,33290,8560,3,33301,0,0,132105,10215,5;
1312905400;635620,44904,1,6062,322,110,34532,8595,21,34452,4985,155,132037,0,0,33311,14399,0,33310,8507,6,32408,0,0,32350,4995,203,33290,8561,3,33301,0,0,132105,10217,5;
1408848800;635716,44904,1,6067,325,105,34532,8596,21,34452,4985,157,132037,0,0,33311,14393,0,33310,8506,6,32408,0,0,32350,4996,206,33290,8560,3,33301,0,0,132105,10220,5;
1511335000;635819,44904,1,6064,323,109,34532,8595,21,34452,4984,154,132037,0,0,33311,14384,0,33310,8506,6,32408,0,0,32350,4994,203,33290,8562,3,33301,0,0,132105,10219,5;
1611533100;635919,44904,1,6072,328,101,34532,8596,21,34452,4984,153,132037,0,0,33311,14400,0,33310,8504,6,32408,0,0,32350,4994,205,33290,8563,3,33301,0,0,132105,10219,5;
1712908500;636020,44904,1,6072,327,100,34532,8597,21,34452,4985,154,132037,0,0,33311,14395,0,33310,8505,6,32408,0,0,32350,4995,206,33290,8562,3,33301,0,0,132105,10217,5;
1808418500;636116,44904,1,6072,324,103,34532,8598,21,34452,4984,155,132037,0,0,33311,14390,0,33310,8506,6,32408,0,0,32350,4995,200,33290,8562,3,33301,0,0,132105,10220,5;
1911375400;636219,44904,1,6067,321,110,34532,8597,21,34452,4983,155,132037,0,0,33311,14413,0,33310,8507,6,32408,0,0,32350,4996,202,33290,8561,3,33301,0,0,132105,10220,5;
2011488600;636320,44904,1,6067,325,105,34532,8596,21,34452,4985,159,132037,0,0,33311,14399,0,33310,8506,6,32408,0,0,32350,4993,200,33290,8562,3,33301,0,0,132105,10218,6;
2112228500;636420,44904,1,6069,324,105,34532,8597,21,34452,4984,159,132037,0,0,33311,14414,0,33310,8506,6,32408,0,0,32350,4994,189,33290,8561,3,33301,0,0,132105,10221,5;
2212793700;636521,44904,1,6071,329,99,34532,8596,21,34452,4985,162,132037,0,0,33311,14428,0,33310,8504,6,32408,0,0,32350,4994,191,33290,8562,3,33301,0,0,132105,10217,6;
2309831000;636618,44904,1,6069,322,106,34532,8598,21,34452,4984,164,132037,0,0,33311,14397,0,33310,8507,6,32408,0,0,32350,4994,199,33290,8562,3,33301,0,0,132105,10216,6;
2411719900;636719,44904,1,6059,323,110,34532,8594,21,34452,4986,166,132037,0,0,33311,14384,0,33310,8507,6,32408,0,0,32350,4995,208,33290,8563,3,33301,0,0,132105,10217,6;
2513378100;636821,44904,1,6069,327,102,34532,8596,21,34452,4985,168,132037,0,0,33311,14388,0,33310,8505,6,32408,0,0,32350,4995,209,33290,8561,3,33301,0,0,132105,10217,6;
2612095700;636920,44904,1,6062,323,108,34532,8595,22,34452,4986,168,132037,0,0,33311,14382,0,33310,8507,6,32408,0,0,32350,4995,200,33290,8560,3,33301,0,0,132105,10218,5;
2713666300;637021,44904,1,6059,320,113,34532,8595,22,34452,4985,168,132037,0,0,33311,14376,0,33310,8508,6,32408,0,0,32350,4994,195,33290,8561,3,33301,0,0,132105,10219,6;
2809110000;637118,44904,1,6062,321,111,34532,8596,22,34452,4985,165,132037,0,0,33311,14378,0,33310,8508,6,32408,0,0,32350,4995,192,33290,8561,3,33301,0,0,132105,10219,6;
2910006000;637218,44904,1,6067,323,106,34532,8597,22,34452,4985,162,132037,0,0,33311,14375,0,33310,8507,6,32408,0,0,32350,4993,189,33290,8561,3,33301,0,0,132105,10218,6;
3011546100;637320,44904,1,6064,323,109,34532,8595,22,34452,4984,157,132037,0,0,33311,14378,0,33310,8506,6,32408,0,0,32350,4993,188,33290,8562,3,33301,0,0,132105,10218,6;
3112522700;637421,44904,1,5966,514,-237,34532,8594,22,34452,4985,156,132037,0,0,33311,14368,0,33310,0,0,32408,0,0,32350,4994,191,33290,8560,3,33301,0,0,132105,10217,5;
3208542100;637516,44904,1,6074,329,98,34532,8597,21,34452,4985,155,132037,0,0,33311,14371,0,33310,8504,6,32408,0,0,32350,4994,191,33290,8560,3,33301,0,0,132105,10216,6;
3308765700;637617,44904,1,6067,324,107,34532,8596,21,34452,4984,152,132037,0,0,33311,14379,0,33310,8506,6,32408,0,0,32350,4994,193,33290,8559,3,33301,0,0,132105,10219,5;
3411452000;637720,44904,1,6064,324,107,34532,8595,22,34452,4985,151,132037,0,0,33311,14377,0,33310,8506,6,32408,0,0,32350,4995,197,33290,8561,3,33301,0,0,132105,10216,6;
3512359700;637820,44904,1,6069,325,103,34532,8597,22,34452,4985,152,132037,0,0,33311,14370,0,33310,8506,6,32408,0,0,32350,4994,195,33290,0,0,33301,0,0,132105,10218,6;
3608328800;637917,44904,1,6064,324,107,34532,8595,22,34452,4985,152,132037,0,0,33311,14371,0,33310,8506,6,32408,0,0,32350,4993,188,33290,8558,3,33301,0,0,132105,10218,5;
3709539200;638018,44904,1,6062,324,109,34532,8594,22,34452,4985,154,132037,0,0,33311,14363,0,33310,8506,6,32408,0,0,32350,4994,190,33290,8560,3,33301,0,0,132105,10217,5;
3808827500;638118,44904,1,6150,394,6,34532,8595,22,34452,4985,154,132037,0,0,33311,14376,0,33310,8471,6,32408,0,0,32350,4994,189,33290,8559,3,33301,0,0,132105,10216,6;
3910138000;638218,44904,1,6064,321,109,34532,8597,21,34452,4985,155,132037,0,0,33311,14401,0,33310,8508,6,32408,0,0,32350,4994,192,33290,8563,3,33301,0,0,132105,10218,5;
4010084500;638319,44904,1,6054,319,119,34532,8593,22,34452,4984,161,132037,0,0,33311,14386,0,33310,8508,6,32408,0,0,32350,4994,201,33290,8560,3,33301,0,0,132105,10218,6;
4112365300;638421,44904,1,6052,316,121,34532,8594,22,34452,4985,161,132037,0,0,33311,14379,0,33310,8510,6,32408,0,0,32350,4995,201,33290,8561,3,33301,0,0,132105,10216,6;
4206854700;638515,44904,1,6059,319,114,34532,8596,22,34452,4985,160,132037,0,0,33311,14384,0,33310,8509,6,32408,0,0,32350,4994,200,33290,8560,3,33301,0,0,132105,10218,6;
4310785600;638619,44904,1,6057,320,115,34532,8594,22,34452,4985,155,132037,0,0,33311,14369,0,33310,8508,6,32408,0,0,32350,4994,197,33290,8560,3,33301,0,0,132105,10219,6;
4410281100;638719,44904,1,6059,321,114,34532,8594,22,34452,4984,153,132037,0,0,33311,14378,0,33310,8507,6,32408,0,0,32350,4993,192,33290,8560,3,33301,0,0,132105,10220,6;
4512407700;638820,44904,1,6074,329,98,34532,8597,22,34452,4985,155,132037,0,0,33311,14369,0,33310,8504,6,32408,0,0,32350,4994,195,33290,8561,3,33301,0,0,132105,10216,6;
4607615700;638916,44904,1,6062,319,112,34532,8597,22,34452,4985,153,132037,0,0,33311,14384,0,33310,8509,6,32408,0,0,32350,4994,198,33290,8560,3,33301,0,0,132105,10222,6;
4710133900;639019,44904,1,6062,321,111,34532,8596,21,34452,4985,152,132037,0,0,33311,14401,0,33310,8508,6,32408,0,0,32350,4994,198,33290,8558,3,33301,0,0,132105,10219,5;
4813764200;639122,44904,1,6059,318,116,34532,8596,21,34452,4984,149,132037,0,0,33311,14396,0,33310,8509,6,32408,0,0,32350,4994,193,33290,8561,3,33301,0,0,132105,10218,6;
4911555100;639220,44904,1,6064,318,112,34532,8598,21,34452,4984,147,132037,0,0,33311,14410,0,33310,8509,6,32408,0,0,32350,4993,195,33290,8562,3,33301,0,0,132105,10216,5;
5006975900;639315,44904,1,6052,315,123,34532,8594,21,34452,4984,150,132037,0,0,33311,14384,0,33310,8510,6,32408,0,0,32350,4994,199,33290,8563,3,33301,0,0,132105,10219,6;
5112117100;639420,44904,1,5990,473,-154,34532,8596,21,34452,4984,148,132037,0,0,33311,14393,0,33310,0,0,32408,0,0,32350,4993,187,33290,8562,3,33301,0,0,132105,10216,6;
5212030800;639520,44904,1,6064,323,108,34532,8596,22,34452,4985,152,132037,0,0,33311,14392,0,33310,8507,6,32408,0,0,32350,4994,190,33290,8563,3,33301,0,0,132105,10222,6;
5311503700;639620,44904,1,6069,323,105,34532,8598,21,34452,4985,151,132037,0,0,33311,14397,0,33310,8507,6,32408,0,0,32350,4993,189,33290,8560,3,33301,0,0,132105,10219,6;
5407710700;639717,44904,1,6064,321,109,34532,8597,21,34452,4985,153,132037,0,0,33311,14401,0,33310,8508,6,32408,0,0,32350,4994,189,33290,8562,3,33301,0,0,132105,10218,6;
5509475500;639818,44904,1,6074,327,99,34532,8598,21,34452,4985,151,132037,0,0,33311,14396,0,33310,8505,6,32408,0,0,32350,4993,197,33290,8564,3,33301,0,0,132105,10218,6;
5610874300;639919,44904,1,6079,331,93,34532,8598,21,34452,4985,154,132037,0,0,33311,14390,0,33310,8503,6,32408,0,0,32350,4994,212,33290,8563,3,33301,0,0,132105,10217,5;
5710950000;640019,44904,1,6069,327,102,34532,8596,21,34452,4985,155,132037,0,0,33311,14381,0,33310,8505,6,32408,0,0,32350,4994,203,33290,8562,3,33301,0,0,132105,10217,6;
5811036200;640119,44904,1,6067,326,104,34532,8595,21,34452,4985,152,132037,0,0,33311,14402,0,33310,8505,6,32408,0,0,32350,4993,196,33290,8562,3,33301,0,0,132105,10220,5;
5907397000;640216,44904,1,6077,330,97,34532,8597,21,34452,4984,152,132037,0,0,33311,14400,0,33310,8503,6,32408,0,0,32350,4993,193,33290,8560,3,33301,0,0,132105,10217,6;
6009118800;640318,44904,1,6074,327,99,34532,8598,21,34452,4985,148,132037,0,0,33311,14386,0,33310,8505,6,32408,0,0,32350,4994,200,33290,8561,3,33301,0,0,132105,10216,6;
6110810800;640419,44904,1,6064,323,108,34532,8596,21,34452,4985,148,132037,0,0,33311,14391,0,33310,8507,6,32408,0,0,32350,4994,201,33290,8562,3,33301,0,0,132105,10218,6;
6212310400;640520,44904,1,6059,322,112,34532,8594,21,34452,4985,147,132037,0,0,33311,14395,0,33310,8507,6,32408,0,0,32350,4994,200,33290,8561,3,33301,0,0,132105,10217,5;
6312286500;640621,44904,1,6062,324,109,34532,8594,21,34452,4985,150,132037,0,0,33311,14376,0,33310,8506,6,32408,0,0,32350,4994,203,33290,8561,3,33301,0,0,132105,10218,6;
6413948100;640722,44904,1,5968,511,-234,34532,8596,21,34452,4985,148,132037,0,0,33311,14371,0,33310,0,0,32408,0,0,32350,4995,207,33290,8561,3,33301,0,0,132105,10218,6;
6507892700;640817,44904,1,6067,321,107,34532,8598,22,34452,4985,148,132037,0,0,33311,14378,0,33310,8508,6,32408,0,0,32350,4994,203,33290,8560,3,33301,0,0,132105,10218,6;
6609226200;640918,44904,1,6074,328,99,34532,8597,22,34452,4984,147,132037,0,0,33311,14388,0,33310,8504,6,32408,0,0,32350,4996,202,33290,8559,3,33301,0,0,132105,10216,6;
6711304100;641020,44904,1,6064,321,109,34532,8597,22,34452,4985,147,132037,0,0,33311,14390,0,33310,8508,6,32408,0,0,32350,4993,195,33290,8561,3,33301,0,0,132105,10216,6;
6811844700;641120,44904,1,6057,322,114,34532,8593,21,34452,4985,146,132037,0,0,33311,14384,0,33310,8507,6,32408,0,0,32350,4994,199,33290,8560,3,33301,0,0,132105,10219,6;
6908081500;641217,44904,1,6069,327,102,34532,8596,21,34452,4985,146,132037,0,0,33311,14374,0,33310,8505,6,32408,0,0,32350,4994,195,33290,8562,3,33301,0,0,132105,10217,6;
7009116500;641318,44904,1,6069,324,105,34532,8597,21,34452,4984,146,132037,0,0,33311,14387,0,33310,8506,6,32408,0,0,32350,4994,198,33290,8562,3,33301,0,0,132105,10218,6;
7110730200;641420,44904,1,6054,316,119,34532,8595,21,34452,4985,148,132037,0,0,33311,14396,0,33310,8510,6,32408,0,0,32350,4995,199,33290,8563,3,33301,0,0,132105,10218,6;
7207730900;641517,44904,1,6064,321,109,34532,8597,20,34452,4985,150,132037,0,0,33311,14403,0,33310,8508,6,32408,0,0,32350,4995,198,33290,8559,3,33301,0,0,132105,10218,5;
7307593300;641617,44904,1,6067,322,106,34532,8598,21,34452,4986,149,132037,0,0,33311,14393,0,33310,8508,6,32408,0,0,32350,4995,207,33290,0,0,33301,0,0,132105,10219,6;
7412506700;641721,44904,1,6072,324,103,34532,8598,21,34452,4984,148,132037,0,0,33311,14385,0,33310,8506,6,32408,0,0,32350,4994,199,33290,8561,3,33301,0,0,132105,10218,6;
7511191100;641820,44904,1,6069,326,104,34532,8596,21,34452,4984,146,132037,0,0,33311,14381,0,33310,8505,6,32408,0,0,32350,4993,202,33290,8563,3,33301,0,0,132105,10217,6;
7607672800;641916,44904,1,6067,322,108,34532,8597,21,34452,4984,148,132037,0,0,33311,14390,0,33310,8507,6,32408,0,0,32350,4994,197,33290,8562,3,33301,0,0,132105,10218,6;
7709969600;642019,44904,1,6062,321,111,34532,8596,21,34452,4985,151,132037,0,0,33311,14384,0,33310,8508,6,32408,0,0,32350,4994,195,33290,8561,3,33301,0,0,132105,10218,6;
7809955700;642119,44904,1,6054,315,121,34532,8595,21,34452,4984,153,132037,0,0,33311,14371,0,33310,8510,6,32408,0,0,32350,4994,190,33290,8562,3,33301,0,0,132105,10214,5;
7914052900;642221,44904,1,6072,325,102,34532,8598,21,34452,4985,157,132037,0,0,33311,14403,0,33310,8506,6,32408,0,0,32350,4993,178,33290,8563,3,33301,0,0,132105,10218,5;
8007072500;642316,44904,1,5994,467,-144,34532,8598,21,34452,4985,159,132037,0,0,33311,14398,0,33310,0,0,32408,0,0,32350,4993,170,33290,8562,3,33301,0,0,132105,10218,5;
8109490700;642418,44904,1,6067,325,105,34532,8596,21,34452,4985,157,132037,0,0,33311,14404,0,33310,8506,6,32408,0,0,32350,4993,176,33290,8563,3,33301,0,0,132105,10216,5;
8210594300;642519,44904,1,6069,324,105,34532,8597,21,34452,4984,156,132037,0,0,33311,14371,0,33310,8506,6,32408,0,0,32350,4994,182,33290,8561,3,33301,0,0,132105,10218,5;
8311119800;642620,44904,1,6069,325,103,34532,8597,21,34452,4985,153,132037,0,0,33311,14388,0,33310,8506,6,32408,0,0,32350,4993,184,33290,8563,3,33301,0,0,132105,10220,5;
8406202200;642715,44904,1,6069,325,103,34532,8597,22,34452,4985,158,132037,0,0,33311,14377,0,33310,8506,6,32408,0,0,32350,4995,195,33290,8561,3,33301,0,0,132105,10218,6;
8507705500;642817,44904,1,6077,326,98,34532,8600,22,34452,4985,160,132037,0,0,33311,14374,0,33310,8506,6,32408,0,0,32350,4994,195,33290,8561,3,33301,0,0,132105,10216,5;
8609083900;642918,44904,1,5980,490,-191,34532,8597,22,34452,4984,160,132037,0,0,33311,14384,0,33310,0,0,32408,0,0,32350,4994,189,33290,8558,3,33301,0,0,132105,10218,5;
8709907900;643019,44904,1,6067,323,106,34532,8597,22,34452,4985,161,132037,0,0,33311,14376,0,33310,8507,6,32408,0,0,32350,4995,193,33290,8560,3,33301,0,0,132105,10217,6;
8811201200;643120,44904,1,6067,326,104,34532,8595,21,34452,4985,159,132037,0,0,33311,14389,0,33310,8505,6,32408,0,0,32350,4994,195,33290,8561,3,33301,0,0,132105,10216,5;
8909566900;643218,44904,1,6079,331,93,34532,8598,21,34452,4985,156,132037,0,0,33311,14398,0,33310,8503,6,32408,0,0,32350,4993,196,33290,8559,3,33301,0,0,132105,10216,5;
9007517700;643316,44904,1,6160,397,-1,34532,8598,22,34452,4985,161,132037,0,0,33311,14375,0,33310,8470,6,32408,0,0,32350,4993,200,33290,8559,3,33301,0,0,132105,10220,6;
9107613700;643417,44904,1,6061,325,107,34532,8594,22,34452,4986,160,132037,0,0,33311,14379,0,33310,8506,6,32408,0,0,32350,4995,201,33290,8559,3,33301,0,0,132105,10220,5;
9207992600;643517,44904,1,6066,326,103,34532,8596,21,34452,4986,158,132037,0,0,33311,14390,0,33310,8506,6,32408,0,0,32350,4994,197,33290,0,0,33301,0,0,132105,10217,5;
9310078300;643619,44904,1,6069,326,101,34532,8597,21,34452,4986,156,132037,0,0,33311,14411,0,33310,8506,6,32408,0,0,32350,4994,196,33290,8561,3,33301,0,0,132105,10220,5;
9408813800;643717,44904,1,6062,323,108,34532,8595,22,34452,4986,158,132037,0,0,33311,14376,0,33310,8507,6,32408,0,0,32350,4994,201,33290,8559,3,33301,0,0,132105,10218,5;
9509761700;643819,44904,1,6071,329,99,34532,8596,21,34452,4985,157,132037,0,0,33311,14375,0,33310,8504,6,32408,0,0,32350,4994,196,33290,8561,3,33301,0,0,132105,10218,5;
9610705300;643919,44904,1,6069,323,105,34532,8598,21,34452,4985,157,132037,0,0,33311,14406,0,33310,8507,6,32408,0,0,32350,4994,192,33290,8562,3,33301,0,0,132105,10217,5;
9706445000;644016,44904,1,5975,494,-199,34532,8596,21,34452,4985,160,132037,0,0,33311,14380,0,33310,0,0,32408,0,0,32350,4994,195,33290,8563,3,33301,0,0,132105,10215,5;
9807407300;644117,44904,1,5969,503,-221,34532,8597,21,34452,4985,159,132037,0,0,33311,14375,0,33310,0,0,32408,0,0,32350,4994,194,33290,0,0,33301,0,0,132105,10216,5;
9909358500;644219,44904,1,6069,323,105,34532,8598,21,34452,4985,159,132037,0,0,33311,14389,0,33310,8507,6,32408,0,0,32350,4994,193,33290,8563,3,33301,0,0,132105,10217,5;
10011612400;644321,44904,1,6069,325,103,34532,8597,21,34452,4985,160,132037,0,0,33311,14383,0,33310,8506,6,32408,0,0,32350,4994,192,33290,8563,3,33301,0,0,132105,10217,5;
10105186500;644415,44904,1,6064,323,108,34532,8596,21,34452,4985,160,132037,0,0,33311,14379,0,33310,8507,6,32408,0,0,32350,4993,193,33290,8563,3,33301,0,0,132105,10218,5;
10208130500;644517,44904,1,6069,325,103,34532,8597,21,34452,4985,161,132037,0,0,33311,14392,0,33310,8506,6,32408,0,0,32350,4994,198,33290,8561,3,33301,0,0,132105,10218,6;
10309414400;644619,44904,1,6069,325,103,34532,8597,22,34452,4985,161,132037,0,0,33311,14374,0,33310,8506,6,32408,0,0,32350,4994,200,33290,8562,3,33301,0,0,132105,10217,6;
10410667600;644720,44904,1,6064,323,109,34532,8595,21,34452,4984,161,132037,0,0,33311,14383,0,33310,8506,6,32408,0,0,32350,4995,199,33290,8562,3,33301,0,0,132105,10217,6;
10505310600;644815,44904,1,6074,328,97,34532,8598,21,34452,4986,161,132037,0,0,33311,14388,0,33310,8505,6,32408,0,0,32350,4993,194,33290,8561,3,33301,0,0,132105,10219,6;
10609096800;644918,44904,1,6062,322,109,34532,8596,22,34452,4986,162,132037,0,0,33311,14389,0,33310,8508,6,32408,0,0,32350,4994,194,33290,8562,3,33301,0,0,132105,10219,5;
10709668000;645019,44904,1,6069,324,103,34532,8598,22,34452,4986,161,132037,0,0,33311,14396,0,33310,8507,6,32408,0,0,32350,4993,194,33290,8561,3,33301,0,0,132105,10218,6;
10810567200;645119,44904,1,6071,330,97,34532,8596,21,34452,4986,159,132037,0,0,33311,14387,0,33310,8504,6,32408,0,0,32350,4995,201,33290,8562,3,33301,0,0,132105,10216,6;
10910545200;645220,44904,1,6155,395,1,34532,8597,21,34452,4986,158,132037,0,0,33311,14393,0,33310,8471,6,32408,0,0,32350,4994,202,33290,8562,3,33301,0,0,132105,10218,6;
11007141400;645316,44904,1,6064,320,111,34532,8597,22,34452,4984,157,132037,0,0,33311,14387,0,33310,8508,6,32408,0,0,32350,4995,209,33290,8561,3,33301,0,0,132105,10217,5;
11109654500;645419,44904,1,6077,330,97,34532,8597,21,34452,4984,154,132037,0,0,33311,14408,0,33310,8503,6,32408,0,0,32350,4995,211,33290,8562,3,33301,0,0,132105,10217,5;
11209717200;645519,44904,1,6069,328,100,34532,8596,21,34452,4986,156,132037,0,0,33311,14408,0,33310,8505,6,32408,0,0,32350,4994,206,33290,8562,3,33301,0,0,132105,10216,5;
11310671700;645620,44904,1,6072,325,102,34532,8598,21,34452,4985,157,132037,0,0,33311,14405,0,33310,8506,6,32408,0,0,32350,4994,205,33290,8561,3,33301,0,0,132105,10216,5;
11405471600;645715,44904,1,6002,448,-104,34532,8598,21,34452,4985,156,132037,0,0,33311,14408,0,33310,0,0,32408,0,0,32350,4995,206,33290,0,0,33301,0,0,132105,10214,6;
11507440400;645817,44904,1,6067,325,105,34532,8596,21,34452,4985,155,132037,0,0,33311,14406,0,33310,8506,6,32408,0,0,32350,4994,204,33290,8561,3,33301,0,0,132105,10219,6;
11609442600;645919,44904,1,6009,455,-112,34532,8597,21,34452,4986,156,132037,0,0,33311,14407,0,33310,0,0,32408,0,0,32350,4994,198,33290,8561,3,33301,0,0,132105,10222,6;
11709774500;646019,44904,1,6064,327,104,34532,8594,22,34452,4986,157,132037,0,0,33311,14401,0,33310,8505,6,32408,0,0,32350,4994,192,33290,8558,3,33301,0,0,132105,10219,5;
11806446000;646116,44904,1,6069,324,103,34532,8598,21,34452,4986,155,132037,0,0,33311,14393,0,33310,8507,6,32408,0,0,32350,4994,194,33290,8559,3,33301,0,0,132105,10218,5;
11909479900;646219,44904,1,6069,328,100,34532,8596,22,34452,4986,157,132037,0,0,33311,14395,0,33310,8505,6,32408,0,0,32350,4994,197,33290,8561,3,33301,0,0,132105,10220,5;
12009732000;646319,44904,1,6155,394,2,34532,8597,22,34452,4985,156,132037,0,0,33311,14418,0,33310,8471,6,32408,0,0,32350,4993,197,33290,8561,3,33301,0,0,132105,10218,5;
12105372400;646415,44904,1,6071,328,99,34532,8597,22,34452,4986,156,132037,0,0,33311,14386,0,33310,8505,6,32408,0,0,32350,4994,200,33290,8562,3,33301,0,0,132105,10218,5;
12207797500;646517,44904,1,6057,320,115,34532,8594,21,34452,4985,153,132037,0,0,33311,14443,0,33310,8508,6,32408,0,0,32350,4996,204,33290,8560,3,33301,0,0,132105,10219,5;
12308856800;646618,44904,1,6069,325,103,34532,8597,21,34452,4985,157,132037,0,0,33311,14396,0,33310,8506,6,32408,0,0,32350,4994,209,33290,8560,3,33301,0,0,132105,10217,5;
12410651200;646720,44904,1,6064,325,105,34532,8595,21,34452,4986,158,132037,0,0,33311,14397,0,33310,8506,6,32408,0,0,32350,4994,203,33290,8560,3,33301,0,0,132105,10218,5;
12505268200;646815,44904,1,6064,324,106,34532,8596,22,34452,4986,159,132037,0,0,33311,14410,0,33310,8507,6,32408,0,0,32350,4995,204,33290,8561,3,33301,0,0,132105,10216,5;
12607850100;646917,44904,1,6062,319,112,34532,8597,21,34452,4985,158,132037,0,0,33311,14402,0,33310,8509,6,32408,0,0,32350,4994,199,33290,8560,3,33301,0,0,132105,10216,5;
12708496500;647018,44904,1,6147,391,8,34532,8596,21,34452,4986,159,132037,0,0,33311,14384,0,33310,8473,6,32408,0,0,32350,4994,198,33290,8561,3,33301,0,0,132105,10216,5;
12809396000;647119,44904,1,6059,322,112,34532,8594,21,34452,4985,159,132037,0,0,33311,14396,0,33310,8507,6,32408,0,0,32350,4995,207,33290,8562,3,33301,0,0,132105,10219,5;
12910741400;647220,44904,1,6155,394,2,34532,8598,21,34452,4986,160,132037,0,0,33311,14401,0,33310,8472,6,32408,0,0,32350,4995,214,33290,8560,3,33301,0,0,132105,10216,5;
13006159000;647316,44904,1,6062,321,111,34532,8596,21,34452,4985,157,132037,0,0,33311,14422,0,33310,8508,6,32408,0,0,32350,4995,209,33290,8561,3,33301,0,0,132105,10217,5;
13108658600;647418,44904,1,6054,316,119,34532,8595,21,34452,4985,158,132037,0,0,33311,14384,0,33310,8510,6,32408,0,0,32350,4995,206,33290,8563,3,33301,0,0,132105,10216,5;
13208094400;647518,44904,1,6064,324,106,34532,8596,21,34452,4986,154,132037,0,0,33311,14423,0,33310,8507,6,32408,0,0,32350,4995,200,33290,8563,3,33301,0,0,132105,10218,5;
13309898500;647619,44904,1,6064,324,106,34532,8596,21,34452,4986,154,132037,0,0,33311,14396,0,33310,8507,6,32408,0,0,32350,4995,196,33290,8564,3,33301,0,0,132105,10220,5;
13405276500;647715,44904,1,6064,323,109,34532,8595,21,34452,4984,157,132037,0,0,33311,14386,0,33310,8506,6,32408,0,0,32350,4994,199,33290,8561,3,33301,0,0,132105,10218,6;
13509191300;647819,44904,1,6074,329,98,34532,8597,21,34452,4985,157,132037,0,0,33311,14397,0,33310,8504,6,32408,0,0,32350,4995,203,33290,8561,3,33301,0,0,132105,10218,5;
13609099900;647919,44904,1,6067,326,104,34532,8595,21,34452,4985,158,132037,0,0,33311,14375,0,33310,8505,6,32408,0,0,32350,4994,199,33290,8563,3,33301,0,0,132105,10220,5;
13709323000;648019,44904,1,6067,325,105,34532,8596,21,34452,4985,157,132037,0,0,33311,14390,0,33310,8506,6,32408,0,0,32350,4994,193,33290,8563,3,33301,0,0,132105,10218,5;
13805650400;648116,44904,1,6054,320,117,34532,8593,21,34452,4985,157,132037,0,0,33311,14396,0,33310,8508,6,32408,0,0,32350,4995,191,33290,8561,3,33301,0,0,132105,10218,5;
13906339900;648217,44904,1,6062,322,110,34532,8595,21,34452,4985,156,132037,0,0,33311,14381,0,33310,8507,6,32408,0,0,32350,4994,194,33290,8560,3,33301,0,0,132105,10218,5;
14008335900;648318,44904,1,6057,318,116,34532,8595,21,34452,4985,153,132037,0,0,33311,14393,0,33310,8509,6,32408,0,0,32350,4994,191,33290,8564,3,33301,0,0,132105,10219,5;
14108894700;648418,44904,1,6147,394,6,34532,8594,21,34452,4986,154,132037,0,0,33311,14386,0,33310,8471,6,32408,0,0,32350,4994,195,33290,8560,3,33301,0,0,132105,10218,5;
14209968900;648520,44904,1,6069,325,103,34532,8597,22,34452,4985,153,132037,0,0,33311,14391,0,33310,8506,6,32408,0,0,32350,4994,202,33290,8561,3,33301,0,0,132105,10216,6;
14303913600;648614,44904,1,6071,328,99,34532,8597,22,34452,4986,154,132037,0,0,33311,14383,0,33310,8505,6,32408,0,0,32350,4994,208,33290,8561,3,33301,0,0,132105,10216,6;
14407002600;648717,44904,1,6064,324,106,34532,8596,22,34452,4986,154,132037,0,0,33311,14375,0,33310,8507,6,32408,0,0,32350,4994,199,33290,8560,3,33301,0,0,132105,10218,6;
14508490700;648818,44904,1,6152,394,4,34532,8596,21,34452,4985,155,132037,0,0,33311,14382,0,33310,8471,6,32408,0,0,32350,4994,192,33290,8561,3,33301,0,0,132105,10215,6;
14608494400;648918,44904,1,6064,324,107,34532,8595,21,34452,4985,156,132037,0,0,33311,14385,0,33310,8506,6,32408,0,0,32350,4994,189,33290,8561,3,33301,0,0,132105,10218,6;
14709461400;649019,44904,1,6074,329,98,34532,8597,21,34452,4985,159,132037,0,0,33311,14380,0,33310,8504,6,32408,0,0,32350,4993,195,33290,8561,3,33301,0,0,132105,10216,6;
14804526700;649115,44904,1,6150,393,5,34532,8596,21,34452,4986,161,132037,0,0,33311,14386,0,33310,8472,6,32408,0,0,32350,4993,200,33290,8562,3,33301,0,0,132105,10220,6;
14907896300;649218,44904,1,6072,327,100,34532,8597,21,34452,4985,161,132037,0,0,33311,14397,0,33310,8505,6,32408,0,0,32350,4993,192,33290,8561,3,33301,0,0,132105,10218,6;
15006133300;649316,44904,1,6064,324,106,34532,8596,21,34452,4986,162,132037,0,0,33311,14390,0,33310,8507,6,32408,0,0,32350,4994,201,33290,8559,3,33301,0,0,132105,10216,6;
15108023800;649418,44904,1,6071,326,100,34532,8598,21,34452,4986,161,132037,0,0,33311,14391,0,33310,8506,6,32408,0,0,32350,4995,201,33290,8561,3,33301,0,0,132105,10217,6;
15205877000;649515,44904,1,6059,320,112,34532,8596,21,34452,4986,159,132037,0,0,33311,14397,0,33310,8509,6,32408,0,0,32350,4995,201,33290,8562,3,33301,0,0,132105,10218,5;
15306058800;649616,44904,1,6059,323,110,34532,8594,22,34452,4986,160,132037,0,0,33311,14384,0,33310,8507,6,32408,0,0,32350,4994,202,33290,8561,3,33301,0,0,132105,10218,6;
15407490000;649718,44904,1,6150,393,5,34532,8596,21,34452,4986,160,132037,0,0,33311,14398,0,33310,8472,6,32408,0,0,32350,4994,197,33290,8563,3,33301,0,0,132105,10217,5;
15509191500;649819,44904,1,6066,327,102,34532,8595,22,34452,4986,162,132037,0,0,33311,14392,0,33310,8505,6,32408,0,0,32350,4994,197,33290,8561,3,33301,0,0,132105,10216,6;
15604768000;649914,44904,1,6057,320,115,34532,8594,22,34452,4985,162,132037,0,0,33311,14391,0,33310,8508,6,32408,0,0,32350,4994,192,33290,8561,3,33301,0,0,132105,10217,6;
15707147100;650017,44904,1,6067,323,106,34532,8597,22,34452,4985,162,132037,0,0,33311,14396,0,33310,8507,6,32408,0,0,32350,4994,186,33290,8560,3,33301,0,0,132105,10220,5;
15809206300;650119,44904,1,6069,329,99,34532,8595,22,34452,4986,161,132037,0,0,33311,14381,0,33310,8504,6,32408,0,0,32350,4994,189,33290,8560,3,33301,0,0,132105,10217,5;
15908229900;650218,44904,1,6062,321,111,34532,8596,22,34452,4985,160,132037,0,0,33311,14376,0,33310,8508,6,32408,0,0,32350,4994,198,33290,8564,3,33301,0,0,132105,10217,5;
16004558900;650314,44904,1,6069,325,103,34532,8597,21,34452,4985,158,132037,0,0,33311,14376,0,33310,8506,6,32408,0,0,32350,4995,200,33290,8561,3,33301,0,0,132105,10218,6;
16107683600;650417,44904,1,6066,326,103,34532,8596,22,34452,4986,158,132037,0,0,33311,14380,0,33310,8506,6,32408,0,0,32350,4994,199,33290,8561,3,33301,0,0,132105,10217,6;
16208222400;650518,44904,1,6076,331,95,34532,8597,22,34452,4985,156,132037,0,0,33311,14381,0,33310,8503,6,32408,0,0,32350,4994,197,33290,8560,3,33301,0,0,132105,10216,6;
16309106800;650619,44904,1,6059,319,114,34532,8596,22,34452,4985,157,132037,0,0,33311,14380,0,33310,8509,6,32408,0,0,32350,4994,193,33290,8560,3,33301,0,0,132105,10219,5;
16404366600;650714,44904,1,6066,326,103,34532,8596,22,34452,4986,156,132037,0,0,33311,14369,0,33310,8506,6,32408,0,0,32350,4994,191,33290,8561,3,33301,0,0,132105,10217,5;
16508575200;650819,44904,1,6067,323,106,34532,8597,22,34452,4985,156,132037,0,0,33311,14374,0,33310,8507,6,32408,0,0,32350,4994,188,33290,8561,3,33301,0,0,132105,10218,5;
16609521700;650919,44904,1,5954,522,-266,34532,8599,22,34452,4985,157,132037,0,0,33311,14364,0,33310,0,0,32408,0,0,32350,4994,191,33290,8560,3,33301,0,0,132105,10216,6;
16708947400;651019,44904,1,6069,325,103,34532,8597,22,34452,4985,159,132037,0,0,33311,14379,0,33310,8506,6,32408,0,0,32350,4993,185,33290,8562,3,33301,0,0,132105,10217,5;
16804619700;651115,44904,1,6074,329,98,34532,8597,22,34452,4985,161,132037,0,0,33311,14375,0,33310,8504,6,32408,0,0,32350,4994,185,33290,8560,3,33301,0,0,132105,10222,5;
16906610700;651217,44904,1,6069,326,101,34532,8597,22,34452,4986,162,132037,0,0,33311,14379,0,33310,8506,6,32408,0,0,32350,4993,188,33290,8560,3,33301,0,0,132105,10218,6;
17006835900;651317,44904,1,6059,322,112,34532,8594,22,34452,4985,161,132037,0,0,33311,14381,0,33310,8507,6,32408,0,0,32350,4994,193,33290,8563,3,33301,0,0,132105,10219,5;
17108413200;651418,44904,1,5972,498,-211,34532,8597,22,34452,4986,161,132037,0,0,33311,14378,0,33310,0,0,32408,0,0,32350,4994,194,33290,8561,3,33301,0,0,132105,10216,5;
17208704900;651519,44904,1,6160,397,-3,34532,8598,22,34452,4986,159,132037,0,0,33311,14371,0,33310,8470,6,32408,0,0,32350,4994,193,33290,8561,3,33301,0,0,132105,10217,5;
17308768300;651619,44904,1,5986,486,-183,34532,8597,22,34452,4985,160,132037,0,0,33311,14387,0,33310,0,0,32408,0,0,32350,4993,190,33290,8562,3,33301,0,0,132105,10220,5;
17404776500;651715,44904,1,5977,493,-197,34532,8596,22,34452,4986,160,132037,0,0,33311,14381,0,33310,0,0,32408,0,0,32350,4993,189,33290,8560,3,33301,0,0,132105,10216,5;
17508526000;651819,44904,1,5993,471,-148,34532,8596,22,34452,4985,159,132037,0,0,33311,14395,0,33310,0,0,32408,0,0,32350,4994,190,33290,8562,3,33301,0,0,132105,10217,5;
17608624200;651918,44904,1,5971,506,-223,34532,8596,22,34452,4986,159,132037,0,0,33311,14374,0,33310,0,0,32408,0,0,32350,4995,194,33290,8563,3,33301,0,0,132105,10218,5;
17708602300;652019,44904,1,5971,504,-219,34532,8596,22,34452,4985,159,132037,0,0,33311,14375,0,33310,0,0,32408,0,0,32350,4994,191,33290,8564,3,33301,0,0,132105,10217,5;
17803682000;652114,44904,1,5997,470,-143,34532,8595,22,34452,4985,158,132037,0,0,33311,14396,0,33310,0,0,32408,0,0,32350,4994,188,33290,8560,3,33301,0,0,132105,10219,5;
17908418100;652218,44904,1,5986,483,-169,34532,8594,21,34452,4985,157,132037,0,0,33311,14387,0,33310,0,0,32408,0,0,32350,4994,189,33290,8562,3,33301,0,0,132105,10216,5;
18007120400;652317,44904,1,5992,479,-161,34532,8595,21,34452,4985,156,132037,0,0,33311,14391,0,33310,0,0,32408,0,0,32350,4994,189,33290,8561,3,33301,0,0,132105,10219,5;
18107185600;652418,44904,1,5978,491,-194,34532,8597,21,34452,4985,157,132037,0,0,33311,14383,0,33310,0,0,32408,0,0,32350,4994,192,33290,8564,3,33301,0,0,132105,10217,5;
18203161600;652514,44904,1,5975,504,-218,34532,8596,21,34452,4985,157,132037,0,0,33311,14376,0,33310,0,0,32408,0,0,32350,4994,194,33290,8562,3,33301,0,0,132105,10220,5;
18307890300;652618,44904,1,5981,489,-187,34532,8596,21,34452,4986,158,132037,0,0,33311,14384,0,33310,0,0,32408,0,0,32350,4993,202,33290,8563,3,33301,0,0,132105,10217,6;
18407659500;652718,44904,1,5967,506,-229,34532,8598,21,34452,4986,157,132037,0,0,33311,14374,0,33310,0,0,32408,0,0,32350,4995,207,33290,8563,3,33301,0,0,132105,10217,5;
18507773000;652818,44904,1,5966,505,-228,34532,8598,21,34452,4985,157,132037,0,0,33311,14374,0,33310,0,0,32408,0,0,32350,4995,209,33290,8563,3,33301,0,0,132105,10216,5;
18609548900;652920,44904,1,5983,487,-184,34532,8597,21,34452,4985,156,132037,0,0,33311,14386,0,33310,0,0,32408,0,0,32350,4995,213,33290,8565,3,33301,0,0,132105,10218,5;
18704429600;653014,44904,1,5972,507,-224,34532,8596,21,34452,4986,159,132037,0,0,33311,14374,0,33310,0,0,32408,0,0,32350,4994,209,33290,8562,3,33301,0,0,132105,10219,5;
18806494300;653117,44904,1,5971,505,-224,34532,8597,22,34452,4986,158,132037,0,0,33311,14375,0,33310,0,0,32408,0,0,32350,4995,204,33290,8563,3,33301,0,0,132105,10219,5;
18908224700;653218,44904,1,5966,509,-233,34532,8597,21,34452,4985,158,132037,0,0,33311,14372,0,33310,0,0,32408,0,0,32350,4994,198,33290,8562,3,33301,0,0,132105,10217,5;
19007959200;653318,44904,1,5965,511,-232,34532,8594,22,34452,4986,158,132037,0,0,33311,14369,0,33310,0,0,32408,0,0,32350,4994,196,33290,8561,3,33301,0,0,132105,10215,5;
19104360500;653414,44904,1,5974,499,-208,34532,8596,22,34452,4985,158,132037,0,0,33311,14378,0,33310,0,0,32408,0,0,32350,4994,194,33290,8561,3,33301,0,0,132105,10217,5;
19208385100;653519,44904,1,5972,499,-215,34532,8598,21,34452,4986,156,132037,0,0,33311,14378,0,33310,0,0,32408,0,0,32350,4993,191,33290,8561,3,33301,0,0,132105,10217,5;
19307323500;653617,44904,1,5961,520,-250,34532,8594,22,34452,4986,158,132037,0,0,33311,14364,0,33310,0,0,32408,0,0,32350,4993,184,33290,8561,3,33301,0,0,132105,10216,5;
19405831600;653716,44904,1,5960,522,-259,34532,8597,21,34452,4985,154,132037,0,0,33311,14365,0,33310,0,0,32408,0,0,32350,4993,182,33290,8559,3,33301,0,0,132105,10219,5;
19508569700;653819,44904,1,5965,508,-232,34532,8597,21,34452,4985,157,132037,0,0,33311,14372,0,33310,0,0,32408,0,0,32350,4993,186,33290,8563,3,33301,0,0,132105,10216,5;
19604057900;653915,44904,1,5964,514,-239,34532,8595,22,34452,4986,160,132037,0,0,33311,14368,0,33310,0,0,32408,0,0,32350,4993,187,33290,8562,3,33301,0,0,132105,10216,6;
19705676800;654016,44904,1,5979,498,-208,34532,8597,22,34452,4986,159,132037,0,0,33311,14380,0,33310,0,0,32408,0,0,32350,4993,189,33290,8561,3,33301,0,0,132105,10221,5;
19806260700;654116,44904,1,5977,495,-202,34532,8597,21,34452,4985,153,132037,0,0,33311,14381,0,33310,0,0,32408,0,0,32350,4993,186,33290,8563,3,33301,0,0,132105,10218,5;
19909224400;654220,44904,1,5962,517,-247,34532,8596,22,34452,4985,157,132037,0,0,33311,14367,0,33310,0,0,32408,0,0,32350,4993,193,33290,8560,3,33301,0,0,132105,10217,5;
20007362300;654318,44904,1,5967,509,-234,34532,8597,21,34452,4985,157,132037,0,0,33311,14372,0,33310,0,0,32408,0,0,32350,4994,202,33290,8565,3,33301,0,0,132105,10218,5;
20103868300;654414,44904,1,5976,500,-210,34532,8596,22,34452,4986,159,132037,0,0,33311,14378,0,33310,0,0,32408,0,0,32350,4994,208,33290,8562,3,33301,0,0,132105,10219,5;
20205994800;654517,44904,1,5992,478,-156,34532,8594,22,34452,4985,158,132037,0,0,33311,14391,0,33310,0,0,32408,0,0,32350,4993,210,33290,8560,3,33301,0,0,132105,10218,5;
20307382500;654618,44904,1,5981,494,-196,34532,8596,22,34452,4985,160,132037,0,0,33311,14382,0,33310,0,0,32408,0,0,32350,4993,212,33290,8561,3,33301,0,0,132105,10219,5;
20407200500;654718,44904,1,5976,495,-205,34532,8598,22,34452,4985,161,132037,0,0,33311,14381,0,33310,0,0,32408,0,0,32350,4994,215,33290,8563,3,33301,0,0,132105,10218,5;
20507797300;654818,44904,1,5971,501,-215,34532,8596,22,34452,4985,162,132037,0,0,33311,14376,0,33310,0,0,32408,0,0,32350,4994,212,33290,8562,3,33301,0,0,132105,10216,5;
20604253600;654915,44904,1,5970,507,-228,34532,8597,22,34452,4985,163,132037,0,0,33311,14374,0,33310,0,0,32408,0,0,32350,4995,211,33290,8562,3,33301,0,0,132105,10219,5;
20705886500;655017,44904,1,5967,516,-242,34532,8595,22,34452,4985,161,132037,0,0,33311,14368,0,33310,0,0,32408,0,0,32350,4994,202,33290,8565,3,33301,0,0,132105,10219,5;
20806848800;655118,44904,1,5993,479,-162,34532,8595,21,34452,4986,159,132037,0,0,33311,14391,0,33310,0,0,32408,0,0,32350,4993,199,33290,8562,3,33301,0,0,132105,10220,5;
20905405000;655216,44904,1,5963,509,-238,34532,8599,22,34452,4985,161,132037,0,0,33311,14372,0,33310,0,0,32408,0,0,32350,4993,201,33290,8559,3,33301,0,0,132105,10216,5;
21008265100;655319,44904,1,5987,488,-179,34532,8594,22,34452,4986,162,132037,0,0,33311,14385,0,33310,0,0,32408,0,0,32350,4994,198,33290,8561,3,33301,0,0,132105,10219,5;
21102546700;655413,44904,1,5966,506,-228,34532,8597,22,34452,4986,161,132037,0,0,33311,14373,0,33310,0,0,32408,0,0,32350,4994,196,33290,8562,3,33301,0,0,132105,10216,5;
21206027900;655516,44904,1,6064,321,109,34532,8597,22,34452,4985,160,132037,0,0,33311,14369,0,33310,8508,6,32408,0,0,32350,4994,192,33290,8561,3,33301,0,0,132105,10220,5;
21308922200;655619,44904,1,6076,329,96,34532,8598,22,34452,4985,160,132037,0,0,33311,14378,0,33310,8504,6,32408,0,0,32350,4993,191,33290,8560,3,33301,0,0,132105,10218,5;
21407970500;655718,44904,1,6067,323,106,34532,8597,21,34452,4985,159,132037,0,0,33311,14372,0,33310,8507,6,32408,0,0,32350,4993,183,33290,8560,3,33301,0,0,132105,10222,5;
21503554100;655814,44904,1,6062,324,109,34532,8594,21,34452,4985,158,132037,0,0,33311,14379,0,33310,8506,6,32408,0,0,32350,4993,185,33290,8563,3,33301,0,0,132105,10218,5;
21605043000;655916,44904,1,5981,496,-197,34532,8594,21,34452,4986,161,132037,0,0,33311,14380,0,33310,0,0,32408,0,0,32350,4993,188,33290,8559,3,33301,0,0,132105,10219,5;
21707279800;656018,44904,1,5977,498,-207,34532,8596,21,34452,4986,161,132037,0,0,33311,14379,0,33310,0,0,32408,0,0,32350,4992,183,33290,8561,3,33301,0,0,132105,10219,5;
21804540600;656116,44904,1,6064,325,105,34532,8595,21,34452,4986,160,132037,0,0,33311,14381,0,33310,8506,6,32408,0,0,32350,4993,187,33290,8559,3,33301,0,0,132105,10220,5;
21907441700;656218,44904,1,6062,320,110,34532,8597,21,34452,4986,162,132037,0,0,33311,14391,0,33310,8509,6,32408,0,0,32350,4993,191,33290,8560,3,33301,0,0,132105,10218,5;
22003564100;656314,44904,1,6062,323,108,34532,8595,21,34452,4986,162,132037,0,0,33311,14383,0,33310,8507,6,32408,0,0,32350,4994,191,33290,8562,3,33301,0,0,132105,10218,5;
22106624200;656417,44904,1,6076,331,95,34532,8597,21,34452,4985,160,132037,0,0,33311,14381,0,33310,8503,6,32408,0,0,32350,4993,194,33290,8561,3,33301,0,0,132105,10217,5;
22206981400;656518,44904,1,6150,394,6,34532,8595,21,34452,4985,159,132037,0,0,33311,14384,0,33310,8471,6,32408,0,0,32350,4993,192,33290,8561,3,33301,0,0,132105,10220,5;
22307837000;656619,44904,1,6069,324,103,34532,8598,21,34452,4986,158,132037,0,0,33311,14383,0,33310,8507,6,32408,0,0,32350,4994,187,33290,8562,3,33301,0,0,132105,10220,5;
22408183000;656719,44904,1,6067,325,105,34532,8596,21,34452,4985,161,132037,0,0,33311,14378,0,33310,8506,6,32408,0,0,32350,4992,183,33290,8562,3,33301,0,0,132105,10218,5;
22508627200;656820,44904,1,6074,330,96,34532,8597,21,34452,4986,161,132037,0,0,33311,14379,0,33310,8504,6,32408,0,0,32350,4993,188,33290,8561,3,33301,0,0,132105,10218,5;
22606527000;656917,44904,1,5976,500,-210,34532,8596,21,34452,4985,159,132037,0,0,33311,14378,0,33310,0,0,32408,0,0,32350,4993,193,33290,8562,3,33301,0,0,132105,10219,5;
22706080400;657017,44904,1,5976,498,-206,34532,8596,21,34452,4985,161,132037,0,0,33311,14379,0,33310,0,0,32408,0,0,32350,4993,194,33290,8561,3,33301,0,0,132105,10218,5;
22807465900;657119,44904,1,5968,508,-230,34532,8596,21,34452,4986,162,132037,0,0,33311,14372,0,33310,0,0,32408,0,0,32350,4992,189,33290,8560,3,33301,0,0,132105,10217,5;
22907160400;657218,44904,1,6074,332,94,34532,8596,21,34452,4986,162,132037,0,0,33311,14381,0,33310,8503,6,32408,0,0,32350,4993,181,33290,8561,3,33301,0,0,132105,10220,5;
23003404500;657314,44904,1,6069,328,100,34532,8596,21,34452,4986,163,132037,0,0,33311,14376,0,33310,8505,6,32408,0,0,32350,4992,175,33290,8563,3,33301,0,0,132105,10220,5;
23105512400;657416,44904,1,6074,327,99,34532,8598,21,34452,4985,163,132037,0,0,33311,14388,0,33310,8505,6,32408,0,0,32350,4993,188,33290,8560,3,33301,0,0,132105,10215,5;
23206170600;657517,44904,1,5971,512,-229,34532,8593,22,34452,4985,164,132037,0,0,33311,14370,0,33310,0,0,32408,0,0,32350,4994,193,33290,8562,3,33301,0,0,132105,10219,5;
23307252200;657619,44904,1,6066,327,102,34532,8595,21,34452,4986,163,132037,0,0,33311,14374,0,33310,8505,6,32408,0,0,32350,4994,194,33290,8563,3,33301,0,0,132105,10218,5;
23406377200;657717,44904,1,6066,329,101,34532,8594,21,34452,4986,162,132037,0,0,33311,14374,0,33310,8504,6,32408,0,0,32350,4993,202,33290,8562,3,33301,0,0,132105,10219,5;
23507651300;657818,44904,1,6059,318,113,34532,8597,21,34452,4986,163,132037,0,0,33311,14363,0,33310,8510,6,32408,0,0,32350,4994,211,33290,8561,3,33301,0,0,132105,10219,5;
23602669900;657914,44904,1,6145,392,9,34532,8594,21,34452,4986,161,132037,0,0,33311,14376,0,33310,8472,6,32408,0,0,32350,4994,211,33290,8560,3,33301,0,0,132105,10217,5;
23705275300;658016,44904,1,6067,324,104,34532,8597,21,34452,4986,162,132037,0,0,33311,14371,0,33310,8507,6,32408,0,0,32350,4993,209,33290,8561,3,33301,0,0,132105,10219,5;
23805923800;658118,44904,1,6059,321,111,34532,8595,21,34452,4986,161,132037,0,0,33311,14367,0,33310,8508,6,32408,0,0,32350,4994,202,33290,8561,3,33301,0,0,132105,10218,5;
23906812300;658217,44904,1,6062,323,108,34532,8595,21,34452,4986,160,132037,0,0,33311,14375,0,33310,8507,6,32408,0,0,32350,4994,193,33290,8560,3,33301,0,0,132105,10219,5;
24002967100;658314,44904,1,6059,321,111,34532,8595,21,34452,4986,159,132037,0,0,33311,14379,0,33310,8508,6,32408,0,0,32350,4993,190,33290,8561,3,33301,0,0,132105,10218,5;
24109811900;658421,44904,1,6061,325,107,34532,8594,21,34452,4986,158,132037,0,0,33311,14367,0,33310,8506,6,32408,0,0,32350,4993,192,33290,8562,3,33301,0,0,132105,10216,5;
24206471000;658517,44904,1,6064,326,106,34532,8594,21,34452,4985,158,132037,0,0,33311,14368,0,33310,8505,6,32408,0,0,32350,4994,195,33290,8561,3,33301,0,0,132105,10218,5;
24306612100;658618,44904,1,5977,491,-192,34532,8596,21,34452,4985,158,132037,0,0,33311,14382,0,33310,0,0,32408,0,0,32350,4993,193,33290,8562,3,33301,0,0,132105,10215,5;
24402377800;658714,44904,1,6062,320,110,34532,8597,21,34452,4986,159,132037,0,0,33311,14374,0,33310,8509,6,32408,0,0,32350,4993,201,33290,8561,3,33301,0,0,132105,10220,5;
24505771400;658816,44904,1,6067,323,106,34532,8597,21,34452,4985,158,132037,0,0,33311,14380,0,33310,8507,6,32408,0,0,32350,4993,202,33290,8562,3,33301,0,0,132105,10218,5;
24606855000;658917,44904,1,6064,322,107,34532,8597,21,34452,4986,157,132037,0,0,33311,14376,0,33310,8508,6,32408,0,0,32350,4993,197,33290,8561,3,33301,0,0,132105,10216,5;
24708338400;659020,44904,1,5979,502,-208,34532,8594,21,34452,4985,155,132037,0,0,33311,14377,0,33310,0,0,32408,0,0,32350,4994,192,33290,8561,3,33301,0,0,132105,10220,5;
24802738500;659114,44904,1,6064,322,107,34532,8597,21,34452,4986,157,132037,0,0,33311,14386,0,33310,8508,6,32408,0,0,32350,4993,187,33290,8563,3,33301,0,0,132105,10218,5;
24904975400;659216,44904,1,6064,322,107,34532,8597,21,34452,4986,161,132037,0,0,33311,14373,0,33310,8508,6,32408,0,0,32350,4994,195,33290,8561,3,33301,0,0,132105,10220,5;
25005741500;659317,44904,1,6069,326,101,34532,8597,21,34452,4986,161,132037,0,0,33311,14388,0,33310,8506,6,32408,0,0,32350,4993,205,33290,8561,3,33301,0,0,132105,10221,5;
25106686800;659418,44904,1,6066,326,103,34532,8596,21,34452,4986,161,132037,0,0,33311,14387,0,33310,8506,6,32408,0,0,32350,4994,206,33290,8561,3,33301,0,0,132105,10216,5;
25206388300;659518,44904,1,5983,493,-194,34532,8596,21,34452,4986,161,132037,0,0,33311,14383,0,33310,0,0,32408,0,0,32350,4994,211,33290,8563,3,33301,0,0,132105,10221,5;
25303064100;659614,44904,1,6147,388,11,34532,8597,21,34452,4985,156,132037,0,0,33311,14382,0,33310,8474,6,32408,0,0,32350,4993,212,33290,8564,3,33301,0,0,132105,10218,5;
25403568000;659715,44904,1,5975,508,-223,34532,8595,21,34452,4985,157,132037,0,0,33311,14374,0,33310,0,0,32408,0,0,32350,4995,219,33290,8560,3,33301,0,0,132105,10221,5;
25505408200;659817,44904,1,6071,329,99,34532,8596,21,34452,4985,158,132037,0,0,33311,14374,0,33310,8504,6,32408,0,0,32350,4994,219,33290,8560,3,33301,0,0,132105,10220,5;
25606528900;659918,44904,1,6069,329,99,34532,8595,21,34452,4986,159,132037,0,0,33311,14371,0,33310,8504,6,32408,0,0,32350,4995,222,33290,8562,3,33301,0,0,132105,10220,5;
25706435600;660018,44904,1,6069,328,100,34532,8596,21,34452,4986,160,132037,0,0,33311,14376,0,33310,8505,6,32408,0,0,32350,4994,228,33290,8562,3,33301,0,0,132105,10218,5;
25803156500;660115,44904,1,6069,327,102,34532,8596,21,34452,4985,159,132037,0,0,33311,14373,0,33310,8505,6,32408,0,0,32350,4994,225,33290,8559,3,33301,0,0,132105,10215,5;
25906238600;660218,44904,1,6066,329,101,34532,8594,21,34452,4986,160,132037,0,0,33311,14378,0,33310,8504,6,32408,0,0,32350,4994,213,33290,8562,3,33301,0,0,132105,10218,5;
26006168300;660318,44904,1,6145,391,11,34532,8594,21,34452,4985,161,132037,0,0,33311,14386,0,33310,8472,6,32408,0,0,32350,4994,203,33290,8562,3,33301,0,0,132105,10219,5;
26102169700;660413,44904,1,6067,321,107,34532,8598,21,34452,4985,160,132037,0,0,33311,14375,0,33310,8508,6,32408,0,0,32350,4993,189,33290,8563,3,33301,0,0,132105,10216,5;
26209885400;660521,44904,1,6059,323,110,34532,8594,21,34452,4986,161,132037,0,0,33311,14376,0,33310,8507,6,32408,0,0,32350,4994,193,33290,8562,3,33301,0,0,132105,10220,5;
26304918100;660616,44904,1,6069,330,100,34532,8594,21,34452,4985,163,132037,0,0,33311,14383,0,33310,8503,6,32408,0,0,32350,4993,193,33290,8562,3,33301,0,0,132105,10217,5;
26404986100;660716,44904,1,6062,322,109,34532,8596,21,34452,4986,157,132037,0,0,33311,14388,0,33310,8508,6,32408,0,0,32350,4994,195,33290,8562,3,33301,0,0,132105,10217,5;
26505853400;660817,44904,1,6064,324,106,34532,8596,21,34452,4986,162,132037,0,0,33311,14390,0,33310,8507,6,32408,0,0,32350,4993,210,33290,8561,3,33301,0,0,132105,10217,5;
26603840800;660913,44904,1,6069,327,102,34532,8596,21,34452,4985,162,132037,0,0,33311,14391,0,33310,8505,6,32408,0,0,32350,4995,213,33290,8563,3,33301,0,0,132105,10221,5;
26705644000;661017,44904,1,6022,431,-53,34532,8594,21,34452,4986,165,132037,0,0,33311,14419,0,33310,0,0,32408,0,0,32350,4993,206,33290,8563,3,33301,0,0,132105,10217,5;
26804881900;661116,44904,1,6064,325,105,34532,8595,21,34452,4986,164,132037,0,0,33311,14396,0,33310,8506,6,32408,0,0,32350,4994,206,33290,8561,3,33301,0,0,132105,10220,5;
26905594100;661217,44904,1,6064,324,106,34532,8596,21,34452,4986,162,132037,0,0,33311,14411,0,33310,8507,6,32408,0,0,32350,4993,200,33290,8560,3,33301,0,0,132105,10219,5;
27001492500;661313,44904,1,6062,320,110,34532,8597,21,34452,4986,164,132037,0,0,33311,14393,0,33310,8509,6,32408,0,0,32350,4993,190,33290,8563,3,33301,0,0,132105,10218,5;
27105639900;661417,44904,1,5984,488,-180,34532,8594,21,34452,4986,161,132037,0,0,33311,14384,0,33310,0,0,32408,0,0,32350,4993,193,33290,8563,3,33301,0,0,132105,10217,5;
27205110800;661517,44904,1,5990,486,-169,34532,8592,21,34452,4985,152,132037,0,0,33311,14386,0,33310,0,0,32408,0,0,32350,4994,193,33290,8564,3,33301,0,0,132105,10219,5;
27305465600;661617,44904,1,6059,325,109,34532,8593,21,34452,4986,155,132037,0,0,33311,14392,0,33310,8506,6,32408,0,0,32350,4993,191,33290,8565,3,33301,0,0,132105,10217,5;
27403092900;661714,44904,1,6069,326,101,34532,8597,20,34452,4986,158,132037,0,0,33311,14412,0,33310,8506,6,32408,0,0,32350,4993,190,33290,8562,3,33301,0,0,132105,10220,5;
27503751900;661815,44904,1,6079,331,93,34532,8598,21,34452,4985,161,132037,0,0,33311,14377,0,33310,8503,7,32408,0,0,32350,4994,195,33290,8565,3,33301,0,0,132105,10218,6;
27605236700;661917,44904,1,6076,332,93,34532,8597,21,34452,4986,159,132037,0,0,33311,14416,0,33310,8503,6,32408,0,0,32350,4993,189,33290,8563,3,33301,0,0,132105,10217,6;
27705668600;662018,44904,1,6059,323,110,34532,8594,21,34452,4986,158,132037,0,0,33311,14382,0,33310,8507,6,32408,0,0,32350,4994,186,33290,8561,3,33301,0,0,132105,10220,6;
27801364500;662113,44904,1,6057,322,114,34532,8593,21,34452,4985,156,132037,0,0,33311,14380,0,33310,8507,6,32408,0,0,32350,4993,185,33290,8563,3,33301,0,0,132105,10216,6;
27904234600;662215,44904,1,6069,325,103,34532,8597,21,34452,4985,157,132037,0,0,33311,14384,0,33310,8506,6,32408,0,0,32350,4994,184,33290,8565,3,33301,0,0,132105,10219,6;
28005084200;662316,44904,1,6066,326,103,34532,8596,21,34452,4986,160,132037,0,0,33311,14383,0,33310,8506,6,32408,0,0,32350,4994,184,33290,8561,3,33301,0,0,132105,10217,6;
28107286600;662419,44904,1,5994,485,-168,34532,8593,21,34452,4986,162,132037,0,0,33311,14388,0,33310,0,0,32408,0,0,32350,4993,182,33290,8561,3,33301,0,0,132105,10222,6;
28204894000;662517,44904,1,6062,322,109,34532,8596,21,34452,4986,160,132037,0,0,33311,14385,0,33310,8508,6,32408,0,0,32350,4993,185,33290,8560,3,33301,0,0,132105,10219,6;
28301386500;662614,44904,1,6061,327,106,34532,8593,21,34452,4986,157,132037,0,0,33311,14386,0,33310,8505,6,32408,0,0,32350,4994,192,33290,8565,3,33301,0,0,132105,10217,6;
28402948200;662715,44904,1,6064,329,103,34532,8593,21,34452,4986,162,132037,0,0,33311,14386,0,33310,8504,6,32408,0,0,32350,4995,196,33290,8560,3,33301,0,0,132105,10218,6;
28504784300;662817,44904,1,6069,328,101,34532,8595,21,34452,4985,159,132037,0,0,33311,14400,0,33310,8504,6,32408,0,0,32350,4994,197,33290,8564,3,33301,0,0,132105,10218,6;
28605066100;662917,44904,1,5996,473,-146,34532,8594,21,34452,4986,159,132037,0,0,33311,14394,0,33310,0,0,32408,0,0,32350,4993,199,33290,8562,3,33301,0,0,132105,10219,6;
28705287700;663017,44904,1,6019,442,-74,34532,8593,21,34452,4986,159,132037,0,0,33311,14413,0,33310,0,0,32408,0,0,32350,4994,197,33290,8562,3,33301,0,0,132105,10219,6;
28809206700;663121,44904,1,5989,478,-158,34532,8594,21,34452,4985,156,132037,0,0,33311,14390,0,33310,0,0,32408,0,0,32350,4994,195,33290,8564,3,33301,0,0,132105,10216,6;
28902762400;663214,44904,1,6013,454,-101,34532,8594,22,34452,4985,156,132037,0,0,33311,14407,0,33310,0,0,32408,0,0,32350,4994,196,33290,8564,3,33301,0,0,132105,10221,6;
29004847800;663316,44904,1,5988,478,-166,34532,8597,21,34452,4985,156,132037,0,0,33311,14391,0,33310,0,0,32408,0,0,32350,4994,197,33290,8565,3,33301,0,0,132105,10218,6;
29105090400;663417,44904,1,6026,424,-43,34532,8597,21,34452,4986,158,132037,0,0,33311,14425,0,33310,0,0,32408,0,0,32350,4994,196,33290,8560,3,33301,0,0,132105,10219,6;
29205661600;663518,44904,1,6001,455,-113,34532,8596,21,34452,4986,159,132037,0,0,33311,14404,0,33310,0,0,32408,0,0,32350,4994,198,33290,8562,3,33301,0,0,132105,10215,6;
29301128400;663613,44904,1,6026,422,-38,34532,8596,21,34452,4985,158,132037,0,0,33311,14425,0,33310,0,0,32408,0,0,32350,4994,201,33290,8561,3,33301,0,0,132105,10217,6;
29404115900;663716,44904,1,6033,417,-20,34532,8594,21,34452,4986,154,132037,0,0,33311,14428,0,33310,0,0,32408,0,0,32350,4994,204,33290,8562,3,33301,0,0,132105,10218,6;
29504230400;663817,44904,1,6049,391,40,34532,8594,21,34452,4985,154,132037,0,0,33311,14444,0,33310,0,0,32408,0,0,32350,4995,206,33290,8561,3,33301,0,0,132105,10217,6;
29605100000;663918,44904,1,6040,409,1,34532,8593,21,34452,4986,157,132037,0,0,33311,14433,0,33310,0,0,32408,0,0,32350,4994,203,33290,8562,3,33301,0,0,132105,10218,6;
29701171600;664013,44904,1,6008,455,-106,34532,8594,21,34452,4986,159,132037,0,0,33311,14405,0,33310,0,0,32408,0,0,32350,4994,205,33290,8562,3,33301,0,0,132105,10218,5;
29804028500;664116,44904,1,6014,449,-94,34532,8595,21,34452,4986,156,132037,0,0,33311,14410,0,33310,0,0,32408,0,0,32350,4995,204,33290,8563,3,33301,0,0,132105,10221,5;
29904171600;664217,44904,1,6005,461,-122,34532,8595,21,34452,4986,158,132037,0,0,33311,14402,0,33310,0,0,32408,0,0,32350,4994,201,33290,8563,3,33301,0,0,132105,10220,6;
30005692300;664318,44904,1,6005,455,-113,34532,8597,21,34452,4986,158,132037,0,0,33311,14406,0,33310,0,0,32408,0,0,32350,4994,202,33290,8563,3,33301,0,0,132105,10219,6;
30106079600;664418,44904,1,6038,408,-1,34532,8595,21,34452,4985,159,132037,0,0,33311,14434,0,33310,0,0,32408,0,0,32350,4994,201,33290,8563,3,33301,0,0,132105,10218,6;
30202077800;664514,44904,1,6008,452,-102,34532,8595,21,34452,4986,154,132037,0,0,33311,14407,0,33310,0,0,32408,0,0,32350,4994,200,33290,8562,3,33301,0,0,132105,10218,6;
30304128600;664616,44904,1,6007,456,-110,34532,8595,21,34452,4985,155,132037,0,0,33311,14405,0,33310,0,0,32408,0,0,32350,4994,192,33290,8564,3,33301,0,0,132105,10219,6;
30406950700;664719,44904,1,6003,459,-120,34532,8596,21,34452,4986,152,132037,0,0,33311,14403,0,33310,0,0,32408,0,0,32350,4993,191,33290,8562,3,33301,0,0,132105,10218,6;
30504751900;664817,44904,1,5996,476,-151,34532,8594,22,34452,4985,153,132037,0,0,33311,14393,0,33310,0,0,32408,0,0,32350,4993,188,33290,8562,3,33301,0,0,132105,10220,6;
30600544600;664913,44904,1,5998,466,-133,34532,8595,22,34452,4985,152,132037,0,0,33311,14398,0,33310,0,0,32408,0,0,32350,4992,181,33290,8563,3,33301,0,0,132105,10217,6;
30702805000;665015,44904,1,6004,458,-116,34532,8595,21,34452,4986,156,132037,0,0,33311,14403,0,33310,0,0,32408,0,0,32350,4993,178,33290,8562,3,33301,0,0,132105,10218,6;
30805790700;665118,44904,1,6015,442,-80,34532,8595,21,34452,4985,155,132037,0,0,33311,14413,0,33310,0,0,32408,0,0,32350,4992,168,33290,8557,3,33301,0,0,132105,10218,6;
