475597400;919171,44904,1,1350,486,403,34452,8216,25,34532,1,0,33290,8810,1,33302,5154,155,32408,0,0,32240,0,0,33301,0,0,34534,8902,0,33310,10356,1,132037,0,0;
572909900;919269,44904,1,1437,454,233,34452,8219,24,34532,3232,0,33290,8874,0,33302,5154,157,32408,0,0,32240,0,0,33301,0,0,34534,9109,0,33310,10379,1,132037,0,0;
672707500;919369,44904,1,1370,436,398,34452,8214,23,34532,1,0,33290,8847,0,33302,5150,151,32408,0,0,32240,0,0,33301,0,0,34534,1,0,33310,10380,0,132037,0,0;
873432100;919569,44904,1,1322,432,479,34452,8225,25,34532,1,0,33290,8837,0,33302,5151,152,32408,0,0,32240,0,0,33301,0,0,34534,8884,0,33310,10388,1,132037,0,0;
971200900;919667,44904,1,1379,476,337,34452,8220,24,34532,47,0,33290,8834,1,33302,5154,154,32408,0,0,32240,0,0,33301,0,0,34534,1,0,33310,10366,1,132037,0,0;
1076011200;919772,44904,1,1386,415,373,34452,8216,25,34532,14,0,33290,8869,0,33302,5152,154,32408,0,0,32240,0,0,33301,0,0,34534,1,0,33310,10393,2,132037,0,0;
1170761400;919867,44904,1,1297,457,536,34452,8218,25,34532,0,0,33290,8803,0,33302,5151,153,32408,0,0,32240,0,0,33301,0,0,34534,1,0,33310,10369,1,132037,0,0;
1270850500;919967,44904,1,1373,472,360,34452,8217,25,34532,1,0,33290,8830,0,33302,5152,155,32408,0,0,32240,0,0,33301,0,0,34534,8884,0,33310,10365,1,132037,0,0;
1473928000;920170,44904,1,1293,422,572,34452,8217,24,34532,148,0,33290,8820,0,33302,5154,156,32408,0,0,32240,0,0,33301,0,0,34534,1,0,33310,10385,3,132037,0,0;
1573353300;920269,44904,1,1447,486,202,34452,8215,24,34532,0,0,33290,8857,0,33302,5153,155,32408,0,0,32240,0,0,33301,0,0,34534,1,0,33310,10361,2,132037,0,0;
1772575700;920468,44904,1,1378,460,374,34452,8210,25,34532,237,0,33290,8833,1,33302,5150,151,32408,0,0,32240,0,0,33301,0,0,34534,9078,0,33310,10366,1,132037,0,0;
1874025100;920570,44904,1,1315,452,515,34452,8211,24,34532,1,0,33290,8808,1,33302,5150,153,32408,0,0,32240,0,0,33301,0,0,34534,8751,0,33310,10367,1,132037,0,0;
1973356100;920669,44904,1,1255,393,682,34452,8217,25,34532,335,0,33290,8818,0,33302,5153,156,32408,0,0,32240,0,0,33301,0,0,34534,1,0,33310,10397,1,132037,0,0;
2073267500;920769,44904,1,1387,475,324,34452,8219,26,34532,496,0,33290,8838,0,33302,5155,160,32408,0,0,32240,0,0,33301,0,0,34534,1,0,33310,10366,1,132037,0,0;
2169406800;920865,44904,1,1353,456,426,34452,8212,25,34532,1,0,33290,8825,0,33302,5156,157,32408,0,0,32240,0,0,33301,0,0,34534,9074,0,33310,10368,1,132037,0,0;
2269073600;920965,44904,1,1345,466,433,34452,8214,25,34532,1,0,33290,8817,0,33302,5156,157,32408,0,0,32240,0,0,33301,0,0,34534,8953,0,33310,10364,2,132037,0,0;
2373395100;921069,44904,1,1232,419,705,34452,8222,26,34532,1,0,33290,8797,1,33302,5152,152,32408,0,0,32240,0,0,33301,0,0,34534,9005,0,33310,10387,1,132037,0,0;
2470416400;921166,44904,1,1363,464,380,34452,8220,25,34532,1,0,33290,8833,1,33302,5153,154,32408,0,0,32240,0,0,33301,0,0,34534,9140,0,33310,10371,1,132037,0,0;
2572641800;921269,44904,1,1419,457,283,34452,8213,25,34532,1,0,33290,8858,1,33302,5151,153,32408,0,0,32240,0,0,33301,0,0,34534,8988,0,33310,10372,1,132037,0,0;
2672935900;921369,44904,1,1350,459,425,34452,8214,25,34532,0,0,33290,8824,1,33302,5155,156,32408,0,0,32240,0,0,33301,0,0,34534,1,0,33310,10368,2,132037,0,0;
2868991000;921565,44904,1,1287,446,560,34452,8220,25,34532,0,0,33290,8806,1,33302,5148,148,32408,0,0,32240,0,0,33301,0,0,34534,8857,0,33310,10375,1,132037,0,0;
3171212000;921867,44904,1,1414,477,259,34452,8222,26,34532,1,0,33290,8853,0,33302,5153,154,32408,0,0,32240,0,0,33301,0,0,34534,1,0,33310,10369,1,132037,0,0;
3371336700;922067,44904,1,1400,457,310,34452,8218,26,34532,75,0,33290,8854,0,33302,5151,151,32408,0,0,32240,0,0,33301,0,0,34534,1,0,33310,10375,1,132037,0,0;
3572682100;922269,44904,1,1425,479,252,34452,8215,25,34532,921,0,33290,8850,1,33302,5146,147,32408,0,0,32240,0,0,33301,0,0,34534,1,0,33310,10363,1,132037,0,0;
3873782100;922570,44904,1,1384,460,340,34452,8219,26,34532,1,0,33290,8845,0,33302,5155,156,32408,0,0,32240,0,0,33301,0,0,34534,8866,0,33310,10373,2,132037,0,0;
3973713300;922670,44904,1,1391,472,319,34452,8218,27,34532,1,0,33290,8841,2,33302,5151,152,32408,0,0,32240,0,0,33301,0,0,34534,9116,0,33310,10367,2,132037,0,0;
4073193000;922769,44904,1,1383,474,340,34452,8216,26,34532,0,0,33290,8833,0,33302,5151,154,32408,0,0,32240,0,0,33301,0,0,34534,8846,0,33310,10364,1,132037,0,0;
4170714000;922867,44904,1,1355,435,431,34452,8214,24,34532,1,0,33290,8841,0,33302,5152,153,32408,0,0,32240,0,0,33301,0,0,34534,9771,0,33310,10380,2,132037,0,0;
4376487100;923072,44904,1,1413,469,268,34452,8221,26,34532,131,0,33290,8856,0,33302,5152,153,32408,0,0,32240,0,0,33301,0,0,34534,8912,0,33310,10372,2,132037,0,0;
4470354900;923166,44904,1,1352,463,409,34452,8218,26,34532,1,0,33290,8826,0,33302,5152,153,32408,0,0,32240,0,0,33301,0,0,34534,1,0,33310,10369,1,132037,0,0;
4571671600;923268,44904,1,1343,457,428,34452,8220,27,34532,1,0,33290,8827,0,33302,5149,151,32408,0,0,32240,0,0,33301,0,0,34534,9194,0,33310,10373,2,132037,0,0;
4671626300;923368,44904,1,1383,447,358,34452,8216,26,34532,1,0,33290,8849,1,33302,5151,152,32408,0,0,32240,0,0,33301,0,0,34534,8874,0,33310,10377,1,132037,0,0;
4868631000;923565,44904,1,1341,433,464,34452,8214,25,34532,1,0,33290,8834,1,33302,5153,153,32408,0,0,32240,0,0,33301,0,0,34534,1,0,33310,10380,2,132037,0,0;
4970547600;923666,44904,1,1326,454,482,34452,8214,25,34532,1,0,33290,8815,0,33302,5153,153,32408,0,0,32240,0,0,33301,0,0,34534,9236,0,33310,10369,2,132037,0,0;
5076288000;923772,44904,1,1300,453,528,34452,8219,27,34532,1,0,33290,8808,0,33302,5152,153,32408,0,0,32240,0,0,33301,0,0,34534,9042,0,33310,10372,2,132037,0,0;
5171705700;923867,44904,1,1402,471,294,34452,8219,26,34532,1,0,33290,8848,0,33302,5153,152,32408,0,0,32240,0,0,33301,0,0,34534,9184,0,33310,10369,2,132037,0,0;
5273448700;923969,44904,1,1320,461,476,34452,8220,26,34532,113,0,33290,8814,0,33302,5153,151,32408,0,0,32240,0,0,33301,0,0,34534,9010,0,33310,10370,1,132037,0,0;
5367982400;924064,44904,1,1334,471,440,34452,8219,25,34532,1042,0,33290,8814,0,33302,5152,150,32408,0,0,32240,0,0,33301,0,0,34534,1,0,33310,10365,2,132037,0,0;
5470513200;924166,44904,1,1274,466,577,34452,8219,25,34532,1,0,33290,8788,0,33302,5151,151,32408,0,0,32240,0,0,33301,0,0,34534,8988,0,33310,10364,3,132037,0,0;
5572734600;924269,44904,1,1352,470,397,34452,8221,25,34532,1,0,33290,8825,1,33302,5149,147,32408,0,0,32240,0,0,33301,0,0,34534,9032,0,33310,10368,2,132037,0,0;
5771986200;924468,44904,1,1502,468,94,34452,8220,24,34532,367,0,33290,8898,0,33302,5154,151,32408,0,0,32240,0,0,33301,0,0,34534,8967,0,33310,10377,2,132037,0,0;
5871948700;924568,44904,1,1287,420,580,34452,8220,24,34532,0,0,33290,8821,0,33302,5152,150,32408,0,0,32240,0,0,33301,0,0,34534,9011,0,33310,10388,2,132037,0,0;
5972493500;924668,44904,1,1347,445,437,34452,8216,24,34532,1,0,33290,8832,1,33302,5153,150,32408,0,0,32240,0,0,33301,0,0,34534,9342,0,33310,10376,1,132037,0,0;
6071471600;924767,44904,1,1350,467,409,34452,8219,25,34532,1,0,33290,8824,0,33302,5152,151,32408,0,0,32240,0,0,33301,0,0,34534,5326,0,33310,10368,1,132037,0,0;
6174458400;924870,44904,1,1384,450,357,34452,8215,23,34532,1,0,33290,8847,0,33302,5153,151,32408,0,0,32240,0,0,33301,0,0,34534,8921,0,33310,10375,2,132037,0,0;
6269691400;924966,44904,1,1329,445,467,34452,8220,25,34532,1996,0,33290,8827,0,33302,5153,152,32408,0,0,32240,0,0,33301,0,0,34534,5335,0,33310,10378,2,132037,0,0;
6369929600;925066,44904,1,1357,461,405,34452,8216,24,34532,3234,0,33290,8828,0,33302,5149,148,32408,0,0,32240,0,0,33301,0,0,34534,9097,0,33310,10369,1,132037,0,0;
6573893200;925270,44904,1,1352,493,385,34452,8219,25,34532,1,0,33290,8810,0,33302,5150,150,32408,0,0,32240,0,0,33301,0,0,34534,9172,0,33310,10355,2,132037,0,0;
6671138000;925367,44904,1,1557,505,-31,34452,8220,24,34532,1,0,33290,8903,0,33302,5149,148,32408,0,0,32240,0,0,33301,0,0,34534,8857,0,33310,10362,1,132037,0,0;
6872326000;925568,44904,1,1303,445,527,34452,8219,24,34532,1,0,33290,8814,0,33302,5154,151,32408,0,0,32240,0,0,33301,0,0,34534,8920,0,33310,10376,2,132037,0,0;
6973081400;925669,44904,1,1307,453,511,34452,8220,24,34532,2352,0,33290,8812,0,33302,5149,149,32408,0,0,32240,0,0,33301,0,0,34534,8888,0,33310,10373,2,132037,0,0;
7069864600;925766,44904,1,1458,475,190,34452,8214,24,34532,1,0,33290,8867,1,33302,5152,151,32408,0,0,32240,0,0,33301,0,0,34534,8919,0,33310,10366,2,132037,0,0;
7171075300;925867,44904,1,1435,469,240,34452,8214,24,34532,1,0,33290,8860,0,33302,5151,150,32408,0,0,32240,0,0,33301,0,0,34534,8875,0,33310,10368,2,132037,0,0;
7270384200;925966,44904,1,1319,458,490,34452,8216,24,34532,1,0,33290,8811,0,33302,5149,146,32408,0,0,32240,0,0,33301,0,0,34534,9103,0,33310,10368,2,132037,0,0;
7373004500;926069,44904,1,1343,461,422,34452,8221,25,34532,1,0,33290,8826,0,33302,5154,151,32408,0,0,32240,0,0,33301,0,0,34534,8916,0,33310,10372,3,132037,0,0;
7468340200;926164,44904,1,1347,454,435,34452,8214,24,34532,1,0,33290,8825,0,33302,5150,148,32408,0,0,32240,0,0,33301,0,0,34534,8908,0,33310,10370,2,132037,0,0;
7570892800;926267,44904,1,1324,448,472,34452,8221,25,34532,1,0,33290,8824,0,33302,5154,153,32408,0,0,32240,0,0,33301,0,0,34534,9225,0,33310,10377,2,132037,0,0;
7670834600;926367,44904,1,1399,438,325,34452,8218,25,34532,1,0,33290,8864,1,33302,5151,149,32408,0,0,32240,0,0,33301,0,0,34534,1,0,33310,10384,2,132037,0,0;
7773938700;926470,44904,1,1355,474,404,34452,8214,25,34532,1,0,33290,8818,0,33302,5153,150,32408,0,0,32240,0,0,33301,0,0,34534,8855,0,33310,10361,3,132037,0,0;
7874332500;926570,44904,1,1536,517,8,34452,8216,25,34532,1,0,33290,8883,0,33302,5151,146,32408,0,0,32240,0,0,33301,0,0,34534,8896,0,33310,10352,1,132037,0,0;
7972892900;926669,44904,1,1443,445,228,34452,8219,25,34532,1,0,33290,8882,0,33302,5151,150,32408,0,0,32240,0,0,33301,0,0,34534,1,0,33310,10384,2,132037,0,0;
8071082500;926767,44904,1,1382,482,337,34452,8216,25,34532,166,0,33290,8828,0,33302,5154,150,32408,0,0,32240,0,0,33301,0,0,34534,9156,0,33310,10360,1,132037,0,0;
8172373600;926868,44904,1,1348,460,416,34452,8219,25,34532,1,0,33290,8827,1,33302,5148,143,32408,0,0,32240,0,0,33301,0,0,34534,9067,0,33310,10371,2,132037,0,0;
8267763900;926964,44904,1,1390,475,324,34452,8216,25,34532,1,0,33290,8837,0,33302,5151,147,32408,0,0,32240,0,0,33301,0,0,34534,9267,0,33310,10364,2,132037,0,0;
8372496200;927068,44904,1,1306,378,573,34452,8218,25,34532,1,0,33290,8853,1,33302,5151,147,32408,0,0,32240,0,0,33301,0,0,34534,8897,0,33310,10408,3,132037,0,0;
8472144900;927168,44904,1,1326,461,471,34452,8216,25,34532,1,0,33290,8813,0,33302,5153,150,32408,0,0,32240,0,0,33301,0,0,34534,9090,0,33310,10367,2,132037,0,0;
8667967300;927364,44904,1,1333,442,473,34452,8215,25,34532,1,0,33290,8826,1,33302,5154,150,32408,0,0,32240,0,0,33301,0,0,34534,9058,0,33310,10376,2,132037,0,0;
8871465800;927567,44904,1,1333,477,440,34452,8218,26,34532,910,0,33290,8809,0,33302,5153,148,32408,0,0,32240,0,0,33301,0,0,34534,8980,0,33310,10361,2,132037,0,0;
8971134800;927667,44904,1,1458,511,148,34452,8222,26,34532,1,0,33290,8855,0,33302,5152,148,32408,0,0,32240,0,0,33301,0,0,34534,8927,0,33310,10355,3,132037,0,0;
9069461500;927765,44904,1,1308,463,498,34452,8221,26,34532,1532,0,33290,8808,0,33302,5151,148,32408,0,0,32240,0,0,33301,0,0,34534,8880,0,33310,10369,3,132037,0,0;
9173388300;927869,44904,1,1367,462,371,34452,8221,26,34532,1,0,33290,8838,0,33302,5152,150,32408,0,0,32240,0,0,33301,0,0,34534,9171,0,33310,10373,2,132037,0,0;
9366451100;928062,44904,1,1327,465,453,34452,8222,26,34532,1,0,33290,8817,0,33302,5153,150,32408,0,0,32240,0,0,33301,0,0,34534,8865,0,33310,10370,2,132037,0,0;
9471287600;928167,44904,1,1501,478,101,34452,8215,25,34532,710,0,33290,8887,0,33302,5151,149,32408,0,0,32240,0,0,33301,0,0,34534,8812,0,33310,10368,1,132037,0,0;
9570398700;928266,44904,1,1266,395,649,34452,8219,25,34532,1,0,33290,8824,0,33302,5154,151,32408,0,0,32240,0,0,33301,0,0,34534,1,0,33310,10398,3,132037,0,0;
9772388700;928468,44904,1,1239,363,750,34452,8215,25,34532,1,0,33290,8825,1,33302,5153,150,32408,0,0,32240,0,0,33301,0,0,34534,9055,0,33310,10409,2,132037,0,0;
9868493000;928564,44904,1,1308,437,531,34452,8215,26,34532,1,0,33290,8817,1,33302,5152,149,32408,0,0,32240,0,0,33301,0,0,34534,6790,0,33310,10377,2,132037,0,0;
9972044800;928668,44904,1,1329,461,440,34452,8226,27,34532,1,0,33290,8824,0,33302,5151,149,32408,0,0,32240,0,0,33301,0,0,34534,8847,0,33310,10375,2,132037,0,0;
10171967400;928868,44904,1,1289,435,576,34452,8215,27,34532,1,0,33290,8809,0,33302,5151,151,32408,0,0,32240,0,0,33301,0,0,34534,8918,0,33310,10377,1,132037,0,0;
10375384800;929071,44904,1,1247,380,704,34452,8220,27,34532,4007,0,33290,8824,0,33302,5151,151,32408,0,0,32240,0,0,33301,0,0,34534,8901,0,33310,10405,2,132037,0,0;
10470383300;929166,44904,1,1415,466,281,34452,8215,26,34532,1,0,33290,8853,0,33302,5152,153,32408,0,0,32240,0,0,33301,0,0,34534,8818,0,33310,10369,2,132037,0,0;
10570863300;929267,44904,1,1348,451,417,34452,8222,27,34532,1,0,33290,8835,0,33302,5151,152,32408,0,0,32240,0,0,33301,0,0,34534,8900,0,33310,10378,2,132037,0,0;
10669724400;929366,44904,1,1344,475,417,34452,8218,27,34532,7302,0,33290,8816,1,33302,5152,154,32408,0,0,32240,0,0,33301,0,0,34534,8963,0,33310,10363,1,132037,0,0;
10771201000;929467,44904,1,1341,479,412,34452,8222,27,34532,1,0,33290,8816,0,33302,5151,155,32408,0,0,32240,0,0,33301,0,0,34534,8881,0,33310,10364,1,132037,0,0;
10871963600;929568,44904,1,1322,452,473,34452,8221,27,34532,1,0,33290,8821,0,33302,5151,154,32408,0,0,32240,0,0,33301,0,0,34534,9307,0,33310,10375,2,132037,0,0;
10967548000;929663,44904,1,1370,479,354,34452,8220,27,34532,1,0,33290,8828,0,33302,5153,156,32408,0,0,32240,0,0,33301,0,0,34534,8932,0,33310,10364,1,132037,0,0;
11069165500;929765,44904,1,1310,445,522,34452,8215,27,34532,1,0,33290,8813,0,33302,5152,156,32408,0,0,32240,0,0,33301,0,0,34534,9010,0,33310,10373,1,132037,0,0;
11173103400;929869,44904,1,1241,406,706,34452,8217,26,34532,1,0,33290,8804,0,33302,5152,155,32408,0,0,32240,0,0,33301,0,0,34534,9119,0,33310,10390,1,132037,0,0;
11272883500;929969,44904,1,1306,433,544,34452,8213,26,34532,1,0,33290,8816,0,33302,5152,155,32408,0,0,32240,0,0,33301,0,0,34534,9255,0,33310,10377,2,132037,0,0;
11369673900;930066,44904,1,1414,462,273,34452,8220,27,34532,1,0,33290,8860,0,33302,5154,157,32408,0,0,32240,0,0,33301,0,0,34534,9163,0,33310,10375,2,132037,0,0;
11468955300;930165,44904,1,1330,457,465,34452,8216,27,34532,1,0,33290,8817,1,33302,5154,157,32408,0,0,32240,0,0,33301,0,0,34534,9103,0,33310,10369,1,132037,0,0;
11571725900;930268,44904,1,1362,488,364,34452,8220,27,34532,1,0,33290,8819,1,33302,5152,155,32408,0,0,32240,0,0,33301,0,0,34534,8974,0,33310,10359,2,132037,0,0;
11677044000;930373,44904,1,1401,492,279,34452,8221,27,34532,1,0,33290,8837,1,33302,5153,156,32408,0,0,32240,0,0,33301,0,0,34534,9029,0,33310,10360,1,132037,0,0;
11769602600;930465,44904,1,1363,466,378,34452,8220,27,34532,1,0,33290,8832,1,33302,5152,155,32408,0,0,32240,0,0,33301,0,0,34534,9095,0,33310,10370,1,132037,0,0;
11870735700;930567,44904,1,1281,392,611,34452,8221,27,34532,1,0,33290,8835,1,33302,5153,152,32408,0,0,32240,0,0,33301,0,0,34534,9154,0,33310,10402,1,132037,0,0;
11970485500;930666,44904,1,1309,481,483,34452,8221,27,34532,1,0,33290,8798,0,33302,5153,153,32408,0,0,32240,0,0,33301,0,0,34534,9008,0,33310,10360,1,132037,0,0;
12071567200;930768,44904,1,1395,493,299,34452,8217,26,34532,2149,0,33290,8829,0,33302,5151,152,32408,0,0,32240,0,0,33301,0,0,34534,8877,0,33310,10356,2,132037,0,0;
12174411400;930870,44904,1,1329,442,473,34452,8218,27,34532,1,0,33290,8827,0,33302,5151,153,32408,0,0,32240,0,0,33301,0,0,34534,9120,0,33310,10378,2,132037,0,0;
12273497700;930969,44904,1,1343,451,428,34452,8221,26,34532,1,0,33290,8832,0,33302,5152,153,32408,0,0,32240,0,0,33301,0,0,34534,9035,0,33310,10377,2,132037,0,0;
12372033500;931068,44904,1,1425,480,241,34452,8219,26,34532,1,0,33290,8854,0,33302,5153,155,32408,0,0,32240,0,0,33301,0,0,34534,9514,0,33310,10366,1,132037,0,0;
12471342900;931167,44904,1,1326,450,462,34452,8223,26,34532,1,0,33290,8826,0,33302,5153,152,32408,0,0,32240,0,0,33301,0,0,34534,8903,0,33310,10378,2,132037,0,0;
12572041000;931268,44904,1,1285,445,570,34452,8218,25,34532,1,0,33290,8804,1,33302,5153,154,32408,0,0,32240,0,0,33301,0,0,34534,9269,0,33310,10374,2,132037,0,0;
12672887600;931369,44904,1,1410,470,270,34452,8222,26,34532,1,0,33290,8855,1,33302,5153,152,32408,0,0,32240,0,0,33301,0,0,34534,8985,0,33310,10372,1,132037,0,0;
12768626400;931465,44904,1,1285,418,577,34452,8223,27,34532,1,0,33290,8824,1,33302,5152,153,32408,0,0,32240,0,0,33301,0,0,34534,9080,0,33310,10391,1,132037,0,0;
12869375000;931565,44904,1,1399,456,308,34452,8220,25,34532,1,0,33290,8856,0,33302,5152,152,32408,0,0,32240,0,0,33301,0,0,34534,8888,0,33310,10377,1,132037,0,0;
12971859400;931668,44904,1,1384,478,323,34452,8221,26,34532,1,0,33290,8837,0,33302,5153,152,32408,0,0,32240,0,0,33301,0,0,34534,9854,0,33310,10366,2,132037,0,0;
13068689700;931765,44904,1,1379,481,340,34452,8218,25,34532,1,0,33290,8829,0,33302,5154,155,32408,0,0,32240,0,0,33301,0,0,34534,8977,0,33310,10362,1,132037,0,0;
13174090600;931870,44904,1,1411,496,269,34452,8215,25,34532,1,0,33290,8833,0,33302,5151,152,32408,0,0,32240,0,0,33301,0,0,34534,9078,0,33310,10354,2,132037,0,0;
13270701700;931967,44904,1,1376,461,353,34452,8220,25,34532,1,0,33290,8842,0,33302,5154,154,32408,0,0,32240,0,0,33301,0,0,34534,9028,0,33310,10373,2,132037,0,0;
13371179300;932067,44904,1,1380,489,330,34452,8219,24,34532,1,0,33290,8826,0,33302,5152,153,32408,0,0,32240,0,0,33301,0,0,34534,9729,0,33310,10359,2,132037,0,0;
13472538500;932168,44904,1,1342,487,415,34452,8218,25,34532,1,0,33290,8808,1,33302,5153,154,32408,0,0,32240,0,0,33301,0,0,34534,9113,0,33310,10357,2,132037,0,0;
13567988400;932264,44904,1,1292,435,558,34452,8220,25,34532,1,0,33290,8815,0,33302,5151,153,32408,0,0,32240,0,0,33301,0,0,34534,9163,0,33310,10381,1,132037,0,0;
13668559400;932364,44904,1,1364,495,359,34452,8219,25,34532,1,0,33290,8815,1,33302,5154,155,32408,0,0,32240,0,0,33301,0,0,34534,9211,0,33310,10355,2,132037,0,0;
13774488500;932470,44904,1,1354,446,421,34452,8216,25,34532,1,0,33290,8835,0,33302,5153,153,32408,0,0,32240,0,0,33301,0,0,34534,9021,0,33310,10376,2,132037,0,0;
13870959100;932567,44904,1,1365,463,374,34452,8221,25,34532,1,0,33290,8835,0,33302,5151,150,32408,0,0,32240,0,0,33301,0,0,34534,1,0,33310,10372,1,132037,0,0;
13968602000;932665,44904,1,1306,450,525,34452,8216,24,34532,1,0,33290,8809,0,33302,5151,150,32408,0,0,32240,0,0,33301,0,0,34534,9015,0,33310,10371,2,132037,0,0;
14072618200;932768,44904,1,1386,480,328,34452,8216,24,34532,1,0,33290,8831,0,33302,5153,148,32408,0,0,32240,0,0,33301,0,0,34534,5114,0,33310,10361,2,132037,0,0;
14272150700;932968,44904,1,1330,476,443,34452,8220,25,34532,1,0,33290,8810,1,33302,5151,153,32408,0,0,32240,0,0,33301,0,0,34534,9760,0,33310,10363,2,132037,0,0;
14471868600;933168,44904,1,1355,452,414,34452,8216,24,34532,1,0,33290,8832,0,33302,5155,153,32408,0,0,32240,0,0,33301,0,0,34534,8940,0,33310,10373,1,132037,0,0;
14571228100;933267,44904,1,1334,441,453,34452,8222,25,34532,0,0,33290,8834,0,33302,5153,153,32408,0,0,32240,0,0,33301,0,0,34534,8877,0,33310,10382,1,132037,0,0;
14670924600;933367,44904,1,1395,486,297,34452,8220,25,34532,1,0,33290,8837,0,33302,5151,152,32408,0,0,32240,0,0,33301,0,0,34534,8952,0,33310,10362,0,132037,0,0;
14768845400;933465,44904,1,1544,486,17,34452,8214,24,34532,1,0,33290,8902,1,33302,5151,153,32408,0,0,32240,0,0,33301,0,0,34534,8838,0,33310,10366,1,132037,0,0;
14972881300;933669,44904,1,1379,455,360,34452,8216,25,34532,1,0,33290,8843,0,33302,5153,154,32408,0,0,32240,0,0,33301,0,0,34534,8973,0,33310,10373,2,132037,0,0;
15070736700;933767,44904,1,1389,472,326,34452,8217,25,34532,1,0,33290,8839,0,33302,5148,150,32408,0,0,32240,0,0,33301,0,0,34534,1,0,33310,10366,1,132037,0,0;
15170358300;933866,44904,1,1343,450,440,34452,8217,26,34532,1,0,33290,8828,0,33302,5153,154,32408,0,0,32240,0,0,33301,0,0,34534,8878,0,33310,10374,2,132037,0,0;
15271144400;933967,44904,1,1319,424,509,34452,8218,25,34532,1,0,33290,8832,1,33302,5153,155,32408,0,0,32240,0,0,33301,0,0,34534,8984,0,33310,10386,2,132037,0,0;
15371847400;934068,44904,1,1340,464,434,34452,8218,25,34532,1,0,33290,8820,1,33302,5153,154,32408,0,0,32240,0,0,33301,0,0,34534,9388,0,33310,10368,1,132037,0,0;
15472012400;934168,44904,1,1404,460,293,34452,8221,26,34532,1,0,33290,8857,1,33302,5151,153,32408,0,0,32240,0,0,33301,0,0,34534,9024,0,33310,10376,2,132037,0,0;
15570989200;934267,44904,1,1386,471,329,34452,8219,26,34532,1,0,33290,8840,0,33302,5152,154,32408,0,0,32240,0,0,33301,0,0,34534,8869,0,33310,10368,2,132037,0,0;
15671434700;934367,44904,1,1343,461,422,34452,8221,26,34532,1,0,33290,8826,1,33302,5154,156,32408,0,0,32240,0,0,33301,0,0,34534,9427,0,33310,10372,2,132037,0,0;
15773437200;934469,44904,1,1326,452,473,34452,8218,26,34532,1,0,33290,8820,0,33302,5151,153,32408,0,0,32240,0,0,33301,0,0,34534,9058,0,33310,10373,1,132037,0,0;
15872149700;934568,44904,1,1368,482,354,34452,8221,26,34532,8814,14,33290,8832,0,33302,5152,155,32408,0,0,32240,0,0,33301,0,0,34534,9061,0,33310,10363,1,132037,0,0;
15970870900;934667,44904,1,1334,453,457,34452,8217,26,34532,1,0,33290,8822,0,33302,5153,156,32408,0,0,32240,0,0,33301,0,0,34534,9311,0,33310,10372,2,132037,0,0;
16071343500;934767,44904,1,1491,457,126,34452,8218,26,34532,1,0,33290,8897,0,33302,5151,155,32408,0,0,32240,0,0,33301,0,0,34534,8958,0,33310,10380,1,132037,0,0;
16166669800;934863,44904,1,1313,451,508,34452,8216,25,34532,1,0,33290,8812,0,33302,5153,154,32408,0,0,32240,0,0,33301,0,0,34534,9082,0,33310,10371,1,132037,0,0;
16270734700;934967,44904,1,1360,462,389,34452,8219,26,34532,1,0,33290,8832,0,33302,5149,151,32408,0,0,32240,0,0,33301,0,0,34534,8952,0,33310,10371,2,132037,0,0;
16366616700;935063,44904,1,1345,451,435,34452,8217,25,34532,1,0,33290,8829,0,33302,5153,156,32408,0,0,32240,0,0,33301,0,0,34534,9318,0,33310,10374,1,132037,0,0;
16469144000;935165,44904,1,1371,485,346,34452,8221,25,34532,5599,0,33290,8826,0,33302,5153,155,32408,0,0,32240,0,0,33301,0,0,34534,9289,0,33310,10362,1,132037,0,0;
16569943200;935266,44904,1,1377,471,352,34452,8217,25,34532,1,0,33290,8833,0,33302,5152,155,32408,0,0,32240,0,0,33301,0,0,34534,9040,0,33310,10366,3,132037,0,0;
16670818800;935367,44904,1,1345,448,437,34452,8217,25,34532,1,0,33290,8830,0,33302,5155,160,32408,0,0,32240,0,0,33301,0,0,34534,8948,0,33310,10375,2,132037,0,0;
16870582500;935566,44904,1,1441,486,207,34452,8218,25,34532,1,0,33290,8857,0,33302,5150,151,32408,0,0,32240,0,0,33301,0,0,34534,9641,0,33310,10363,2,132037,0,0;
16972316600;935668,44904,1,1293,439,554,34452,8219,25,34532,1,0,33290,8812,0,33302,5152,156,32408,0,0,32240,0,0,33301,0,0,34534,9089,0,33310,10378,2,132037,0,0;
17070525900;935766,44904,1,1314,376,564,34452,8214,25,34532,1,0,33290,8854,0,33302,5154,157,32408,0,0,32240,0,0,33301,0,0,34534,9222,0,33310,10406,2,132037,0,0;
17167446800;935863,44904,1,1299,441,546,34452,8216,24,34532,1,0,33290,8811,0,33302,5152,155,32408,0,0,32240,0,0,33301,0,0,34534,1,0,33310,10375,2,132037,0,0;
17270584200;935966,44904,1,1332,448,460,34452,8219,24,34532,1,0,33290,8826,1,33302,5153,157,32408,0,0,32240,0,0,33301,0,0,34534,9789,0,33310,10376,2,132037,0,0;
17369051400;936065,44904,1,1341,450,434,34452,8221,25,34532,1,0,33290,8831,0,33302,5151,153,32408,0,0,32240,0,0,33301,0,0,34534,9093,0,33310,10377,2,132037,0,0;
17470816300;936167,44904,1,1494,477,104,34452,8220,25,34532,1,0,33290,8889,0,33302,5153,156,32408,0,0,32240,0,0,33301,0,0,34534,9039,0,33310,10372,1,132037,0,0;
17570449100;936266,44904,1,1412,495,249,34452,8223,26,34532,1,0,33290,8843,1,33302,5153,156,32408,0,0,32240,0,0,33301,0,0,34534,0,0,33310,10361,2,132037,0,0;
17670550900;936366,44904,1,1367,472,366,34452,8220,25,34532,1,0,33290,8830,0,33302,5150,152,32408,0,0,32240,0,0,33301,0,0,34534,9690,0,33310,10367,1,132037,0,0;
17772269900;936468,44904,1,1377,474,347,34452,8218,25,34532,1,0,33290,8832,0,33302,5151,156,32408,0,0,32240,0,0,33301,0,0,34534,5466,0,33310,10365,1,132037,0,0;
17867294000;936563,44904,1,1322,447,482,34452,8219,24,34532,1,0,33290,8822,0,33302,5152,154,32408,0,0,32240,0,0,33301,0,0,34534,9008,0,33310,10376,2,132037,0,0;
17971574600;936667,44904,1,1342,442,450,34452,8216,23,34532,1,0,33290,8831,0,33302,5151,155,32408,0,0,32240,0,0,33301,0,0,34534,8903,0,33310,10377,1,132037,0,0;
18073010500;936769,44904,1,1204,468,744,34452,8219,25,34532,8739,16,33290,8830,0,33302,5153,156,32408,0,0,32240,0,0,33301,0,0,34534,5581,0,33310,10359,2,132037,0,0;
18166554900;936862,44904,1,1337,458,447,34452,8217,25,34532,6058,0,33290,8821,0,33302,5153,157,32408,0,0,32240,0,0,33301,0,0,34534,9054,0,33310,10370,1,132037,0,0;
18268578100;936965,44904,1,1409,484,271,34452,8219,25,34532,1,0,33290,8844,0,33302,5151,154,32408,0,0,32240,0,0,33301,0,0,34534,8997,0,33310,10363,2,132037,0,0;
18470183700;937166,44904,1,1512,498,56,34452,8220,26,34532,1,0,33290,8886,0,33302,5151,155,32408,0,0,32240,0,0,33301,0,0,34534,8952,0,33310,10363,1,132037,0,0;
18569738600;937266,44904,1,1281,429,584,34452,8221,26,34532,1,0,33290,8814,0,33302,5152,155,32408,0,0,32240,0,0,33301,0,0,34534,9105,0,33310,10384,2,132037,0,0;
18671969300;937368,44904,1,1319,467,476,34452,8219,26,34532,1605,0,33290,8809,0,33302,5151,155,32408,0,0,32240,0,0,33301,0,0,34534,1,0,33310,10366,2,132037,0,0;
18871240400;937567,44904,1,1316,431,502,34452,8221,26,34532,724,1,33290,8830,0,33302,5151,153,32408,0,0,32240,0,0,33301,0,0,34534,1,0,33310,10385,1,132037,0,0;
18965676600;937662,44904,1,1386,462,330,34452,8221,27,34532,1,0,33290,8847,0,33302,5151,155,32408,0,0,32240,0,0,33301,0,0,34534,9144,0,33310,10374,2,132037,0,0;
19070001000;937766,44904,1,1352,458,406,34452,8220,26,34532,1,0,33290,8831,0,33302,5153,156,32408,0,0,32240,0,0,33301,0,0,34534,5550,0,33310,10373,2,132037,0,0;
19165956300;937862,44904,1,1280,444,594,34452,8214,25,34532,1,0,33290,8798,0,33302,5152,155,32408,0,0,32240,0,0,33301,0,0,34534,0,0,33310,10371,1,132037,0,0;
19273449400;937969,44904,1,1358,459,396,34452,8219,26,34532,1,0,33290,8832,0,33302,5151,153,32408,0,0,32240,0,0,33301,0,0,34534,9051,0,33310,10372,2,132037,0,0;
19367599300;938064,44904,1,1336,407,478,34452,8220,25,34532,1,0,33290,8853,0,33302,5153,155,32408,0,0,32240,0,0,33301,0,0,34534,9398,0,33310,10397,1,132037,0,0;
19469650200;938166,44904,1,1280,427,600,34452,8216,25,34532,1,0,33290,8810,0,33302,5154,154,32408,0,0,32240,0,0,33301,0,0,34534,9081,0,33310,10381,1,132037,0,0;
19569849400;938266,44904,1,1361,454,392,34452,8219,26,34532,1,0,33290,8838,0,33302,5152,153,32408,0,0,32240,0,0,33301,0,0,34534,9821,0,33310,10375,1,132037,0,0;
19670450800;938366,44904,1,1375,453,363,34452,8219,26,34532,8832,17,33290,8828,0,33302,5153,154,32408,0,0,32240,0,0,33301,0,0,34534,5534,0,33310,10376,1,132037,0,0;
19770449300;938466,44904,1,1353,467,392,34452,8223,26,34532,3174,0,33290,8829,0,33302,5152,154,32408,0,0,32240,0,0,33301,0,0,34534,5381,0,33310,10371,1,132037,0,0;
19872688400;938569,44904,1,1368,454,375,34452,8220,25,34532,8829,16,33290,8827,0,33302,5154,155,32408,0,0,32240,0,0,33301,0,0,34534,5441,0,33310,10376,1,132037,0,0;
19967929400;938664,44904,1,1380,457,346,34452,8221,25,34532,8834,16,33290,8829,0,33302,5153,153,32408,0,0,32240,0,0,33301,0,0,34534,5465,0,33310,10376,1,132037,0,0;
20067552200;938764,44904,1,1357,443,409,34452,8219,25,34532,8829,16,33290,8829,0,33302,5153,155,32408,0,0,32240,0,0,33301,0,0,34534,5510,0,33310,10380,1,132037,0,0;
20172929500;938869,44904,1,1379,460,351,34452,8219,24,34532,8830,16,33290,8822,0,33302,5152,155,32408,0,0,32240,0,0,33301,0,0,34534,5380,0,33310,10373,1,132037,0,0;
20270774900;938967,44904,1,1386,464,330,34452,8220,25,34532,8832,16,33290,8827,0,33302,5153,154,32408,0,0,32240,0,0,33301,0,0,34534,5088,0,33310,10372,1,132037,0,0;
20367127600;939063,44904,1,1383,458,343,34452,8219,24,34532,8833,16,33290,8827,0,33302,5152,154,32408,0,0,32240,0,0,33301,0,0,34534,5106,0,33310,10374,1,132037,0,0;
20468509900;939164,44904,1,1395,470,311,34452,8219,25,34532,8832,16,33290,8827,0,33302,5152,154,32408,0,0,32240,0,0,33301,0,0,34534,5119,0,33310,10369,2,132037,0,0;
20570787600;939267,44904,1,1382,462,343,34452,8219,25,34532,8830,15,33290,8826,0,33302,5153,155,32408,0,0,32240,0,0,33301,0,0,34534,5078,0,33310,10372,2,132037,0,0;
20669803700;939366,44904,1,1390,463,322,34452,8220,26,34532,8835,17,33290,8827,0,33302,5152,155,32408,0,0,32240,0,0,33301,0,0,34534,5159,0,33310,10373,1,132037,0,0;
20770642700;939466,44904,1,1386,457,342,34452,8217,27,34532,8833,16,33290,8833,0,33302,5153,155,32408,0,0,32240,0,0,33301,0,0,34534,5104,0,33310,10373,1,132037,0,0;
20867110700;939563,44904,1,1391,463,323,34452,8219,27,34532,8834,16,33290,8830,0,33302,5151,155,32408,0,0,32240,0,0,33301,0,0,34534,5360,0,33310,10372,1,132037,0,0;
20967936900;939664,44904,1,1376,454,365,34452,8217,27,34532,8830,16,33290,8822,0,33302,5153,156,32408,0,0,32240,0,0,33301,0,0,34534,4957,0,33310,10374,2,132037,0,0;
21069968300;939766,44904,1,1386,473,327,34452,8219,27,34532,8826,16,33290,8824,0,33302,5151,155,32408,0,0,32240,0,0,33301,0,0,34534,5024,0,33310,10367,1,132037,0,0;
21172470300;939868,44904,1,1367,462,371,34452,8221,27,34532,8825,16,33290,8827,0,33302,5152,155,32408,0,0,32240,0,0,33301,0,0,34534,4961,0,33310,10373,2,132037,0,0;
21272378700;939968,44904,1,1363,474,375,34452,8219,27,34532,8217,0,33290,8826,0,33302,5152,157,32408,0,0,32240,0,0,33301,0,0,34534,0,0,33310,10365,1,132037,0,0;
21366155700;940062,44904,1,1345,470,414,34452,8220,27,34532,1,0,33290,8821,0,33302,5152,154,32408,0,0,32240,0,0,33301,0,0,34534,9181,0,33310,10367,1,132037,0,0;
21470745700;940167,44904,1,1361,465,383,34452,8220,26,34532,1,0,33290,8831,0,33302,5152,157,32408,0,0,32240,0,0,33301,0,0,34534,8899,0,33310,10370,1,132037,0,0;
21570119900;940266,44904,1,1394,467,311,34452,8220,26,34532,1634,0,33290,8847,0,33302,5155,159,32408,0,0,32240,0,0,33301,0,0,34534,9113,0,33310,10371,1,132037,0,0;
21667637800;940364,44904,1,1356,451,405,34452,8219,25,34532,1,0,33290,8837,0,33302,5152,155,32408,0,0,32240,0,0,33301,0,0,34534,9181,0,33310,10376,2,132037,0,0;
21767529500;940463,44904,1,1398,495,290,34452,8218,25,34532,1,0,33290,8830,0,33302,5153,157,32408,0,0,32240,0,0,33301,0,0,34534,8998,0,33310,10356,2,132037,0,0;
21870033100;940566,44904,1,1372,479,348,34452,8221,26,34532,1,0,33290,8830,1,33302,5153,156,32408,0,0,32240,0,0,33301,0,0,34534,9168,0,33310,10365,1,132037,0,0;
21971150000;940667,44904,1,1366,482,360,34452,8220,25,34532,1,0,33290,8824,1,33302,5153,156,32408,0,0,32240,0,0,33301,0,0,34534,9036,0,33310,10362,1,132037,0,0;
22072580300;940769,44904,1,1303,455,521,34452,8219,25,34532,1,0,33290,8808,0,33302,5151,154,32408,0,0,32240,0,0,33301,0,0,34534,9213,0,33310,10371,1,132037,0,0;
22167046200;940863,44904,1,1410,471,283,34452,8217,25,34532,1,0,33290,8850,0,33302,5152,154,32408,0,0,32240,0,0,33301,0,0,34534,8886,0,33310,10368,1,132037,0,0;
22270096100;940966,44904,1,1377,464,351,34452,8219,25,34532,1,0,33290,8840,0,33302,5152,155,32408,0,0,32240,0,0,33301,0,0,34534,9009,0,33310,10371,1,132037,0,0;
22371206300;941067,44904,1,1405,483,281,34452,8219,25,34532,485,0,33290,8842,0,33302,5153,155,32408,0,0,32240,0,0,33301,0,0,34534,9441,0,33310,10363,1,132037,0,0;
22471378400;941167,44904,1,1336,445,454,34452,8219,25,34532,1,0,33290,8830,0,33302,5152,155,32408,0,0,32240,0,0,33301,0,0,34534,9240,0,33310,10378,2,132037,0,0;
22566670900;941263,44904,1,1278,432,596,34452,8218,25,34532,1,0,33290,8808,0,33302,5151,154,32408,0,0,32240,0,0,33301,0,0,34534,9029,0,33310,10380,2,132037,0,0;
22670467900;941366,44904,1,1361,457,386,34452,8221,25,34532,1,0,33290,8838,0,33302,5152,154,32408,0,0,32240,0,0,33301,0,0,34534,8949,0,33310,10375,1,132037,0,0;
22768607500;941465,44904,1,1309,439,517,34452,8219,25,34532,1,0,33290,8820,0,33302,5153,156,32408,0,0,32240,0,0,33301,0,0,34534,5452,0,33310,10379,1,132037,0,0;
22867799000;941564,44904,1,1371,464,369,34452,8217,25,34532,1,0,33290,8834,0,33302,5151,155,32408,0,0,32240,0,0,33301,0,0,34534,9491,0,33310,10369,1,132037,0,0;
22973879800;941670,44904,1,1384,452,343,34452,8220,26,34532,8839,15,33290,8840,0,33302,5153,158,32408,0,0,32240,0,0,33301,0,0,34534,8964,0,33310,10378,3,132037,0,0;
23069746600;941766,44904,1,1376,473,344,34452,8221,26,34532,1,0,33290,8835,0,33302,5150,154,32408,0,0,32240,0,0,33301,0,0,34534,5437,0,33310,10368,2,132037,0,0;
23172718800;941869,44904,1,1293,388,591,34452,8219,26,34532,1,0,33290,8842,0,33302,5151,154,32408,0,0,32240,0,0,33301,0,0,34534,8863,0,33310,10403,1,132037,0,0;
23269698900;941966,44904,1,1275,401,628,34452,8217,26,34532,1,0,33290,8823,1,33302,5149,153,32408,0,0,32240,0,0,33301,0,0,34534,9239,0,33310,10394,3,132037,0,0;
23372286400;942068,44904,1,1266,374,686,34452,8212,26,34532,1,0,33290,8829,0,33302,5153,157,32408,0,0,32240,0,0,33301,0,0,34534,8965,0,33310,10403,0,132037,0,0;
23471667600;942167,44904,1,1323,451,476,34452,8220,26,34532,1,0,33290,8821,0,33302,5152,156,32408,0,0,32240,0,0,33301,0,0,34534,8995,0,33310,10375,1,132037,0,0;
23572131400;942268,44904,1,1365,450,398,34452,8215,25,34532,1,0,33290,8838,0,33302,5154,158,32408,0,0,32240,0,0,33301,0,0,34534,9211,0,33310,10374,1,132037,0,0;
23670540400;942367,44904,1,1345,463,414,34452,8222,26,34532,1,0,33290,8827,0,33302,5152,156,32408,0,0,32240,0,0,33301,0,0,34534,9559,0,33310,10372,2,132037,0,0;
23770274500;942466,44904,1,1328,457,458,34452,8221,26,34532,1,0,33290,8821,0,33302,5151,155,32408,0,0,32240,0,0,33301,0,0,34534,9129,0,33310,10373,2,132037,0,0;
23869909000;942566,44904,1,1353,438,430,34452,8216,24,34532,136,0,33290,8840,0,33302,5153,156,32408,0,0,32240,0,0,33301,0,0,34534,9003,0,33310,10380,1,132037,0,0;
23969887400;942666,44904,1,1367,490,349,34452,8222,26,34532,1,0,33290,8822,0,33302,5154,157,32408,0,0,32240,0,0,33301,0,0,34534,8888,0,33310,10360,2,132037,0,0;
24069953700;942766,44904,1,1319,430,500,34452,8220,25,34532,1,0,33290,8831,0,33302,5154,157,32408,0,0,32240,0,0,33301,0,0,34534,9112,0,33310,10385,2,132037,0,0;
24167190100;942863,44904,1,1370,473,362,34452,8219,24,34532,1,0,33290,8830,0,33302,5154,158,32408,0,0,32240,0,0,33301,0,0,34534,8988,0,33310,10366,2,132037,0,0;
24269408900;942965,44904,1,1348,445,425,34452,8220,25,34532,1,0,33290,8837,1,33302,5153,158,32408,0,0,32240,0,0,33301,0,0,34534,9027,0,33310,10379,2,132037,0,0;
24368483000;943064,44904,1,1329,447,464,34452,8221,25,34532,1,0,33290,8827,0,33302,5152,154,32408,0,0,32240,0,0,33301,0,0,34534,9420,0,33310,10378,1,132037,0,0;
24473167300;943169,44904,1,1251,364,706,34452,8220,25,34532,1,0,33290,8835,0,33302,5146,150,32408,0,0,32240,0,0,33301,0,0,34534,9079,0,33310,10413,2,132037,0,0;
24567068800;943263,44904,1,1324,457,471,34452,8219,23,34532,1,0,33290,8817,0,33302,5153,154,32408,0,0,32240,0,0,33301,0,0,34534,9566,0,33310,10371,1,132037,0,0;
24670842000;943367,44904,1,1412,482,268,34452,8219,24,34532,1,0,33290,8846,0,33302,5152,154,32408,0,0,32240,0,0,33301,0,0,34534,9091,0,33310,10364,2,132037,0,0;
24768470600;943464,44904,1,1323,440,482,34452,8221,24,34532,1,0,33290,8828,0,33302,5153,154,32408,0,0,32240,0,0,33301,0,0,34534,9206,0,33310,10381,2,132037,0,0;
24870261800;943566,44904,1,1360,458,393,34452,8219,25,34532,1,0,33290,8834,0,33302,5153,153,32408,0,0,32240,0,0,33301,0,0,34534,8907,0,33310,10373,1,132037,0,0;
24965203600;943661,44904,1,1319,456,481,34452,8220,25,34532,1,0,33290,8816,0,33302,5152,155,32408,0,0,32240,0,0,33301,0,0,34534,9071,0,33310,10372,2,132037,0,0;
25070704800;943767,44904,1,1345,468,417,34452,8220,25,34532,1,0,33290,8822,0,33302,5154,156,32408,0,0,32240,0,0,33301,0,0,34534,9096,0,33310,10368,2,132037,0,0;
25169075100;943865,44904,1,1306,465,501,34452,8221,25,34532,1,0,33290,8806,1,33302,5153,154,32408,0,0,32240,0,0,33301,0,0,34534,9322,0,33310,10368,2,132037,0,0;
25270635700;943967,44904,1,1360,456,397,34452,8218,25,34532,1,0,33290,8834,1,33302,5153,152,32408,0,0,32240,0,0,33301,0,0,34534,9430,0,33310,10373,3,132037,0,0;
25366232900;944062,44904,1,1373,497,333,34452,8221,25,34532,1,0,33290,8820,0,33302,5155,156,32408,0,0,32240,0,0,33301,0,0,34534,9848,0,33310,10356,2,132037,0,0;
25468613400;944164,44904,1,1323,444,477,34452,8221,25,34532,1,0,33290,8826,0,33302,5151,152,32408,0,0,32240,0,0,33301,0,0,34534,9759,0,33310,10379,2,132037,0,0;
25569083700;944265,44904,1,1356,456,409,34452,8216,24,34532,1,0,33290,8830,1,33302,5153,153,32408,0,0,32240,0,0,33301,0,0,34534,9075,0,33310,10371,2,132037,0,0;
25669615900;944366,44904,1,1366,472,365,34452,8221,25,34532,1,0,33290,8831,1,33302,5154,154,32408,0,0,32240,0,0,33301,0,0,34534,9028,0,33310,10368,1,132037,0,0;
25765806600;944462,44904,1,1335,442,455,34452,8220,25,34532,1,0,33290,8832,0,33302,5153,153,32408,0,0,32240,0,0,33301,0,0,34534,9035,0,33310,10380,2,132037,0,0;
25870534600;944566,44904,1,1311,449,504,34452,8220,25,34532,1,0,33290,8816,1,33302,5153,153,32408,0,0,32240,0,0,33301,0,0,34534,8934,0,33310,10375,2,132037,0,0;
25968969600;944665,44904,1,1362,472,377,34452,8220,25,34532,1,0,33290,8828,0,33302,5151,152,32408,0,0,32240,0,0,33301,0,0,34534,5233,0,33310,10367,1,132037,0,0;
26069580300;944766,44904,1,1356,447,424,34452,8213,24,34532,1,0,33290,8832,0,33302,5153,152,32408,0,0,32240,0,0,33301,0,0,34534,9041,0,33310,10373,2,132037,0,0;
26165427500;944861,44904,1,1302,392,574,34452,8217,25,34532,884,0,33290,8842,0,33302,5152,153,32408,0,0,32240,0,0,33301,0,0,34534,5091,0,33310,10400,1,132037,0,0;
26274272300;944970,44904,1,1359,441,406,34452,8219,25,34532,1,0,33290,8844,0,33302,5153,152,32408,0,0,32240,0,0,33301,0,0,34534,9023,0,33310,10381,1,132037,0,0;
26368911000;945065,44904,1,1308,435,521,34452,8220,25,34532,1,0,33290,8823,0,33302,5151,151,32408,0,0,32240,0,0,33301,0,0,34534,9031,0,33310,10382,1,132037,0,0;
26469834900;945166,44904,1,1332,448,460,34452,8219,25,34532,1,0,33290,8826,0,33302,5153,153,32408,0,0,32240,0,0,33301,0,0,34534,9383,0,33310,10376,2,132037,0,0;
26568134500;945264,44904,1,1357,473,385,34452,8220,25,34532,1,0,33290,8825,0,33302,5153,152,32408,0,0,32240,0,0,33301,0,0,34534,9318,0,33310,10366,1,132037,0,0;
26669772900;945366,44904,1,1292,425,564,34452,8220,25,34532,1,0,33290,8821,0,33302,5153,154,32408,0,0,32240,0,0,33301,0,0,34534,8979,0,33310,10386,1,132037,0,0;
26768808200;945465,44904,1,1354,470,392,34452,8221,26,34532,1,0,33290,8826,0,33302,5153,154,32408,0,0,32240,0,0,33301,0,0,34534,9049,0,33310,10368,1,132037,0,0;
26869553600;945566,44904,1,1350,451,411,34452,8222,25,34532,1,0,33290,8837,0,33302,5151,151,32408,0,0,32240,0,0,33301,0,0,34534,5416,0,33310,10378,1,132037,0,0;
26966215500;945662,44904,1,1377,451,359,34452,8220,25,34532,8835,15,33290,8837,0,33302,5153,154,32408,0,0,32240,0,0,33301,0,0,34534,5472,0,33310,10378,1,132037,0,0;
27066465900;945762,44904,1,1364,456,385,34452,8219,25,34532,8825,14,33290,8832,0,33302,5154,153,32408,0,0,32240,0,0,33301,0,0,34534,5123,0,33310,10374,1,132037,0,0;
27170260800;945866,44904,1,1375,465,354,34452,8220,25,34532,8826,15,33290,8831,0,33302,5152,153,32408,0,0,32240,0,0,33301,0,0,34534,5122,0,33310,10371,1,132037,0,0;
27270166400;945966,44904,1,1375,454,359,34452,8221,25,34532,8833,15,33290,8835,0,33302,5152,151,32408,0,0,32240,0,0,33301,0,0,34534,5463,0,33310,10377,1,132037,0,0;
27365460700;946061,44904,1,1380,449,361,34452,8217,24,34532,8835,15,33290,8827,0,33302,5152,152,32408,0,0,32240,0,0,33301,0,0,34534,5478,0,33310,10377,1,132037,0,0;
27467551800;946164,44904,1,1403,468,303,34452,8216,25,34532,8834,15,33290,8830,0,33302,5154,153,32408,0,0,32240,0,0,33301,0,0,34534,5600,0,33310,10368,1,132037,0,0;
27569035700;946265,44904,1,1397,465,315,34452,8216,25,34532,8833,15,33290,8830,0,33302,5153,154,32408,0,0,32240,0,0,33301,0,0,34534,5104,0,33310,10369,2,132037,0,0;
27667283400;946363,44904,1,1385,455,343,34452,8218,24,34532,8835,16,33290,8830,0,33302,5153,151,32408,0,0,32240,0,0,33301,0,0,34534,5521,0,33310,10375,1,132037,0,0;
27769738000;946466,44904,1,1361,434,411,34452,8217,26,34532,8834,16,33290,8827,0,33302,5153,153,32408,0,0,32240,0,0,33301,0,0,34534,5341,0,33310,10383,1,132037,0,0;
27864790500;946561,44904,1,1376,454,365,34452,8217,25,34532,8830,15,33290,8826,0,33302,5153,153,32408,0,0,32240,0,0,33301,0,0,34534,5131,0,33310,10374,1,132037,0,0;
27967293200;946663,44904,1,1371,457,369,34452,8219,25,34532,8828,16,33290,8827,0,33302,5153,153,32408,0,0,32240,0,0,33301,0,0,34534,5462,0,33310,10374,2,132037,0,0;
28070631600;946767,44904,1,1374,461,358,34452,8220,24,34532,8828,16,33290,8827,0,33302,5153,153,32408,0,0,32240,0,0,33301,0,0,34534,5418,0,33310,10373,1,132037,0,0;
28168920600;946865,44904,1,1377,458,359,34452,8218,24,34532,8829,16,33290,8825,0,33302,5153,154,32408,0,0,32240,0,0,33301,0,0,34534,5571,0,33310,10373,2,132037,0,0;
28271243900;946967,44904,1,1347,459,414,34452,8221,25,34532,1,0,33290,8829,0,33302,5153,153,32408,0,0,32240,0,0,33301,0,0,34534,1,0,33310,10373,1,132037,0,0;
28372532100;947068,44904,1,1389,467,323,34452,8220,24,34532,8832,16,33290,8829,0,33302,5153,154,32408,0,0,32240,0,0,33301,0,0,34534,5694,0,33310,10371,2,132037,0,0;
28468737100;947165,44904,1,1386,459,337,34452,8219,24,34532,8834,16,33290,8826,0,33302,5154,154,32408,0,0,32240,0,0,33301,0,0,34534,5647,0,33310,10374,2,132037,0,0;
28570650600;947267,44904,1,1389,465,326,34452,8219,24,34532,8832,17,33290,8828,0,33302,5152,154,32408,0,0,32240,0,0,33301,0,0,34534,9100,0,33310,10371,2,132037,0,0;
28670247900;947366,44904,1,1357,459,395,34452,8220,24,34532,8821,16,33290,8824,0,33302,5152,153,32408,0,0,32240,0,0,33301,0,0,34534,9156,0,33310,10373,1,132037,0,0;
28770075700;947466,44904,1,1371,457,369,34452,8219,25,34532,8828,16,33290,8826,0,33302,5153,154,32408,0,0,32240,0,0,33301,0,0,34534,5738,0,33310,10374,1,132037,0,0;
28872575900;947569,44904,1,1390,463,322,34452,8220,25,34532,8835,17,33290,8828,0,33302,5153,153,32408,0,0,32240,0,0,33301,0,0,34534,5734,0,33310,10373,2,132037,0,0;
28967560000;947663,44904,1,1372,461,364,34452,8219,25,34532,8826,16,33290,8828,0,33302,5152,152,32408,0,0,32240,0,0,33301,0,0,34534,9056,0,33310,10372,2,132037,0,0;
29070268300;947766,44904,1,1384,460,340,34452,8219,25,34532,8832,17,33290,8823,0,33302,5152,152,32408,0,0,32240,0,0,33301,0,0,34534,5816,0,33310,10373,2,132037,0,0;
29168940200;947865,44904,1,1371,455,372,34452,8218,25,34532,8828,16,33290,8825,0,33302,5152,150,32408,0,0,32240,0,0,33301,0,0,34534,9163,0,33310,10374,2,132037,0,0;
29269137900;947965,44904,1,1397,475,297,34452,8221,26,34532,8832,18,33290,8827,0,33302,5153,151,32408,0,0,32240,0,0,33301,0,0,34534,0,0,33310,10368,2,132037,0,0;
29369424900;948065,44904,1,1396,470,305,34452,8220,25,34532,8834,17,33290,8825,0,33302,5154,152,32408,0,0,32240,0,0,33301,0,0,34534,9072,0,33310,10370,2,132037,0,0;
29468956700;948165,44904,1,1402,471,296,34452,8219,25,34532,8835,17,33290,8832,0,33302,5153,151,32408,0,0,32240,0,0,33301,0,0,34534,9034,0,33310,10369,2,132037,0,0;
29567824000;948264,44904,1,1392,474,307,34452,8222,26,34532,8831,17,33290,8825,0,33302,5154,151,32408,0,0,32240,0,0,33301,0,0,34534,9060,0,33310,10369,2,132037,0,0;
29668166100;948364,44904,1,1383,451,354,34452,8216,26,34532,8834,17,33290,8826,0,33302,5153,150,32408,0,0,32240,0,0,33301,0,0,34534,9028,0,33310,10375,3,132037,0,0;
29767414800;948463,44904,1,1368,470,362,34452,8221,25,34532,8821,16,33290,8830,0,33302,5152,150,32408,0,0,32240,0,0,33301,0,0,34534,8991,0,33310,10369,2,132037,0,0;
29872242000;948568,44904,1,1393,461,320,34452,8219,25,34532,8837,18,33290,8823,0,33302,5153,149,32408,0,0,32240,0,0,33301,0,0,34534,9022,0,33310,10373,2,132037,0,0;
29972157900;948668,44904,1,1379,465,342,34452,8221,26,34532,8829,17,33290,8824,0,33302,5153,149,32408,0,0,32240,0,0,33301,0,0,34534,8985,0,33310,10372,2,132037,0,0;
30067909300;948764,44904,1,1394,473,305,34452,8221,26,34532,8832,16,33290,8829,0,33302,5152,149,32408,0,0,32240,0,0,33301,0,0,34534,9004,0,33310,10369,2,132037,0,0;
30169661400;948866,44904,1,1375,462,360,34452,8218,26,34532,8826,15,33290,8826,0,33302,5153,149,32408,0,0,32240,0,0,33301,0,0,34534,9071,0,33310,10371,2,132037,0,0;
30269314700;948965,44904,1,1404,476,282,34452,8221,26,34532,8835,17,33290,8826,0,33302,5153,149,32408,0,0,32240,0,0,33301,0,0,34534,9057,0,33310,10368,2,132037,0,0;
30371311300;949067,44904,1,1400,478,290,34452,8221,26,34532,8832,17,33290,8826,0,33302,5153,148,32408,0,0,32240,0,0,33301,0,0,34534,9048,0,33310,10367,3,132037,0,0;
30467374100;949163,44904,1,1398,468,302,34452,8220,27,34532,8837,17,33290,8826,0,33302,5153,148,32408,0,0,32240,0,0,33301,0,0,34534,9184,0,33310,10371,2,132037,0,0;
30567782500;949264,44904,1,1375,471,346,34452,8221,27,34532,8824,15,33290,8831,0,33302,5152,146,32408,0,0,32240,0,0,33301,0,0,34534,0,0,33310,10369,2,132037,0,0;
30665543700;949361,44904,1,1384,461,341,34452,8218,27,34532,8831,16,33290,8830,0,33302,5153,148,32408,0,0,32240,0,0,33301,0,0,34534,0,0,33310,10372,2,132037,0,0;
30770979100;949467,44904,1,1405,481,279,34452,8220,26,34532,8832,17,33290,8831,0,33302,5152,147,32408,0,0,32240,0,0,33301,0,0,34534,0,0,33310,10365,2,132037,0,0;
30867439200;949563,44904,1,1371,455,372,34452,8218,25,34532,8828,16,33290,8831,0,33302,5153,148,32408,0,0,32240,0,0,33301,0,0,34534,5787,0,33310,10374,2,132037,0,0;
30968831900;949665,44904,1,1395,477,300,34452,8221,25,34532,8830,16,33290,8832,0,33302,5153,147,32408,0,0,32240,0,0,33301,0,0,34534,5811,0,33310,10367,2,132037,0,0;
31070969300;949767,44904,1,1374,459,360,34452,8220,25,34532,8829,16,33290,8829,0,33302,5154,148,32408,0,0,32240,0,0,33301,0,0,34534,9047,0,33310,10374,2,132037,0,0;
31169624800;949866,44904,1,1380,464,347,34452,8218,25,34532,8827,17,33290,8826,0,33302,5154,148,32408,0,0,32240,0,0,33301,0,0,34534,5881,0,33310,10370,2,132037,0,0;
31266258700;949962,44904,1,1391,465,321,34452,8219,25,34532,8833,15,33290,8838,0,33302,5152,146,32408,0,0,32240,0,0,33301,0,0,34534,5700,0,33310,10371,2,132037,0,0;
31371040900;950067,44904,1,1374,459,361,34452,8219,25,34532,8828,16,33290,8829,0,33302,5153,147,32408,0,0,32240,0,0,33301,0,0,34534,5737,0,33310,10373,2,132037,0,0;
31469010600;950165,44904,1,1377,465,349,34452,8220,25,34532,8827,16,33290,8828,0,33302,5152,147,32408,0,0,32240,0,0,33301,0,0,34534,5508,0,33310,10371,2,132037,0,0;
31569384900;950265,44904,1,1398,466,304,34452,8220,25,34532,8838,17,33290,8828,0,33302,5152,147,32408,0,0,32240,0,0,33301,0,0,34534,9157,0,33310,10372,2,132037,0,0;
31665859500;950362,44904,1,1403,467,295,34452,8219,25,34532,8839,17,33290,8830,0,33302,5153,149,32408,0,0,32240,0,0,33301,0,0,34534,5858,0,33310,10371,3,132037,0,0;
31767075600;950463,44904,1,1400,467,307,34452,8217,25,34532,8834,17,33290,8831,0,33302,5153,148,32408,0,0,32240,0,0,33301,0,0,34534,9062,0,33310,10369,2,132037,0,0;
31871845200;950568,44904,1,1377,455,354,34452,8220,25,34532,8833,17,33290,8830,0,33302,5152,148,32408,0,0,32240,0,0,33301,0,0,34534,8976,0,33310,10376,2,132037,0,0;
31968371300;950664,44904,1,1378,466,350,34452,8219,26,34532,8826,16,33290,8833,0,33302,5153,149,32408,0,0,32240,0,0,33301,0,0,34534,9120,0,33310,10370,2,132037,0,0;
32069759200;950766,44904,1,1380,466,344,34452,8219,25,34532,8827,16,33290,8833,0,33302,5153,149,32408,0,0,32240,0,0,33301,0,0,34534,9039,0,33310,10370,2,132037,0,0;
32165819800;950862,44904,1,1383,467,341,34452,8217,25,34532,8826,15,33290,8835,0,33302,5154,151,32408,0,0,32240,0,0,33301,0,0,34534,9060,0,33310,10368,2,132037,0,0;
32269519400;950965,44904,1,1384,450,346,34452,8219,24,34532,8839,15,33290,8842,0,33302,5152,150,32408,0,0,32240,0,0,33301,0,0,34534,5611,0,33310,10378,1,132037,0,0;
32367868400;951064,44904,1,1377,449,362,34452,8219,24,34532,8835,16,33290,8828,0,33302,5153,151,32408,0,0,32240,0,0,33301,0,0,34534,5713,0,33310,10378,2,132037,0,0;
32470104700;951166,44904,1,1395,470,312,34452,8218,24,34532,8831,15,33290,8829,0,33302,5154,152,32408,0,0,32240,0,0,33301,0,0,34534,9203,0,33310,10368,2,132037,0,0;
32571249700;951267,44904,1,1363,446,397,34452,8218,24,34532,8829,16,33290,8828,0,33302,5154,153,32408,0,0,32240,0,0,33301,0,0,34534,9095,0,33310,10378,2,132037,0,0;
32665778300;951362,44904,1,1363,457,380,34452,8221,24,34532,8826,15,33290,8838,0,33302,5153,153,32408,0,0,32240,0,0,33301,0,0,34534,0,0,33310,10375,1,132037,0,0;
32766071400;951462,44904,1,1380,459,344,34452,8221,24,34532,8833,16,33290,8834,0,33302,5154,152,32408,0,0,32240,0,0,33301,0,0,34534,0,0,33310,10375,2,132037,0,0;
32975759100;951671,44904,1,1340,443,457,34452,8215,24,34532,1,0,33290,8829,0,33302,5149,149,32408,0,0,32240,0,0,33301,0,0,34534,9012,0,33310,10376,2,132037,0,0;
33065382800;951761,44904,1,1346,449,424,34452,8221,25,34532,8822,15,33290,8839,0,33302,5153,153,32408,0,0,32240,0,0,33301,0,0,34534,5747,0,33310,10378,1,132037,0,0;
33165969600;951862,44904,1,1243,392,725,34452,8212,24,34532,8795,13,33290,8831,0,33302,5152,153,32408,0,0,32240,0,0,33301,0,0,34534,8987,0,33310,10393,1,132037,0,0;
