20682042500;801205,44904,1,6587,419,75,34532,8680,22,34452,4744,162,132037,0,0,33311,14646,0,33310,0,0,32408,0,0,32350,4816,215,33290,8639,2,33301,0,0,132105,10682,7;
20777265300;801299,44904,1,6528,506,-136,34532,8682,22,34452,4744,164,132037,0,0,33311,14594,0,33310,0,0,32408,0,0,32350,4816,216,33290,8639,2,33301,0,0,132105,10683,7;
20980532500;801503,44904,1,6609,373,71,34532,8680,22,34452,4743,165,132037,0,0,33311,0,0,33310,8379,5,32408,0,0,32350,4816,200,33290,8638,2,33301,0,0,132105,10682,7;
21075932000;801598,44904,1,6596,366,81,34532,8679,22,34452,4744,163,132037,0,0,33311,0,0,33310,8383,5,32408,0,0,32350,4816,199,33290,8640,2,33301,0,0,132105,10682,8;
21178696200;801701,44904,1,6697,443,-17,34532,8681,22,34452,4744,163,132037,0,0,33311,0,0,33310,8344,5,32408,0,0,32350,4815,205,33290,8637,2,33301,0,0,132105,10686,7;
21279969400;801802,44904,1,6619,380,60,34532,8681,22,34452,4744,160,132037,0,0,33311,0,0,33310,8376,5,32408,0,0,32350,4816,217,33290,8638,2,33301,0,0,132105,10682,8;
21380615000;801904,44904,1,6609,376,69,34532,8678,22,34452,4743,160,132037,0,0,33311,0,0,33310,8377,5,32408,0,0,32350,4816,224,33290,8636,2,33301,0,0,132105,10682,7;
21475635400;801998,44904,1,6614,374,68,34532,8682,22,34452,4743,162,132037,0,0,33311,0,0,33310,8379,5,32408,0,0,32350,4816,227,33290,8639,2,33301,0,0,132105,10680,7;
21581403600;802105,44904,1,6611,377,65,34532,8680,22,34452,4745,166,132037,0,0,33311,0,0,33310,8378,6,32408,0,0,32350,4815,226,33290,8639,2,33301,0,0,132105,10683,7;
21679486100;802202,44904,1,6619,376,64,34532,8683,22,34452,4743,163,132037,0,0,33311,0,0,33310,8378,5,32408,0,0,32350,4816,222,33290,8639,2,33301,0,0,132105,10684,7;
21780687500;802303,44904,1,6609,371,72,34532,8681,22,34452,4743,161,132037,0,0,33311,0,0,33310,8380,5,32408,0,0,32350,4817,218,33290,8639,2,33301,0,0,132105,10686,7;
21876294700;802399,44904,1,6611,378,66,34532,8679,22,34452,4744,161,132037,0,0,33311,0,0,33310,8377,5,32408,0,0,32350,4817,212,33290,0,0,33301,0,0,132105,10682,7;
21978992700;802502,44904,1,6694,442,-16,34532,8681,23,34452,4745,165,132037,0,0,33311,0,0,33310,8345,5,32408,0,0,32350,4816,206,33290,8639,2,33301,0,0,132105,10686,7;
22079047500;802601,44904,1,6606,372,72,34532,8680,22,34452,4744,166,132037,0,0,33311,0,0,33310,8380,5,32408,0,0,32350,4816,199,33290,8639,2,33301,0,0,132105,10686,7;
22180389100;802703,44904,1,6697,440,-14,34532,8682,22,34452,4743,165,132037,0,0,33311,0,0,33310,8345,5,32408,0,0,32350,4816,201,33290,8637,2,33301,0,0,132105,10683,7;
22376951400;802899,44904,1,6614,375,67,34532,8682,22,34452,4744,163,132037,0,0,33311,0,0,33310,8379,5,32408,0,0,32350,4816,201,33290,8636,2,33301,0,0,132105,10682,6;
22478540400;803002,44904,1,6697,439,-15,34532,8683,22,34452,4744,164,132037,0,0,33311,0,0,33310,8346,5,32408,0,0,32350,4815,204,33290,8637,2,33301,0,0,132105,10684,6;
22579534000;803102,44904,1,6609,371,72,34532,8681,22,34452,4743,163,132037,0,0,33311,0,0,33310,8380,5,32408,0,0,32350,4816,201,33290,8640,2,33301,0,0,132105,10682,6;
22681015500;803204,44904,1,6609,376,69,34532,8679,22,34452,4744,163,132037,0,0,33311,0,0,33310,8378,5,32408,0,0,32350,4816,201,33290,8636,2,33301,0,0,132105,10686,7;
22780778300;803303,44904,1,6699,441,-16,34532,8683,22,34452,4743,160,132037,0,0,33311,0,0,33310,8345,5,32408,0,0,32350,4817,200,33290,8639,2,33301,0,0,132105,10685,7;
22877163200;803400,44904,1,6611,378,66,34532,8679,22,34452,4744,160,132037,0,0,33311,0,0,33310,8377,5,32408,0,0,32350,4816,205,33290,8638,2,33301,0,0,132105,10686,7;
22979523200;803502,44904,1,6601,370,76,34532,8679,22,34452,4744,160,132037,0,0,33311,0,0,33310,8381,5,32408,0,0,32350,4817,208,33290,8637,2,33301,0,0,132105,10685,7;
23079179500;803603,44904,1,6621,379,60,34532,8683,22,34452,4744,161,132037,0,0,33311,0,0,33310,8377,5,32408,0,0,32350,4816,212,33290,8637,2,33301,0,0,132105,10683,7;
23180201700;803703,44904,1,6611,377,68,34532,8679,22,34452,4743,159,132037,0,0,33311,0,0,33310,8377,5,32408,0,0,32350,4817,213,33290,8640,2,33301,0,0,132105,10684,7;
23280670900;803804,44904,1,6694,441,-15,34532,8681,21,34452,4744,161,132037,0,0,33311,0,0,33310,8345,5,32408,0,0,32350,4817,212,33290,8643,2,33301,0,0,132105,10682,7;
23377067500;803900,44904,1,6621,379,60,34532,8683,21,34452,4744,161,132037,0,0,33311,0,0,33310,8377,5,32408,0,0,32350,4817,214,33290,8640,2,33301,0,0,132105,10682,7;
23477250200;804001,44904,1,6616,378,66,34532,8680,22,34452,4742,161,132037,0,0,33311,0,0,33310,8376,5,32408,0,0,32350,4817,216,33290,8640,2,33301,0,0,132105,10683,7;
23578683600;804102,44904,1,6692,440,-11,34532,8680,22,34452,4743,160,132037,0,0,33311,0,0,33310,8345,5,32408,0,0,32350,4816,216,33290,8637,2,33301,0,0,132105,10684,7;
23679082800;804203,44904,1,6694,440,-13,34532,8681,22,34452,4743,160,132037,0,0,33311,0,0,33310,8345,5,32408,0,0,32350,4816,216,33290,8640,2,33301,0,0,132105,10684,7;
23775693700;804299,44904,1,6614,375,67,34532,8681,22,34452,4743,162,132037,0,0,33311,0,0,33310,8378,5,32408,0,0,32350,4816,216,33290,8639,2,33301,0,0,132105,10682,8;
23877388000;804401,44904,1,6611,378,66,34532,8679,22,34452,4744,163,132037,0,0,33311,0,0,33310,8377,5,32408,0,0,32350,4816,217,33290,8639,2,33301,0,0,132105,10682,7;
23978162600;804502,44904,1,6609,370,73,34532,8682,22,34452,4743,161,132037,0,0,33311,0,0,33310,8381,5,32408,0,0,32350,4817,215,33290,8639,2,33301,0,0,132105,10682,8;
24080699500;804605,44904,1,6611,375,66,34532,8681,22,34452,4745,163,132037,0,0,33311,0,0,33310,8379,5,32408,0,0,32350,4817,214,33290,8637,2,33301,0,0,132105,10684,7;
24174744000;804698,44904,1,6609,371,72,34532,8682,22,34452,4744,162,132037,0,0,33311,0,0,33310,8381,5,32408,0,0,32350,4816,209,33290,8638,2,33301,0,0,132105,10684,7;
24278402900;804802,44904,1,6609,373,69,34532,8681,22,34452,4745,162,132037,0,0,33311,0,0,33310,8380,5,32408,0,0,32350,4816,211,33290,8639,2,33301,0,0,132105,10684,7;
24378779700;804902,44904,1,6689,441,-11,34532,8678,22,34452,4743,159,132037,0,0,33311,0,0,33310,8344,5,32408,0,0,32350,4816,213,33290,8639,2,33301,0,0,132105,10685,7;
24480367300;805004,44904,1,6606,372,72,34532,8680,22,34452,4744,162,132037,0,0,33311,0,0,33310,8380,5,32408,0,0,32350,4817,213,33290,8640,2,33301,0,0,132105,10688,7;
24573863300;805098,44904,1,6614,375,67,34532,8682,21,34452,4744,162,132037,0,0,33311,0,0,33310,8379,5,32408,0,0,32350,4817,214,33290,8638,2,33301,0,0,132105,10684,7;
24677494300;805201,44904,1,6692,437,-11,34532,8682,21,34452,4744,160,132037,0,0,33311,0,0,33310,8347,5,32408,0,0,32350,4818,215,33290,8639,2,33301,0,0,132105,10682,7;
24778322400;805302,44904,1,6699,444,-20,34532,8682,22,34452,4745,160,132037,0,0,33311,0,0,33310,8344,5,32408,0,0,32350,4818,214,33290,8639,2,33301,0,0,132105,10682,7;
24878815300;805403,44904,1,6689,439,-11,34532,8680,21,34452,4744,158,132037,0,0,33311,0,0,33310,8346,5,32408,0,0,32350,4818,212,33290,8639,2,33301,0,0,132105,10683,7;
24975461700;805499,44904,1,6692,440,-13,34532,8680,22,34452,4744,162,132037,0,0,33311,0,0,33310,8345,5,32408,0,0,32350,4817,213,33290,8639,2,33301,0,0,132105,10680,8;
25077510400;805601,44904,1,6682,436,-5,34532,8678,22,34452,4744,163,132037,0,0,33311,0,0,33310,8347,5,32408,0,0,32350,4817,214,33290,8639,2,33301,0,0,132105,10685,8;
25178399600;805702,44904,1,6689,440,-12,34532,8679,22,34452,4744,163,132037,0,0,33311,0,0,33310,8345,5,32408,0,0,32350,4817,213,33290,8639,2,33301,0,0,132105,10680,9;
25278793500;805803,44904,1,6611,375,69,34532,8680,22,34452,4743,162,132037,0,0,33311,0,0,33310,8378,5,32408,0,0,32350,4817,208,33290,8638,2,33301,0,0,132105,10685,9;
25374738700;805898,44904,1,6611,374,68,34532,8681,22,34452,4744,165,132037,0,0,33311,14619,0,33310,8379,5,32408,0,0,32350,4817,206,33290,8640,2,33301,0,0,132105,10683,8;
25478503900;806003,44904,1,6692,440,-11,34532,8680,22,34452,4743,164,132037,0,0,33311,0,0,33310,8345,5,32408,0,0,32350,4817,206,33290,8638,2,33301,0,0,132105,10685,8;
25577994400;806102,44904,1,6601,370,77,34532,8678,22,34452,4743,164,132037,0,0,33311,0,0,33310,8380,5,32408,0,0,32350,4817,204,33290,8638,2,33301,0,0,132105,10681,8;
25678568100;806203,44904,1,6619,376,64,34532,8683,21,34452,4743,163,132037,0,0,33311,0,0,33310,8378,5,32408,0,0,32350,4817,204,33290,8639,2,33301,0,0,132105,10680,7;
25777849800;806301,44904,1,6614,375,67,34532,8682,22,34452,4744,166,132037,0,0,33311,0,0,33310,8379,5,32408,0,0,32350,4818,210,33290,8637,2,33301,0,0,132105,10681,7;
25877619600;806401,44904,1,6614,374,68,34532,8682,22,34452,4743,163,132037,0,0,33311,0,0,33310,8379,5,32408,0,0,32350,4817,212,33290,8639,2,33301,0,0,132105,10683,7;
25978746500;806503,44904,1,6609,374,70,34532,8680,22,34452,4744,164,132037,0,0,33311,0,0,33310,8379,5,32408,0,0,32350,4816,213,33290,8639,2,33301,0,0,132105,10684,7;
26074473100;806598,44904,1,6609,372,71,34532,8681,22,34452,4744,162,132037,0,0,33311,14611,0,33310,8380,5,32408,0,0,32350,4816,215,33290,8640,2,33301,0,0,132105,10683,7;
26177744000;806702,44904,1,6699,441,-17,34532,8683,22,34452,4744,160,132037,0,0,33311,0,0,33310,8345,5,32408,0,0,32350,4817,218,33290,8637,2,33301,0,0,132105,10682,7;
26277978000;806801,44904,1,6694,442,-14,34532,8680,22,34452,4743,161,132037,0,0,33311,0,0,33310,8344,5,32408,0,0,32350,4817,215,33290,8640,2,33301,0,0,132105,10681,6;
26377983600;806902,44904,1,6609,373,71,34532,8680,22,34452,4743,161,132037,0,0,33311,0,0,33310,8379,5,32408,0,0,32350,4816,215,33290,8637,2,33301,0,0,132105,10684,6;
26479220400;807003,44904,1,6616,376,66,34532,8682,22,34452,4743,160,132037,0,0,33311,0,0,33310,8378,5,32408,0,0,32350,4817,212,33290,8638,2,33301,0,0,132105,10683,6;
26573865500;807098,44904,1,6604,373,73,34532,8678,22,34452,4744,161,132037,0,0,33311,14599,0,33310,8379,5,32408,0,0,32350,4817,210,33290,8641,2,33301,0,0,132105,10683,6;
26676710800;807201,44904,1,6616,374,67,34532,8683,22,34452,4743,161,132037,0,0,33311,0,0,33310,8379,5,32408,0,0,32350,4817,209,33290,8638,2,33301,0,0,132105,10683,6;
26777438700;807301,44904,1,6697,440,-14,34532,8682,22,34452,4743,161,132037,0,0,33311,0,0,33310,8345,6,32408,0,0,32350,4816,208,33290,8639,2,33301,0,0,132105,10684,6;
26878667400;807403,44904,1,6614,378,65,34532,8680,22,34452,4744,162,132037,0,0,33311,14610,0,33310,8377,5,32408,0,0,32350,4816,209,33290,8640,2,33301,0,0,132105,10684,7;
26973868600;807498,44904,1,6619,380,60,34532,8681,22,34452,4744,163,132037,0,0,33311,0,0,33310,8376,5,32408,0,0,32350,4817,208,33290,8639,2,33301,0,0,132105,10684,7;
27077058900;807601,44904,1,6547,481,-71,34532,8680,22,34452,4744,165,132037,0,0,33311,14609,0,33310,0,0,32408,0,0,32350,4817,207,33290,8639,2,33301,0,0,132105,10683,6;
27177313800;807701,44904,1,6604,370,75,34532,8680,22,34452,4744,167,132037,0,0,33311,14600,0,33310,8381,5,32408,0,0,32350,4817,207,33290,8639,2,33301,0,0,132105,10685,6;
27278493300;807803,44904,1,6616,380,62,34532,8680,22,34452,4744,170,132037,0,0,33311,0,0,33310,8376,5,32408,0,0,32350,4817,207,33290,8637,2,33301,0,0,132105,10681,6;
27373503600;807898,44904,1,6604,370,75,34532,8680,22,34452,4744,169,132037,0,0,33311,0,0,33310,8381,5,32408,0,0,32350,4817,209,33290,8638,2,33301,0,0,132105,10684,6;
27476975100;808001,44904,1,6621,380,61,34532,8682,22,34452,4743,165,132037,0,0,33311,0,0,33310,8376,5,32408,0,0,32350,4817,212,33290,8637,2,33301,0,0,132105,10682,6;
27577132000;808102,44904,1,6609,373,71,34532,8680,22,34452,4743,164,132037,0,0,33311,0,0,33310,8379,5,32408,0,0,32350,4817,214,33290,8639,2,33301,0,0,132105,10682,7;
27677896800;808202,44904,1,6604,370,75,34532,8680,22,34452,4744,169,132037,0,0,33311,0,0,33310,8381,5,32408,0,0,32350,4817,213,33290,8638,2,33301,0,0,132105,10683,6;
27774521800;808298,44904,1,6619,379,62,34532,8681,22,34452,4743,163,132037,0,0,33311,0,0,33310,8376,5,32408,0,0,32350,4816,212,33290,8636,2,33301,0,0,132105,10684,6;
27877652500;808402,44904,1,6616,376,66,34532,8682,22,34452,4743,162,132037,0,0,33311,0,0,33310,8378,5,32408,0,0,32350,4816,210,33290,8639,2,33301,0,0,132105,10685,7;
27977065800;808501,44904,1,6614,375,67,34532,8682,22,34452,4744,165,132037,0,0,33311,0,0,33310,8379,5,32408,0,0,32350,4816,206,33290,8638,2,33301,0,0,132105,10684,7;
28078852300;808603,44904,1,6619,380,60,34532,8681,22,34452,4744,166,132037,0,0,33311,0,0,33310,8376,5,32408,0,0,32350,4817,208,33290,8638,2,33301,0,0,132105,10684,7;
28178854400;808703,44904,1,6609,373,71,34532,8680,22,34452,4743,164,132037,0,0,33311,0,0,33310,8379,5,32408,0,0,32350,4816,207,33290,8636,2,33301,0,0,132105,10683,7;
28274231800;808799,44904,1,6614,374,69,34532,8681,22,34452,4742,164,132037,0,0,33311,0,0,33310,8378,5,32408,0,0,32350,4816,210,33290,8637,2,33301,0,0,132105,10684,7;
28377082500;808901,44904,1,6694,442,-14,34532,8680,22,34452,4743,163,132037,0,0,33311,0,0,33310,8344,5,32408,0,0,32350,4816,208,33290,8639,2,33301,0,0,132105,10683,7;
28478673100;809003,44904,1,6601,369,78,34532,8679,22,34452,4743,163,132037,0,0,33311,0,0,33310,8381,5,32408,0,0,32350,4817,211,33290,8637,2,33301,0,0,132105,10682,7;
28577921300;809102,44904,1,6611,375,69,34532,8680,22,34452,4743,164,132037,0,0,33311,0,0,33310,8378,5,32408,0,0,32350,4817,212,33290,8637,2,33301,0,0,132105,10684,7;
28678850100;809203,44904,1,6689,439,-10,34532,8679,22,34452,4743,164,132037,0,0,33311,0,0,33310,8345,5,32408,0,0,32350,4817,210,33290,8638,2,33301,0,0,132105,10686,7;
28774606200;809299,44904,1,6694,440,-13,34532,8681,22,34452,4743,163,132037,0,0,33311,0,0,33310,8345,5,32408,0,0,32350,4816,212,33290,8639,2,33301,0,0,132105,10684,7;
28877342100;809402,44904,1,6611,373,69,34532,8682,22,34452,4744,163,132037,0,0,33311,0,0,33310,8380,5,32408,0,0,32350,4816,213,33290,8636,2,33301,0,0,132105,10682,7;
28976824900;809501,44904,1,6611,374,68,34532,8681,22,34452,4744,162,132037,0,0,33311,0,0,33310,8379,5,32408,0,0,32350,4817,216,33290,8637,2,33301,0,0,132105,10684,7;
29077804300;809602,44904,1,6609,371,72,34532,8681,22,34452,4743,160,132037,0,0,33311,0,0,33310,8380,5,32408,0,0,32350,4817,214,33290,8639,2,33301,0,0,132105,10685,7;
29175036100;809699,44904,1,6611,377,68,34532,8679,22,34452,4743,162,132037,0,0,33311,0,0,33310,8377,5,32408,0,0,32350,4815,215,33290,8639,2,33301,0,0,132105,10683,7;
29275484100;809800,44904,1,6604,370,75,34532,8680,22,34452,4744,161,132037,0,0,33311,0,0,33310,8381,5,32408,0,0,32350,4817,216,33290,8638,2,33301,0,0,132105,10684,8;
29376622300;809901,44904,1,6611,373,70,34532,8681,22,34452,4743,159,132037,0,0,33311,0,0,33310,8379,5,32408,0,0,32350,4817,212,33290,8639,2,33301,0,0,132105,10682,7;
29477962300;810002,44904,1,6687,439,-8,34532,8678,22,34452,4743,159,132037,0,0,33311,0,0,33310,8345,5,32408,0,0,32350,4816,211,33290,8637,2,33301,0,0,132105,10683,7;
29573171000;810097,44904,1,6609,375,70,34532,8679,22,34452,4743,160,132037,0,0,33311,14630,0,33310,8378,5,32408,0,0,32350,4817,213,33290,8637,2,33301,0,0,132105,10683,7;
29675294300;810200,44904,1,6614,375,67,34532,8681,22,34452,4743,159,132037,0,0,33311,0,0,33310,8378,5,32408,0,0,32350,4816,210,33290,8641,2,33301,0,0,132105,10683,7;
29776510400;810301,44904,1,6609,374,70,34532,8680,22,34452,4744,160,132037,0,0,33311,0,0,33310,8379,5,32408,0,0,32350,4817,211,33290,8639,2,33301,0,0,132105,10685,7;
29879257600;810404,44904,1,6611,375,69,34532,8680,22,34452,4743,159,132037,0,0,33311,0,0,33310,8378,5,32408,0,0,32350,4817,212,33290,8636,2,33301,0,0,132105,10685,7;
29972791200;810497,44904,1,6614,374,68,34532,8682,22,34452,4743,160,132037,0,0,33311,0,0,33310,8379,6,32408,0,0,32350,4817,210,33290,8638,2,33301,0,0,132105,10682,7;
30075251200;810600,44904,1,6609,372,71,34532,8681,22,34452,4744,161,132037,0,0,33311,14595,0,33310,8380,6,32408,0,0,32350,4816,206,33290,8638,2,33301,0,0,132105,10683,8;
30176828300;810701,44904,1,6614,375,67,34532,8682,22,34452,4744,161,132037,0,0,33311,14616,0,33310,8379,6,32408,0,0,32350,4816,206,33290,8638,2,33301,0,0,132105,10685,8;
30277774200;810802,44904,1,6619,379,61,34532,8682,22,34452,4744,159,132037,0,0,33311,0,0,33310,8377,5,32408,0,0,32350,4816,207,33290,8639,2,33301,0,0,132105,10683,7;
30373141300;810897,44904,1,6619,379,62,34532,8681,22,34452,4743,162,132037,0,0,33311,14598,0,33310,8376,6,32408,0,0,32350,4816,210,33290,8639,2,33301,0,0,132105,10686,8;
30475980400;811001,44904,1,6619,377,62,34532,8683,22,34452,4744,164,132037,0,0,33311,0,0,33310,8378,5,32408,0,0,32350,4816,211,33290,8638,2,33301,0,0,132105,10684,8;
30578435400;811101,44904,1,6611,376,67,34532,8680,22,34452,4744,164,132037,0,0,33311,14594,0,33310,8378,5,32408,0,0,32350,4816,210,33290,8637,2,33301,0,0,132105,10683,8;
30677605200;811202,44904,1,6621,380,61,34532,8682,21,34452,4743,162,132037,0,0,33311,14587,0,33310,8376,5,32408,0,0,32350,4817,212,33290,8640,2,33301,0,0,132105,10683,7;
30772466500;811297,44904,1,6616,375,65,34532,8683,22,34452,4744,163,132037,0,0,33311,14595,0,33310,8379,6,32408,0,0,32350,4817,212,33290,8641,2,33301,0,0,132105,10682,7;
30875924700;811401,44904,1,6619,379,60,34532,8682,21,34452,4745,161,132037,0,0,33311,0,0,33310,8377,6,32408,0,0,32350,4816,210,33290,8638,2,33301,0,0,132105,10686,7;
30976025100;811501,44904,1,6619,379,61,34532,8682,22,34452,4744,162,132037,0,0,33311,14598,0,33310,8377,5,32408,0,0,32350,4817,211,33290,8639,2,33301,0,0,132105,10685,7;
31077364000;811602,44904,1,6611,373,70,34532,8681,22,34452,4743,162,132037,0,0,33311,14599,0,33310,8379,5,32408,0,0,32350,4817,212,33290,8640,2,33301,0,0,132105,10684,7;
31174256600;811698,44904,1,6616,379,64,34532,8680,22,34452,4743,161,132037,0,0,33311,14602,0,33310,8376,5,32408,0,0,32350,4816,211,33290,8638,2,33301,0,0,132105,10685,7;
31275447900;811800,44904,1,6624,380,59,34532,8683,22,34452,4743,161,132037,0,0,33311,14580,0,33310,8376,6,32408,0,0,32350,4816,212,33290,8639,2,33301,0,0,132105,10682,7;
31375737300;811901,44904,1,6619,378,63,34532,8682,22,34452,4743,160,132037,0,0,33311,14595,0,33310,8377,6,32408,0,0,32350,4816,212,33290,8636,2,33301,0,0,132105,10682,7;
31478303300;812003,44904,1,6621,378,62,34532,8683,22,34452,4743,161,132037,0,0,33311,14585,0,33310,8377,6,32408,0,0,32350,4816,212,33290,8639,2,33301,0,0,132105,10685,7;
31577476700;812102,44904,1,6609,373,69,34532,8681,22,34452,4745,162,132037,0,0,33311,14585,0,33310,8380,5,32408,0,0,32350,4818,212,33290,8638,2,33301,0,0,132105,10682,8;
31673740400;812198,44904,1,6616,374,67,34532,8683,21,34452,4743,159,132037,0,0,33311,14614,0,33310,8379,5,32408,0,0,32350,4816,207,33290,8640,2,33301,0,0,132105,10683,8;
31775170200;812300,44904,1,6692,440,-11,34532,8680,22,34452,4743,161,132037,0,0,33311,14596,0,33310,8345,5,32408,0,0,32350,4817,208,33290,8639,2,33301,0,0,132105,10683,8;
31876733400;812402,44904,1,6493,554,-251,34532,8684,22,34452,4745,163,132037,0,0,33311,14565,0,33310,0,0,32408,0,0,32350,4817,209,33290,8639,2,33301,0,0,132105,10683,8;
31976550200;812501,44904,1,6697,441,-16,34532,8682,22,34452,4744,163,132037,0,0,33311,14557,0,33310,8345,5,32408,0,0,32350,4817,209,33290,8639,2,33301,0,0,132105,10683,8;
32077671000;812602,44904,1,6611,374,67,34532,8682,22,34452,4745,164,132037,0,0,33311,14558,0,33310,8380,5,32408,0,0,32350,4816,209,33290,8637,2,33301,0,0,132105,10685,8;
32174223700;812698,44904,1,6616,376,66,34532,8682,22,34452,4743,162,132037,0,0,33311,14561,0,33310,8378,5,32408,0,0,32350,4816,205,33290,8638,2,33301,0,0,132105,10683,8;
32275195100;812800,44904,1,6616,380,62,34532,8680,22,34452,4744,165,132037,0,0,33311,14562,0,33310,8376,5,32408,0,0,32350,4816,210,33290,8638,2,33301,0,0,132105,10682,7;
32375262400;812900,44904,1,6614,377,66,34532,8680,22,34452,4743,164,132037,0,0,33311,14555,0,33310,8377,5,32408,0,0,32350,4816,210,33290,8637,2,33301,0,0,132105,10683,7;
32477174300;813002,44904,1,6614,373,67,34532,8683,22,34452,4744,165,132037,0,0,33311,14546,0,33310,8380,5,32408,0,0,32350,4817,212,33290,8639,2,33301,0,0,132105,10682,7;
32577398500;813102,44904,1,6611,373,70,34532,8681,21,34452,4743,161,132037,0,0,33311,14558,0,33310,8379,5,32408,0,0,32350,4817,208,33290,8639,2,33301,0,0,132105,10684,7;
32672903700;813198,44904,1,6609,373,71,34532,8680,21,34452,4743,160,132037,0,0,33311,14545,0,33310,8379,5,32408,0,0,32350,4816,209,33290,8638,2,33301,0,0,132105,10683,8;
32775179100;813300,44904,1,6606,371,74,34532,8680,21,34452,4743,160,132037,0,0,33311,14547,0,33310,8380,5,32408,0,0,32350,4817,211,33290,8638,2,33301,0,0,132105,10681,8;
32877627700;813400,44904,1,6619,377,62,34532,8683,22,34452,4744,159,132037,0,0,33311,14568,0,33310,8378,5,32408,0,0,32350,4816,209,33290,8639,2,33301,0,0,132105,10682,8;
32977374800;813502,44904,1,6611,373,70,34532,8681,22,34452,4743,159,132037,0,0,33311,14554,0,33310,8379,5,32408,0,0,32350,4816,204,33290,8641,2,33301,0,0,132105,10686,8;
33072619700;813598,44904,1,6609,371,72,34532,8682,22,34452,4744,161,132037,0,0,33311,14553,0,33310,8381,5,32408,0,0,32350,4816,203,33290,8639,2,33301,0,0,132105,10684,8;
33176871600;813702,44904,1,6616,375,65,34532,8683,22,34452,4744,160,132037,0,0,33311,14566,0,33310,8379,5,32408,0,0,32350,4816,203,33290,8638,2,33301,0,0,132105,10682,8;
33275041400;813800,44904,1,6689,436,-8,34532,8681,21,34452,4743,159,132037,0,0,33311,14623,0,33310,8347,5,32408,0,0,32350,4816,206,33290,8637,2,33301,0,0,132105,10686,8;
33376327500;813901,44904,1,6611,372,72,34532,8681,21,34452,4742,157,132037,0,0,33311,0,0,33310,8379,5,32408,0,0,32350,4817,208,33290,8639,2,33301,0,0,132105,10688,8;
33472115000;813997,44904,1,6692,438,-10,34532,8681,20,34452,4743,156,132037,0,0,33311,0,0,33310,8346,5,32408,0,0,32350,4816,207,33290,8640,2,33301,0,0,132105,10684,8;
33576377900;814101,44904,1,6694,441,-15,34532,8681,20,34452,4744,161,132037,0,0,33311,0,0,33310,8345,5,32408,0,0,32350,4816,211,33290,8640,1,33301,0,0,132105,10683,8;
33675843300;814201,44904,1,6697,439,-13,34532,8683,20,34452,4743,165,132037,0,0,33311,0,0,33310,8346,5,32408,0,0,32350,4816,215,33290,8641,2,33301,0,0,132105,10685,8;
33777058000;814302,44904,1,6697,439,-15,34532,8683,21,34452,4744,166,132037,0,0,33311,0,0,33310,8346,5,32408,0,0,32350,4817,218,33290,8638,2,33301,0,0,132105,10684,8;
33878263100;814403,44904,1,6619,378,63,34532,8682,20,34452,4743,163,132037,0,0,33311,0,0,33310,8377,5,32408,0,0,32350,4817,218,33290,8639,2,33301,0,0,132105,10682,8;
33973188000;814498,44904,1,6616,377,64,34532,8682,21,34452,4744,164,132037,0,0,33311,0,0,33310,8378,6,32408,0,0,32350,4816,219,33290,8640,2,33301,0,0,132105,10682,8;
34075409300;814600,44904,1,6614,375,67,34532,8682,21,34452,4744,164,132037,0,0,33311,0,0,33310,8379,6,32408,0,0,32350,4816,220,33290,8638,2,33301,0,0,132105,10684,8;
34175933600;814701,44904,1,6624,380,59,34532,8683,21,34452,4743,162,132037,0,0,33311,0,0,33310,8376,5,32408,0,0,32350,4816,219,33290,8640,2,33301,0,0,132105,10686,8;
34278346900;814803,44904,1,6702,441,-17,34532,8684,22,34452,4743,163,132037,0,0,33311,0,0,33310,8345,6,32408,0,0,32350,4817,220,33290,8638,2,33301,0,0,132105,10685,8;
34372616400;814898,44904,1,6619,378,63,34532,8682,23,34452,4743,162,132037,0,0,33311,14618,0,33310,8377,5,32408,0,0,32350,4816,218,33290,8633,2,33301,0,0,132105,10685,8;
34575960200;815101,44904,1,6692,439,-12,34532,8681,23,34452,4744,162,132037,0,0,33311,0,0,33310,8346,5,32408,0,0,32350,4817,215,33290,8634,2,33301,0,0,132105,10684,8;
34676259000;815201,44904,1,6692,440,-11,34532,8680,22,34452,4743,160,132037,0,0,33311,0,0,33310,8345,5,32408,0,0,32350,4817,217,33290,8638,2,33301,0,0,132105,10682,8;
34776891800;815302,44904,1,6611,373,70,34532,8681,22,34452,4743,158,132037,0,0,33311,0,0,33310,8379,5,32408,0,0,32350,4816,216,33290,8636,2,33301,0,0,132105,10682,8;
34872232200;815397,44904,1,6606,373,73,34532,8679,21,34452,4743,162,132037,0,0,33311,0,0,33310,8379,5,32408,0,0,32350,4816,216,33290,8637,2,33301,0,0,132105,10683,8;
34975798000;815501,44904,1,6616,376,66,34532,8682,22,34452,4743,163,132037,0,0,33311,0,0,33310,8378,5,32408,0,0,32350,4816,214,33290,8638,2,33301,0,0,132105,10682,8;
35075504400;815601,44904,1,6617,373,69,34532,8683,21,34452,4742,163,132037,0,0,33311,0,0,33310,8379,5,32408,0,0,32350,4815,211,33290,8637,2,33301,0,0,132105,10686,8;
35175839400;815701,44904,1,6611,372,71,34532,8682,22,34452,4743,163,132037,0,0,33311,0,0,33310,8380,6,32408,0,0,32350,4816,212,33290,8638,2,33301,0,0,132105,10682,8;
35372949300;815898,44904,1,6699,443,-18,34532,8682,21,34452,4744,163,132037,0,0,33311,14582,0,33310,8344,5,32408,0,0,32350,4816,207,33290,8638,2,33301,0,0,132105,10686,8;
35474534500;816000,44904,1,6699,444,-18,34532,8681,21,34452,4743,163,132037,0,0,33311,14579,0,33310,8343,5,32408,0,0,32350,4816,208,33290,8638,2,33301,0,0,132105,10684,8;
35574787200;816101,44904,1,6616,377,64,34532,8682,21,34452,4744,164,132037,0,0,33311,14569,0,33310,8378,5,32408,0,0,32350,4816,207,33290,8636,2,33301,0,0,132105,10684,8;
35676433700;816202,44904,1,6614,375,67,34532,8681,21,34452,4743,164,132037,0,0,33311,14558,0,33310,8378,5,32408,0,0,32350,4817,209,33290,8640,2,33301,0,0,132105,10682,8;
35771376400;816297,44904,1,6498,554,-242,34532,8681,21,34452,4744,165,132037,0,0,33311,14565,0,33310,0,0,32408,0,0,32350,4816,211,33290,8638,2,33301,0,0,132105,10684,8;
35873866900;816400,44904,1,6498,555,-246,34532,8682,21,34452,4743,163,132037,0,0,33311,14565,0,33310,0,0,32408,0,0,32350,4817,212,33290,8638,2,33301,0,0,132105,10685,8;
35975971000;816501,44904,1,6697,439,-13,34532,8683,22,34452,4743,163,132037,0,0,33311,14577,0,33310,8346,5,32408,0,0,32350,4817,215,33290,8638,2,33301,0,0,132105,10684,8;
36076644600;816602,44904,1,6692,438,-10,34532,8681,21,34452,4743,163,132037,0,0,33311,0,0,33310,8346,5,32408,0,0,32350,4817,215,33290,8637,2,33301,0,0,132105,10683,8;
36172035500;816697,44904,1,6606,373,73,34532,8679,22,34452,4743,163,132037,0,0,33311,14588,0,33310,8379,5,32408,0,0,32350,4816,214,33290,8636,2,33301,0,0,132105,10685,8;
36274332900;816800,44904,1,6619,378,63,34532,8682,22,34452,4743,162,132037,0,0,33311,0,0,33310,8377,5,32408,0,0,32350,4816,212,33290,8636,2,33301,0,0,132105,10683,7;
36377036100;816902,44904,1,6606,374,72,34532,8678,22,34452,4743,161,132037,0,0,33311,0,0,33310,8378,5,32408,0,0,32350,4815,214,33290,8634,2,33301,0,0,132105,10685,8;
36475641800;817002,44904,1,6699,442,-17,34532,8682,23,34452,4743,159,132037,0,0,33311,0,0,33310,8344,5,32408,0,0,32350,4816,213,33290,8633,2,33301,0,0,132105,10685,7;
36571951900;817097,44904,1,6604,368,78,34532,8681,23,34452,4743,159,132037,0,0,33311,0,0,33310,8382,5,32408,0,0,32350,4816,209,33290,8636,2,33301,0,0,132105,10684,7;
36675884500;817201,44904,1,6616,379,64,34532,8680,22,34452,4743,159,132037,0,0,33311,0,0,33310,8376,5,32408,0,0,32350,4815,207,33290,8636,2,33301,0,0,132105,10683,7;
36777037500;817302,44904,1,6616,379,64,34532,8680,22,34452,4743,158,132037,0,0,33311,0,0,33310,8376,5,32408,0,0,32350,4815,204,33290,8636,2,33301,0,0,132105,10683,7;
37172818500;817699,44904,1,6621,381,60,34532,8681,20,34452,4743,157,132037,0,0,33311,0,0,33310,8375,6,32408,0,0,32350,4816,211,33290,8641,2,33301,0,0,132105,10685,7;
37274012000;817800,44904,1,6619,378,63,34532,8682,21,34452,4743,159,132037,0,0,33311,0,0,33310,8377,5,32408,0,0,32350,4816,212,33290,8638,2,33301,0,0,132105,10683,7;
37477921200;818003,44904,1,6624,380,59,34532,8683,21,34452,4743,157,132037,0,0,33311,0,0,33310,8376,5,32408,0,0,32350,4815,212,33290,8638,2,33301,0,0,132105,10686,7;
37572610900;818098,44904,1,6616,377,65,34532,8681,20,34452,4743,156,132037,0,0,33311,0,0,33310,8377,5,32408,0,0,32350,4816,212,33290,8640,2,33301,0,0,132105,10684,7;
37674761900;818200,44904,1,6611,373,69,34532,8682,20,34452,4744,161,132037,0,0,33311,0,0,33310,8380,5,32408,0,0,32350,4816,213,33290,8641,2,33301,0,0,132105,10683,7;
37774481500;818300,44904,1,6694,442,-14,34532,8680,20,34452,4743,164,132037,0,0,33311,0,0,33310,8344,5,32408,0,0,32350,4816,216,33290,8642,2,33301,0,0,132105,10684,7;
37971119800;818497,44904,1,6609,374,70,34532,8680,20,34452,4744,166,132037,0,0,33311,0,0,33310,8379,5,32408,0,0,32350,4816,212,33290,8641,2,33301,0,0,132105,10685,7;
38073669400;818599,44904,1,6611,372,71,34532,8682,20,34452,4743,165,132037,0,0,33311,0,0,33310,8380,5,32408,0,0,32350,4815,210,33290,8641,2,33301,0,0,132105,10682,7;
38176005400;818702,44904,1,6611,375,69,34532,8680,20,34452,4743,162,132037,0,0,33311,0,0,33310,8378,5,32408,0,0,32350,4816,213,33290,8640,2,33301,0,0,132105,10683,7;
38275678700;818801,44904,1,6694,438,-12,34532,8682,21,34452,4743,161,132037,0,0,33311,0,0,33310,8346,5,32408,0,0,32350,4815,214,33290,8641,2,33301,0,0,132105,10685,7;
38371369600;818896,44904,1,6611,375,69,34532,8680,21,34452,4743,163,132037,0,0,33311,0,0,33310,8378,5,32408,0,0,32350,4817,218,33290,8638,2,33301,0,0,132105,10682,7;
38474691700;819000,44904,1,6694,440,-13,34532,8681,21,34452,4743,159,132037,0,0,33311,0,0,33310,8345,5,32408,0,0,32350,4816,215,33290,8638,2,33301,0,0,132105,10685,7;
38574530200;819101,44904,1,6616,374,67,34532,8683,21,34452,4743,162,132037,0,0,33311,0,0,33310,8379,5,32408,0,0,32350,4815,215,33290,8638,2,33301,0,0,132105,10688,7;
38675843900;819201,44904,1,6616,376,66,34532,8682,21,34452,4743,163,132037,0,0,33311,14596,0,33310,8378,5,32408,0,0,32350,4817,214,33290,8639,2,33301,0,0,132105,10685,7;
38771593100;819297,44904,1,6621,378,62,34532,8683,21,34452,4743,165,132037,0,0,33311,14577,0,33310,8377,5,32408,0,0,32350,4816,211,33290,8642,2,33301,0,0,132105,10686,7;
38873745600;819400,44904,1,6606,369,75,34532,8681,21,34452,4743,166,132037,0,0,33311,14564,0,33310,8381,5,32408,0,0,32350,4817,212,33290,8638,2,33301,0,0,132105,10687,7;
38974641700;819501,44904,1,6523,519,-161,34532,8681,21,34452,4744,166,132037,0,0,33311,14587,0,33310,0,0,32408,0,0,32350,4816,210,33290,8642,2,33301,0,0,132105,10685,7;
39076312900;819602,44904,1,6702,443,-20,34532,8683,20,34452,4744,166,132037,0,0,33311,14585,0,33310,8344,5,32408,0,0,32350,4817,212,33290,8643,2,33301,0,0,132105,10684,7;
39273374000;819800,44904,1,6694,440,-13,34532,8681,21,34452,4743,165,132037,0,0,33311,14591,0,33310,8345,5,32408,0,0,32350,4817,212,33290,8640,2,33301,0,0,132105,10685,7;
39376849300;819903,44904,1,6614,374,68,34532,8682,21,34452,4743,164,132037,0,0,33311,0,0,33310,8379,5,32408,0,0,32350,4815,208,33290,8637,2,33301,0,0,132105,10682,7;
39476419700;820002,44904,1,6613,381,63,34532,8678,21,34452,4744,165,132037,0,0,33311,14628,0,33310,8375,5,32408,0,0,32350,4816,207,33290,8639,2,33301,0,0,132105,10687,7;
39571259200;820097,44904,1,6702,444,-19,34532,8682,20,34452,4743,165,132037,0,0,33311,14588,0,33310,8343,5,32408,0,0,32350,4816,207,33290,8639,2,33301,0,0,132105,10682,8;
39775650800;820301,44904,1,6606,376,71,34532,8677,21,34452,4743,166,132037,0,0,33311,14567,0,33310,8377,5,32408,0,0,32350,4816,208,33290,8639,2,33301,0,0,132105,10686,7;
39876413100;820402,44904,1,6609,376,69,34532,8678,22,34452,4743,163,132037,0,0,33311,14575,0,33310,8377,5,32408,0,0,32350,4815,208,33290,8639,2,33301,0,0,132105,10687,8;
39974261300;820500,44904,1,6614,375,67,34532,8681,22,34452,4743,163,132037,0,0,33311,14587,0,33310,8378,5,32408,0,0,32350,4815,212,33290,8636,2,33301,0,0,132105,10682,8;
40074291200;820601,44904,1,6512,531,-193,34532,8682,22,34452,4744,163,132037,0,0,33311,14579,0,33310,0,0,32408,0,0,32350,4817,217,33290,8638,2,33301,0,0,132105,10684,8;
40271195200;820797,44904,1,6694,440,-13,34532,8681,22,34452,4743,163,132037,0,0,33311,0,0,33310,8345,6,32408,0,0,32350,4816,220,33290,8637,2,33301,0,0,132105,10683,8;
40574879000;821100,44904,1,6604,372,74,34532,8679,22,34452,4744,163,132037,0,0,33311,14601,0,33310,8380,5,32408,0,0,32350,4816,216,33290,8634,2,33301,0,0,132105,10684,8;
40772395400;821299,44904,1,6616,374,67,34532,8683,22,34452,4743,157,132037,0,0,33311,14561,0,33310,8379,5,32408,0,0,32350,4817,212,33290,8636,2,33301,0,0,132105,10684,8;
40975280200;821501,44904,1,6516,526,-183,34532,8683,21,34452,4744,157,132037,0,0,33311,14583,0,33310,0,0,32408,0,0,32350,4817,206,33290,8639,2,33301,0,0,132105,10685,7;
41273559700;821800,44904,1,6699,442,-17,34532,8682,21,34452,4743,161,132037,0,0,33311,14561,0,33310,8344,5,32408,0,0,32350,4816,214,33290,8639,2,33301,0,0,132105,10687,7;
41375478000;821902,44904,1,6694,441,-15,34532,8681,21,34452,4744,161,132037,0,0,33311,14552,0,33310,8345,5,32408,0,0,32350,4816,213,33290,8636,2,33301,0,0,132105,10684,7;
41470308200;821997,44904,1,6616,376,66,34532,8682,21,34452,4743,162,132037,0,0,33311,14568,0,33310,8378,5,32408,0,0,32350,4815,210,33290,8638,2,33301,0,0,132105,10682,8;
41573421500;822099,44904,1,6609,372,71,34532,8681,21,34452,4744,164,132037,0,0,33311,14604,0,33310,8380,5,32408,0,0,32350,4817,211,33290,8639,2,33301,0,0,132105,10683,8;
41870924400;822397,44904,1,6609,372,71,34532,8681,19,34452,4744,165,132037,0,0,33311,379,0,33310,8380,5,32408,0,0,32350,4818,213,33290,8643,2,33301,0,0,132105,10684,8;
41973409500;822500,44904,1,6624,378,60,34532,8684,18,34452,4743,161,132037,0,0,33311,453,0,33310,8377,5,32408,0,0,32350,4816,214,33290,8644,2,33301,0,0,132105,10684,8;
42674913300;823201,44904,1,6599,369,80,34532,8678,21,34452,4743,162,132037,0,0,33311,14637,0,33310,8381,5,32408,0,0,32350,4816,218,33290,8638,2,33301,0,0,132105,10682,7;
42770479700;823297,44904,1,6611,375,69,34532,8680,22,34452,4743,161,132037,0,0,33311,14573,0,33310,8378,6,32408,0,0,32350,4816,218,33290,8637,2,33301,0,0,132105,10684,7;
42874389000;823400,44904,1,6614,374,68,34532,8682,21,34452,4743,162,132037,0,0,33311,14588,0,33310,8379,6,32408,0,0,32350,4815,213,33290,8637,2,33301,0,0,132105,10684,7;
42972799200;823500,44904,1,6611,375,69,34532,8680,21,34452,4743,163,132037,0,0,33311,14641,0,33310,8378,6,32408,0,0,32350,4816,211,33290,8640,2,33301,0,0,132105,10685,7;
43074784300;823601,44904,1,6621,378,62,34532,8683,21,34452,4743,163,132037,0,0,33311,14581,0,33310,8377,6,32408,0,0,32350,4815,209,33290,8638,2,33301,0,0,132105,10688,7;
43272940000;823799,44904,1,6614,377,66,34532,8680,21,34452,4743,162,132037,0,0,33311,385,0,33310,8377,6,32408,0,0,32350,4815,203,33290,8638,2,33301,0,0,132105,10684,7;
43373240600;823899,44904,1,6599,364,83,34532,8680,22,34452,4742,160,132037,0,0,33311,522,0,33310,8383,6,32408,0,0,32350,4815,206,33290,8640,2,33301,0,0,132105,10686,7;
43569647400;824096,44904,1,6689,438,-9,34532,8680,23,34452,4743,160,132037,0,0,33311,378,0,33310,8346,5,32408,0,0,32350,4816,210,33290,8634,2,33301,0,0,132105,10684,8;
44572756400;825099,44904,1,6496,557,-245,34532,8680,20,34452,4744,166,132037,0,0,33311,14563,0,33310,0,0,32408,0,0,32350,4815,204,33290,8642,2,33301,0,0,132105,10683,8;
44674301400;825201,44904,1,6477,579,-297,34532,8680,20,34452,4743,160,132037,0,0,33311,14547,0,33310,0,0,32408,0,0,32350,4816,207,33290,8640,2,33301,0,0,132105,10680,8;
44769685200;825296,44904,1,6475,588,-313,34532,8680,21,34452,4743,165,132037,0,0,33311,14543,0,33310,0,0,32408,0,0,32350,4816,212,33290,8641,2,33301,0,0,132105,10683,8;
44872589500;825399,44904,1,6482,577,-288,34532,8679,22,34452,4743,164,132037,0,0,33311,14549,0,33310,0,0,32408,0,0,32350,4816,213,33290,8640,2,33301,0,0,132105,10682,8;
44972993100;825500,44904,1,6476,586,-310,34532,8680,22,34452,4743,162,132037,0,0,33311,14544,0,33310,0,0,32408,0,0,32350,4816,211,33290,8636,2,33301,0,0,132105,10683,8;
45074342700;825601,44904,1,6486,568,-273,34532,8681,23,34452,4743,158,132037,0,0,33311,14555,0,33310,0,0,32408,0,0,32350,4816,213,33290,8636,2,33301,0,0,132105,10682,8;
45170155300;825697,44904,1,6518,519,-161,34532,8679,22,34452,4743,159,132037,0,0,33311,14584,0,33310,0,0,32408,0,0,32350,4815,212,33290,8637,2,33301,0,0,132105,10680,7;
45372733200;825899,44904,1,6517,525,-174,34532,8680,21,34452,4743,166,132037,0,0,33311,14582,0,33310,0,0,32408,0,0,32350,4815,213,33290,8637,2,33301,0,0,132105,10683,8;
45573786600;826101,44904,1,6535,500,-118,34532,8681,23,34452,4743,164,132037,0,0,33311,14598,0,33310,0,0,32408,0,0,32350,4815,222,33290,8634,2,33301,0,0,132105,10684,7;
45669587100;826196,44904,1,6522,520,-164,34532,8681,23,34452,4743,160,132037,0,0,33311,14586,0,33310,0,0,32408,0,0,32350,4815,226,33290,8636,2,33301,0,0,132105,10685,7;
45772320400;826299,44904,1,6506,545,-216,34532,8679,22,34452,4743,159,132037,0,0,33311,14570,0,33310,0,0,32408,0,0,32350,4815,228,33290,8636,2,33301,0,0,132105,10684,7;
47470486100;827996,44904,1,6512,525,-184,34532,8683,22,34452,4742,161,132037,0,0,33311,14582,0,33310,0,0,32408,0,0,32350,4816,213,33290,8640,2,33301,0,0,132105,10682,7;
47572488400;828099,44904,1,6507,535,-203,34532,8682,22,34452,4743,163,132037,0,0,33311,14576,0,33310,0,0,32408,0,0,32350,4816,215,33290,8640,2,33301,0,0,132105,10682,8;
47672522300;828199,44904,1,6502,542,-217,34532,8681,21,34452,4743,164,132037,0,0,33311,14571,0,33310,0,0,32408,0,0,32350,4816,213,33290,8639,2,33301,0,0,132105,10681,7;
47773562700;828300,44904,1,6525,509,-143,34532,8682,20,34452,4743,163,132037,0,0,33311,14592,0,33310,0,0,32408,0,0,32350,4816,211,33290,8642,2,33301,0,0,132105,10682,7;
48274263100;828801,44904,1,6611,373,70,34532,8681,21,34452,4743,162,132037,0,0,33311,375,0,33310,8379,6,32408,0,0,32350,4816,221,33290,8639,2,33301,0,0,132105,10683,7;
48473394400;829000,44904,1,6619,375,66,34532,8683,22,34452,4742,159,132037,0,0,33311,484,0,33310,8378,5,32408,0,0,32350,4815,215,33290,8638,2,33301,0,0,132105,10682,7;
48673715300;829200,44904,1,6609,375,70,34532,8679,23,34452,4743,157,132037,0,0,33311,365,0,33310,8378,5,32408,0,0,32350,4816,213,33290,8636,2,33301,0,0,132105,10682,7;
48971953500;829497,44904,1,6611,373,70,34532,8681,22,34452,4743,164,132037,0,0,33311,332,0,33310,8379,5,32408,0,0,32350,4816,209,33290,8636,2,33301,0,0,132105,10684,8;
49073318200;829600,44904,1,6699,441,-17,34532,8683,22,34452,4744,165,132037,0,0,33311,14605,0,33310,8345,5,32408,0,0,32350,4816,210,33290,8638,2,33301,0,0,132105,10683,8;
49173622900;829700,44904,1,6692,440,-11,34532,8680,22,34452,4743,161,132037,0,0,33311,348,0,33310,8345,5,32408,0,0,32350,4816,207,33290,8639,2,33301,0,0,132105,10684,8;
49273521400;829801,44904,1,6694,438,-13,34532,8683,22,34452,4744,159,132037,0,0,33311,362,0,33310,8347,5,32408,0,0,32350,4816,203,33290,8640,2,33301,0,0,132105,10683,8;
49369666100;829897,44904,1,6614,374,69,34532,8681,22,34452,4742,159,132037,0,0,33311,344,0,33310,8378,5,32408,0,0,32350,4816,207,33290,8638,2,33301,0,0,132105,10683,8;
49471242900;829998,44904,1,6611,375,69,34532,8680,21,34452,4743,161,132037,0,0,33311,14587,0,33310,8378,5,32408,0,0,32350,4815,206,33290,8639,2,33301,0,0,132105,10682,8;
49574449900;830101,44904,1,6614,372,69,34532,8683,21,34452,4743,166,132037,0,0,33311,14588,0,33310,8380,5,32408,0,0,32350,4815,210,33290,8639,2,33301,0,0,132105,10679,8;
49673624400;830200,44904,1,6619,376,64,34532,8683,22,34452,4743,169,132037,0,0,33311,14602,0,33310,8378,5,32408,0,0,32350,4815,209,33290,8639,2,33301,0,0,132105,10681,8;
49774075000;830301,44904,1,6609,371,72,34532,8681,21,34452,4743,170,132037,0,0,33311,347,0,33310,8380,5,32408,0,0,32350,4816,206,33290,8640,2,33301,0,0,132105,10685,8;
49870110100;830397,44904,1,6616,377,65,34532,8681,21,34452,4743,170,132037,0,0,33311,391,0,33310,8377,5,32408,0,0,32350,4816,213,33290,8641,2,33301,0,0,132105,10680,8;
49971551300;830498,44904,1,6699,441,-17,34532,8683,22,34452,4744,168,132037,0,0,33311,662,0,33310,8345,5,32408,0,0,32350,4817,214,33290,8639,2,33301,0,0,132105,10680,8;
50072799800;830599,44904,1,6697,440,-14,34532,8682,22,34452,4743,165,132037,0,0,33311,0,0,33310,8345,5,32408,0,0,32350,4817,214,33290,8639,2,33301,0,0,132105,10681,8;
50172629200;830700,44904,1,6695,436,-9,34532,8683,21,34452,4742,162,132037,0,0,33311,0,0,33310,8347,5,32408,0,0,32350,4816,210,33290,8641,2,33301,0,0,132105,10683,8;
50471854500;830999,44904,1,6616,376,66,34532,8682,22,34452,4743,163,132037,0,0,33311,0,0,33310,8378,5,32408,0,0,32350,4815,215,33290,8634,2,33301,0,0,132105,10682,7;
50873094200;831400,44904,1,6696,444,-18,34532,8680,22,34452,4744,165,132037,0,0,33311,14592,0,33310,8343,5,32408,0,0,32350,4816,212,33290,8638,2,33301,0,0,132105,10682,8;
51069473200;831596,44904,1,6617,372,68,34532,8684,22,34452,4743,168,132037,0,0,33311,458,0,33310,8380,5,32408,0,0,32350,4817,212,33290,8638,2,33301,0,0,132105,10683,8;
51171573600;831698,44904,1,6616,375,65,34532,8683,22,34452,4744,168,132037,0,0,33311,14602,0,33310,8379,5,32408,0,0,32350,4817,212,33290,8638,2,33301,0,0,132105,10681,8;
51272486500;831800,44904,1,6609,372,71,34532,8681,22,34452,4744,168,132037,0,0,33311,14595,0,33310,8380,5,32408,0,0,32350,4815,213,33290,8638,2,33301,0,0,132105,10684,8;
51373279400;831901,44904,1,6609,374,70,34532,8680,22,34452,4744,166,132037,0,0,33311,428,0,33310,8379,5,32408,0,0,32350,4817,214,33290,8637,2,33301,0,0,132105,10682,8;
51473619900;832000,44904,1,6616,377,65,34532,8681,21,34452,4743,164,132037,0,0,33311,477,0,33310,8377,5,32408,0,0,32350,4816,213,33290,8642,2,33301,0,0,132105,10684,7;
51569521300;832097,44904,1,6616,379,64,34532,8680,22,34452,4743,164,132037,0,0,33311,430,0,33310,8376,5,32408,0,0,32350,4817,215,33290,8640,2,33301,0,0,132105,10683,7;
51672597800;832199,44904,1,6611,376,67,34532,8680,22,34452,4744,165,132037,0,0,33311,551,0,33310,8378,5,32408,0,0,32350,4816,216,33290,8639,2,33301,0,0,132105,10683,8;
51771625900;832298,44904,1,6621,380,59,34532,8682,22,34452,4744,167,132037,0,0,33311,416,0,33310,8376,5,32408,0,0,32350,4816,217,33290,8637,2,33301,0,0,132105,10682,8;
51872258500;832400,44904,1,6614,375,67,34532,8682,22,34452,4744,170,132037,0,0,33311,14580,0,33310,8379,5,32408,0,0,32350,4816,211,33290,8637,2,33301,0,0,132105,10683,8;
51968326900;832495,44904,1,6616,377,65,34532,8681,22,34452,4743,168,132037,0,0,33311,335,0,33310,8377,5,32408,0,0,32350,4817,213,33290,8637,2,33301,0,0,132105,10683,8;
52072719600;832600,44904,1,6619,377,62,34532,8683,23,34452,4744,164,132037,0,0,33311,336,0,33310,8378,5,32408,0,0,32350,4816,213,33290,8638,2,33301,0,0,132105,10685,8;
52170998300;832699,44904,1,6619,379,62,34532,8681,22,34452,4743,162,132037,0,0,33311,392,0,33310,8376,5,32408,0,0,32350,4816,214,33290,8638,2,33301,0,0,132105,10682,8;
52272196200;832800,44904,1,6614,378,65,34532,8680,22,34452,4744,160,132037,0,0,33311,410,0,33310,8377,5,32408,0,0,32350,4815,211,33290,8638,2,33301,0,0,132105,10682,8;
52471698300;832999,44904,1,6616,376,66,34532,8682,21,34452,4743,158,132037,0,0,33311,395,0,33310,8378,5,32408,0,0,32350,4817,216,33290,8637,2,33301,0,0,132105,10685,8;
52572047500;833099,44904,1,6699,444,-18,34532,8681,21,34452,4743,159,132037,0,0,33311,373,0,33310,8343,5,32408,0,0,32350,4817,217,33290,8641,2,33301,0,0,132105,10684,8;
52672336300;833199,44904,1,6616,374,67,34532,8683,21,34452,4743,160,132037,0,0,33311,328,0,33310,8379,5,32408,0,0,32350,4817,220,33290,8642,2,33301,0,0,132105,10683,8;
52768910400;833296,44904,1,6611,375,69,34532,8680,21,34452,4743,163,132037,0,0,33311,283,0,33310,8378,5,32408,0,0,32350,4816,220,33290,8637,2,33301,0,0,132105,10683,8;
52870303100;833398,44904,1,6619,379,61,34532,8682,21,34452,4744,162,132037,0,0,33311,276,0,33310,8377,5,32408,0,0,32350,4817,218,33290,8639,2,33301,0,0,132105,10683,8;
53271649900;833799,44904,1,6614,378,65,34532,8680,22,34452,4744,163,132037,0,0,33311,14571,0,33310,8377,5,32408,0,0,32350,4816,222,33290,8638,2,33301,0,0,132105,10684,8;
53371689900;833899,44904,1,6609,372,71,34532,8681,22,34452,4744,163,132037,0,0,33311,14602,0,33310,8380,5,32408,0,0,32350,4816,224,33290,8639,2,33301,0,0,132105,10685,8;
53472849100;834000,44904,1,6689,439,-11,34532,8680,21,34452,4744,166,132037,0,0,33311,14564,0,33310,8346,5,32408,0,0,32350,4816,218,33290,8641,2,33301,0,0,132105,10684,8;
53568263900;834096,44904,1,6621,378,62,34532,8683,22,34452,4743,164,132037,0,0,33311,14591,0,33310,8377,5,32408,0,0,32350,4817,224,33290,8639,2,33301,0,0,132105,10682,8;
53670827400;834198,44904,1,6616,374,67,34532,8683,21,34452,4743,163,132037,0,0,33311,263,0,33310,8379,5,32408,0,0,32350,4815,224,33290,8642,2,33301,0,0,132105,10686,8;
53772686700;834300,44904,1,6619,379,62,34532,8681,20,34452,4743,162,132037,0,0,33311,259,0,33310,8376,5,32408,0,0,32350,4816,224,33290,8643,2,33301,0,0,132105,10686,8;
53871864900;834400,44904,1,6611,378,66,34532,8679,21,34452,4744,163,132037,0,0,33311,350,0,33310,8377,6,32408,0,0,32350,4817,228,33290,8641,2,33301,0,0,132105,10682,8;
53966822000;834495,44904,1,6616,375,65,34532,8683,22,34452,4744,164,132037,0,0,33311,348,0,33310,8379,6,32408,0,0,32350,4818,221,33290,8637,2,33301,0,0,132105,10689,8;
54070267100;834598,44904,1,6626,382,57,34532,8683,22,34452,4743,161,132037,0,0,33311,360,0,33310,8375,5,32408,0,0,32350,4816,214,33290,8638,2,33301,0,0,132105,10684,8;
54171845600;834700,44904,1,6619,379,61,34532,8682,22,34452,4744,162,132037,0,0,33311,328,0,33310,8377,6,32408,0,0,32350,4817,211,33290,8637,2,33301,0,0,132105,10686,8;
54270403600;834799,44904,1,6611,372,71,34532,8682,22,34452,4743,160,132037,0,0,33311,299,0,33310,8380,5,32408,0,0,32350,4817,218,33290,8638,2,33301,0,0,132105,10683,8;
54373369500;834901,44904,1,6621,379,63,34532,8682,23,34452,4742,160,132037,0,0,33311,337,0,33310,8376,6,32408,0,0,32350,4816,216,33290,8638,2,33301,0,0,132105,10683,8;
54671150500;835199,44904,1,6697,441,-16,34532,8682,22,34452,4744,162,132037,0,0,33311,311,0,33310,8345,5,32408,0,0,32350,4816,207,33290,8639,2,33301,0,0,132105,10688,7;
54772443600;835300,44904,1,6611,375,69,34532,8680,23,34452,4743,160,132037,0,0,33311,308,0,33310,8378,5,32408,0,0,32350,4816,207,33290,8638,2,33301,0,0,132105,10685,8;
54867003400;835395,44904,1,6619,379,61,34532,8682,22,34452,4744,162,132037,0,0,33311,288,0,33310,8377,5,32408,0,0,32350,4818,218,33290,8639,2,33301,0,0,132105,10682,7;
54970203400;835498,44904,1,6606,374,72,34532,8678,22,34452,4743,159,132037,0,0,33311,304,0,33310,8378,5,32408,0,0,32350,4816,212,33290,8639,2,33301,0,0,132105,10685,7;
55071501200;835599,44904,1,6689,438,-12,34532,8681,23,34452,4745,159,132037,0,0,33311,310,0,33310,8347,5,32408,0,0,32350,4817,215,33290,8637,2,33301,0,0,132105,10686,7;
55472879400;836001,44904,1,6692,439,-12,34532,8681,22,34452,4744,159,132037,0,0,33311,330,0,33310,8346,5,32408,0,0,32350,4816,219,33290,8637,2,33301,0,0,132105,10684,8;
55571472200;836099,44904,1,6689,437,-10,34532,8681,23,34452,4744,159,132037,0,0,33311,297,0,33310,8347,5,32408,0,0,32350,4816,213,33290,8639,2,33301,0,0,132105,10682,8;
55666825600;836195,44904,1,6689,441,-13,34532,8679,23,34452,4745,161,132037,0,0,33311,297,0,33310,8345,5,32408,0,0,32350,4817,215,33290,8637,2,33301,0,0,132105,10688,8;
55770319200;836298,44904,1,6692,439,-12,34532,8681,23,34452,4744,162,132037,0,0,33311,302,0,33310,8346,5,32408,0,0,32350,4816,211,33290,8637,2,33301,0,0,132105,10686,8;
55870759900;836399,44904,1,6609,373,71,34532,8680,23,34452,4743,163,132037,0,0,33311,303,0,33310,8379,5,32408,0,0,32350,4816,212,33290,8637,2,33301,0,0,132105,10684,7;
55972233500;836501,44904,1,6619,377,62,34532,8683,22,34452,4744,168,132037,0,0,33311,271,0,33310,8378,5,32408,0,0,32350,4816,209,33290,8637,2,33301,0,0,132105,10688,7;
56067170700;836595,44904,1,6621,381,56,34532,8683,21,34452,4746,166,132037,0,0,33311,254,0,33310,8377,5,32408,0,0,32350,4816,208,33290,8642,2,33301,0,0,132105,10687,7;
56270943000;836799,44904,1,6697,443,-17,34532,8681,22,34452,4744,167,132037,0,0,33311,291,0,33310,8344,5,32408,0,0,32350,4816,211,33290,8637,2,33301,0,0,132105,10684,7;
56467179200;836995,44904,1,6694,440,-13,34532,8681,22,34452,4743,164,132037,0,0,33311,282,0,33310,8345,5,32408,0,0,32350,4816,210,33290,8636,2,33301,0,0,132105,10684,7;
56569563400;837098,44904,1,6692,440,-13,34532,8680,22,34452,4744,164,132037,0,0,33311,267,0,33310,8345,5,32408,0,0,32350,4816,209,33290,8636,2,33301,0,0,132105,10681,7;
56771070800;837299,44904,1,6694,441,-15,34532,8681,22,34452,4744,161,132037,0,0,33311,221,0,33310,8345,5,32408,0,0,32350,4816,207,33290,8637,2,33301,0,0,132105,10686,7;
56871499000;837400,44904,1,6611,376,67,34532,8680,23,34452,4744,163,132037,0,0,33311,14587,0,33310,8378,5,32408,0,0,32350,4816,215,33290,8636,2,33301,0,0,132105,10682,7;
57570288700;838098,44904,1,6506,547,-225,34532,8681,23,34452,4744,156,132037,0,0,33311,14570,0,33310,0,0,32408,0,0,32350,4816,224,33290,8638,2,33301,0,0,132105,10686,8;
57671105200;838199,44904,1,6512,538,-203,34532,8681,23,34452,4743,155,132037,0,0,33311,14576,0,33310,0,0,32408,0,0,32350,4817,223,33290,8640,2,33301,0,0,132105,10686,8;
57770413400;838299,44904,1,6550,472,-55,34532,8681,23,34452,4743,155,132037,0,0,33311,14614,0,33310,0,0,32408,0,0,32350,4816,220,33290,8637,2,33301,0,0,132105,10682,8;
57969300400;838498,44904,1,6558,467,-37,34532,8680,23,34452,4744,156,132037,0,0,33311,14618,0,33310,0,0,32408,0,0,32350,4817,217,33290,8638,2,33301,0,0,132105,10684,8;
58071318800;838599,44904,1,6539,486,-93,34532,8683,23,34452,4743,155,132037,0,0,33311,14606,0,33310,0,0,32408,0,0,32350,4816,214,33290,8637,2,33301,0,0,132105,10682,8;
58171415500;838699,44904,1,6530,516,-152,34532,8681,23,34452,4743,154,132037,0,0,33311,14590,0,33310,0,0,32408,0,0,32350,4817,215,33290,8638,2,33301,0,0,132105,10688,8;
58266755100;838795,44904,1,6515,531,-191,34532,8682,23,34452,4744,154,132037,0,0,33311,14580,0,33310,0,0,32408,0,0,32350,4817,216,33290,8638,2,33301,0,0,132105,10686,8;
58770824700;839299,44904,1,6527,505,-130,34532,8680,23,34452,4743,160,132037,0,0,33311,14593,0,33310,0,0,32408,0,0,32350,4815,212,33290,8637,2,33301,0,0,132105,10680,8;
58870903700;839399,44904,1,6553,473,-52,34532,8680,23,34452,4744,163,132037,0,0,33311,14614,0,33310,0,0,32408,0,0,32350,4817,217,33290,8637,2,33301,0,0,132105,10683,8;
59066737600;839595,44904,1,6512,531,-188,34532,8680,24,34452,4744,165,132037,0,0,33311,14578,0,33310,0,0,32408,0,0,32350,4815,214,33290,8638,2,33301,0,0,132105,10682,8;
59170087100;839698,44904,1,6511,539,-206,34532,8681,23,34452,4743,164,132037,0,0,33311,14575,0,33310,0,0,32408,0,0,32350,4816,213,33290,8637,2,33301,0,0,132105,10686,8;
59269710200;839799,44904,1,6514,535,-200,34532,8682,23,34452,4744,164,132037,0,0,33311,14578,0,33310,0,0,32408,0,0,32350,4816,215,33290,8639,2,33301,0,0,132105,10687,8;
59371005100;839899,44904,1,6517,528,-179,34532,8680,23,34452,4743,160,132037,0,0,33311,14581,0,33310,0,0,32408,0,0,32350,4817,216,33290,8636,2,33301,0,0,132105,10684,8;
59666845700;840195,44904,1,6583,429,48,34532,8682,23,34452,4743,156,132037,0,0,33311,14642,0,33310,0,0,32408,0,0,32350,4816,216,33290,8639,2,33301,0,0,132105,10685,8;
59970716800;840499,44904,1,6511,542,-211,34532,8681,22,34452,4744,156,132037,0,0,33311,14574,0,33310,0,0,32408,0,0,32350,4816,215,33290,8636,2,33301,0,0,132105,10687,8;
60071416900;840600,44904,1,6488,570,-279,34532,8682,23,34452,4744,155,132037,0,0,33311,14555,0,33310,0,0,32408,0,0,32350,4816,215,33290,8638,2,33301,0,0,132105,10685,8;
60167307800;840695,44904,1,6510,536,-201,34532,8681,23,34452,4744,154,132037,0,0,33311,14576,0,33310,0,0,32408,0,0,32350,4816,215,33290,8636,2,33301,0,0,132105,10684,8;
60268745800;840796,44904,1,6514,534,-190,34532,8679,22,34452,4744,155,132037,0,0,33311,14577,0,33310,0,0,32408,0,0,32350,4818,219,33290,8640,2,33301,0,0,132105,10684,8;
