1136068600;2398934,44904,1,-1515,332,2391,34532,9817,8,34452,10408,8,132037,0,0,33311,6387,0,33310,12083,0,32408,0,0,32350,10456,10,33290,9835,1,33301,0,0,132105,4836,166;
1237980700;2399037,44904,1,-1231,622,762,34532,9813,6,34452,10411,8,132037,0,0,33311,6379,0,33310,11975,2,32408,0,0,32350,10454,11,33290,9844,0,33301,0,0,132105,4837,169;
1338853400;2399137,44904,1,-1281,573,959,34532,9818,6,34452,10414,10,132037,0,0,33311,6372,0,33310,11996,0,32408,0,0,32350,10454,12,33290,9838,1,33301,0,0,132105,4837,172;
1440719400;2399238,44904,1,-1265,582,896,34532,9821,7,34452,10414,9,132037,0,0,33311,6315,0,33310,11993,0,32408,0,0,32350,10457,11,33290,9835,1,33301,0,0,132105,4837,178;
1536051700;2399334,44904,1,-1226,615,746,34532,9820,7,34452,10412,8,132037,0,0,33311,6232,0,33310,11979,0,32408,0,0,32350,10454,11,33290,9843,1,33301,0,0,132105,4837,176;
1637057600;2399435,44904,1,-1213,631,693,34532,9818,7,34452,10412,9,132037,0,0,33311,6355,0,33310,11973,1,32408,0,0,32350,10452,10,33290,9845,1,33301,0,0,132105,4837,166;
1737744100;2399537,44904,1,-1226,620,748,34532,9816,8,34452,10411,8,132037,0,0,33311,6377,0,33310,11976,1,32408,0,0,32350,10452,9,33290,9841,1,33301,0,0,132105,4836,159;
1839624300;2399638,44904,1,-1269,578,923,34532,9818,8,34452,10411,8,132037,0,0,33311,6304,0,33310,11992,0,32408,0,0,32350,10449,9,33290,9838,1,33301,0,0,132105,4837,152;
1939911300;2399738,44904,1,-1297,554,1046,34532,9816,8,34452,10410,8,132037,0,0,33311,6358,0,33310,12000,0,32408,0,0,32350,10455,9,33290,9839,1,33301,0,0,132105,4837,155;
2040297200;2399839,44904,1,-1289,559,1011,34532,9818,7,34452,10411,8,132037,0,0,33311,6296,0,33310,11999,0,32408,0,0,32350,10453,10,33290,9842,1,33301,0,0,132105,4836,158;
2136290700;2399935,44904,1,-1311,549,1094,34532,9814,7,34452,10412,8,132037,0,0,33311,6340,0,33310,12003,1,32408,0,0,32350,10455,10,33290,9842,1,33301,0,0,132105,4836,160;
2237080700;2400036,44904,1,-1296,549,1044,34532,9820,7,34452,10411,9,132037,0,0,33311,6462,0,33310,12003,1,32408,0,0,32350,10455,10,33290,9838,1,33301,0,0,132105,4836,163;
2339410400;2400138,44904,1,-1298,546,1058,34532,9819,8,34452,10410,8,132037,0,0,33311,0,0,33310,12003,1,32408,0,0,32350,10449,11,33290,9836,1,33301,0,0,132105,4836,168;
2434892000;2400233,44904,1,-1312,538,1115,34532,9817,8,34452,10410,7,132037,0,0,33311,6640,0,33310,12006,0,32408,0,0,32350,10454,10,33290,9838,1,33301,0,0,132105,4837,173;
2537738600;2400336,44904,1,-1326,527,1178,34532,9816,7,34452,10410,8,132037,0,0,33311,6510,0,33310,12010,0,32408,0,0,32350,10453,10,33290,9838,1,33301,0,0,132105,4837,176;
2637551900;2400436,44904,1,-1348,510,1278,34532,9815,7,34452,10411,8,132037,0,0,33311,6468,0,33310,12017,0,32408,0,0,32350,10455,10,33290,9841,1,33301,0,0,132105,4837,173;
2739646600;2400538,44904,1,-1315,548,1102,34532,9815,6,34452,10414,8,132037,0,0,33311,6500,0,33310,12005,0,32408,0,0,32350,10453,10,33290,9841,1,33301,0,0,132105,4836,173;
2834692700;2400634,44904,1,-1324,524,1172,34532,9818,7,34452,10410,8,132037,0,0,33311,0,0,33310,12011,0,32408,0,0,32350,10453,10,33290,9839,1,33301,0,0,132105,4836,168;
2935912400;2400735,44904,1,-1360,501,1329,34532,9815,7,34452,10412,8,132037,0,0,33311,0,0,33310,12021,0,32408,0,0,32350,10451,10,33290,9838,1,33301,0,0,132105,4835,158;
3038075800;2400837,44904,1,-1343,506,1269,34532,9817,7,34452,10409,9,132037,0,0,33311,0,0,33310,12017,0,32408,0,0,32350,10452,10,33290,9838,1,33301,0,0,132105,4835,153;
3138639800;2400938,44904,1,-1335,527,1200,34532,9815,6,34452,10413,10,132037,0,0,33311,0,0,33310,12012,0,32408,0,0,32350,10452,10,33290,9841,0,33301,0,0,132105,4836,162;
3234669200;2401033,44904,1,-1266,582,906,34532,9818,7,34452,10412,10,132037,0,0,33311,0,0,33310,11991,1,32408,0,0,32350,10450,10,33290,9842,0,33301,0,0,132105,4836,180;
3337263000;2401136,44904,1,-1272,569,948,34532,9819,7,34452,10409,9,132037,0,0,33311,6655,0,33310,11994,1,32408,0,0,32350,10454,10,33290,9844,1,33301,0,0,132105,4836,173;
3438026200;2401237,44904,1,-1278,584,931,34532,9816,8,34452,10416,9,132037,0,0,33311,6581,0,33310,11993,1,32408,0,0,32350,10451,10,33290,9839,1,33301,0,0,132105,4835,162;
3541369700;2401340,44904,1,-1249,596,837,34532,9819,7,34452,10412,9,132037,0,0,33311,6483,0,33310,11986,1,32408,0,0,32350,10457,10,33290,9841,1,33301,0,0,132105,4836,162;
3633908000;2401433,44904,1,-1285,573,979,34532,9814,6,34452,10412,9,132037,0,0,33311,6473,0,33310,11994,1,32408,0,0,32350,10455,10,33290,9842,0,33301,0,0,132105,4836,164;
3736666000;2401536,44904,1,-1272,573,939,34532,9819,7,34452,10411,9,132037,0,0,33311,6556,0,33310,11994,0,32408,0,0,32350,10453,10,33290,9838,1,33301,0,0,132105,4836,166;
3838034100;2401637,44904,1,-1263,574,914,34532,9820,7,34452,10409,8,132037,0,0,33311,6503,0,33310,11992,1,32408,0,0,32350,10451,9,33290,9841,1,33301,0,0,132105,4835,160;
3938382400;2401738,44904,1,-1571,281,3044,34532,9812,6,34452,10411,8,132037,0,0,33311,6395,0,33310,12105,0,32408,0,0,32350,10450,9,33290,9843,0,33301,0,0,132105,4835,154;
4034330000;2401833,44904,1,-1302,554,1048,34532,9818,5,34452,10414,8,132037,0,0,33311,6436,0,33310,12003,0,32408,0,0,32350,10450,9,33290,9851,0,33301,0,0,132105,4836,153;
4138933100;2401938,44904,1,-1247,599,835,34532,9816,6,34452,10410,9,132037,0,0,33311,6399,0,33310,11983,1,32408,0,0,32350,10456,9,33290,9845,0,33301,0,0,132105,4836,160;
4237785600;2402037,44904,1,-1240,602,805,34532,9820,7,34452,10412,9,132037,0,0,33311,6413,0,33310,11984,1,32408,0,0,32350,10450,10,33290,9844,0,33301,0,0,132105,4836,166;
4339655900;2402138,44904,1,-1333,532,1193,34532,9812,7,34452,10412,9,132037,0,0,33311,6329,0,33310,12009,0,32408,0,0,32350,10450,10,33290,9843,0,33301,0,0,132105,4837,174;
4434630300;2402234,44904,1,-1529,326,2471,34532,9818,7,34452,10413,9,132037,0,0,33311,6289,0,33310,12089,0,32408,0,0,32350,10452,10,33290,9839,0,33301,0,0,132105,4836,176;
4536084400;2402336,44904,1,-1457,409,1872,34532,9816,8,34452,10414,9,132037,0,0,33311,6272,0,33310,12058,0,32408,0,0,32350,10455,10,33290,9839,1,33301,0,0,132105,4836,175;
4636928400;2402436,44904,1,-1569,269,3074,34532,9817,8,34452,10410,9,132037,0,0,33311,6284,0,33310,12109,0,32408,0,0,32350,10450,10,33290,9837,1,33301,0,0,132105,4837,176;
4738434800;2402537,44904,1,-1530,326,2470,34532,9819,7,34452,10414,9,132037,0,0,33311,6293,0,33310,12090,0,32408,0,0,32350,10451,10,33290,9841,1,33301,0,0,132105,4837,176;
4838876800;2402638,44904,1,-1254,593,858,34532,9818,7,34452,10412,9,132037,0,0,33311,6443,0,33310,11987,1,32408,0,0,32350,10451,11,33290,9843,1,33301,0,0,132105,4836,174;
4934329100;2402734,44904,1,-1262,592,884,34532,9815,7,34452,10412,9,132037,0,0,33311,6436,0,33310,11987,1,32408,0,0,32350,10455,11,33290,9842,1,33301,0,0,132105,4837,176;
10035107100;2407835,44904,1,-1194,344,1686,34532,9748,6,34452,10212,4,132037,0,0,33311,0,0,33310,11925,0,32408,0,0,32350,10230,6,33290,9779,0,33301,0,0,132105,4970,123;
10132736400;2407933,44904,1,-971,548,669,34532,9749,6,34452,10211,6,132037,0,0,33311,6963,0,33310,11847,1,32408,0,0,32350,10219,11,33290,9766,0,33301,0,0,132105,4972,176;
10235527300;2408036,44904,1,-1157,385,1493,34532,9741,3,34452,10208,8,132037,0,0,33311,6304,0,33310,11906,0,32408,0,0,32350,10218,9,33290,9822,0,33301,0,0,132105,4974,167;
14836402900;2412636,44904,1,-912,546,654,34532,9721,8,34452,10161,8,132037,0,0,33311,6127,0,33310,11808,1,32408,0,0,32350,10165,9,33290,9739,1,33301,0,0,132105,5000,163;
14938985300;2412739,44904,1,-932,549,679,34532,9721,8,34452,10171,7,132037,0,0,33311,6100,0,33310,11814,1,32408,0,0,32350,10176,10,33290,9743,1,33301,0,0,132105,4995,159;
15031417900;2412832,44904,1,-942,540,701,34532,9727,8,34452,10176,8,132037,0,0,33311,6068,0,33310,11822,1,32408,0,0,32350,10182,9,33290,9745,1,33301,0,0,132105,4990,171;
15134709600;2412935,44904,1,-972,526,775,34532,9730,6,34452,10185,7,132037,0,0,33311,6073,0,33310,11834,0,32408,0,0,32350,10191,9,33290,9755,0,33301,0,0,132105,4986,172;
15236689000;2413037,44904,1,-1013,498,907,34532,9733,7,34452,10192,8,132037,0,0,33311,6145,0,33310,11851,1,32408,0,0,32350,10199,7,33290,9766,0,33301,0,0,132105,4982,165;
15336226700;2413137,44904,1,-975,541,738,34532,9733,6,34452,10196,8,132037,0,0,33311,6085,0,33310,11837,1,32408,0,0,32350,10203,9,33290,9766,0,33301,0,0,132105,4978,152;
15431764700;2413232,44904,1,-957,557,646,34532,9742,11,34452,10203,10,132037,0,0,33311,6257,0,33310,11837,1,32408,0,0,32350,10212,9,33290,9751,2,33301,0,0,132105,4975,151;
15534788500;2413335,44904,1,-1048,489,980,34532,9738,6,34452,10207,10,132037,0,0,33311,6121,0,33310,11866,0,32408,0,0,32350,10215,8,33290,9765,0,33301,0,0,132105,4972,156;
15633820600;2413435,44904,1,-1097,454,1173,34532,9737,5,34452,10211,9,132037,0,0,33311,6207,0,33310,11882,0,32408,0,0,32350,10213,7,33290,9777,0,33301,0,0,132105,4972,159;
15736131600;2413536,44904,1,-1102,439,1224,34532,9737,5,34452,10206,9,132037,0,0,33311,6228,0,33310,11884,0,32408,0,0,32350,10215,8,33290,9784,0,33301,0,0,132105,4972,160;
15837152500;2413637,44904,1,-1132,414,1367,34532,9735,4,34452,10206,8,132037,0,0,33311,6264,0,33310,11893,0,32408,0,0,32350,10212,8,33290,9803,0,33301,0,0,132105,4972,161;
15932056400;2413732,44904,1,-1117,447,1257,34532,9730,2,34452,10210,7,132037,0,0,33311,6249,0,33310,11883,0,32408,0,0,32350,10219,9,33290,9871,0,33301,0,0,132105,4973,156;
16236547600;2414036,44904,1,-1108,414,1292,34532,9742,5,34452,10201,7,132037,0,0,33311,6183,0,33310,11890,0,32408,0,0,32350,10214,9,33290,9782,0,33301,0,0,132105,4974,140;
20033460800;2417835,44904,1,-867,518,693,34532,9704,9,34452,10113,6,132037,0,0,33311,0,0,33310,11782,1,32408,0,0,32350,10113,10,33290,9719,1,33301,0,0,132105,5030,163;
20134291300;2417935,44904,1,-877,511,736,34532,9701,8,34452,10111,6,132037,0,0,33311,0,0,33310,11783,0,32408,0,0,32350,10112,9,33290,9722,0,33301,0,0,132105,5031,163;
20234489300;2418035,44904,1,-904,500,825,34532,9696,6,34452,10113,7,132037,0,0,33311,0,0,33310,11788,0,32408,0,0,32350,10118,10,33290,9730,0,33301,0,0,132105,5031,172;
20331146000;2418132,44904,1,-900,500,807,34532,9699,8,34452,10114,7,132037,0,0,33311,0,0,33310,11789,1,32408,0,0,32350,10114,10,33290,9720,1,33301,0,0,132105,5029,165;
20433457500;2418234,44904,1,-899,497,801,34532,9703,9,34452,10116,7,132037,0,0,33311,0,0,33310,11792,1,32408,0,0,32350,10112,10,33290,9720,1,33301,0,0,132105,5031,171;
20534242700;2418335,44904,1,-869,525,700,34532,9698,8,34452,10112,8,132037,0,0,33311,0,0,33310,11778,1,32408,0,0,32350,10116,11,33290,9720,0,33301,0,0,132105,5030,147;
20636001000;2418436,44904,1,-898,495,821,34532,9698,7,34452,10110,6,132037,0,0,33311,0,0,33310,11788,1,32408,0,0,32350,10115,10,33290,9722,0,33301,0,0,132105,5031,145;
20731517500;2418533,44904,1,-886,505,765,34532,9701,9,34452,10112,7,132037,0,0,33311,0,0,33310,11786,0,32408,0,0,32350,10110,10,33290,9715,1,33301,0,0,132105,5031,131;
20834199100;2418635,44904,1,-938,455,981,34532,9701,7,34452,10111,7,132037,0,0,33311,0,0,33310,11804,1,32408,0,0,32350,10111,7,33290,9722,0,33301,0,0,132105,5030,134;
20935564100;2418736,44904,1,-931,457,967,34532,9700,8,34452,10108,7,132037,0,0,33311,0,0,33310,11801,1,32408,0,0,32350,10115,11,33290,9717,0,33301,0,0,132105,5030,154;
21031752200;2418832,44904,1,-965,437,1090,34532,9698,7,34452,10112,8,132037,0,0,33311,0,0,33310,11811,0,32408,0,0,32350,10118,11,33290,9718,0,33301,0,0,132105,5031,152;
21133346000;2418934,44904,1,-932,473,932,34532,9699,7,34452,10115,7,132037,0,0,33311,0,0,33310,11800,0,32408,0,0,32350,10117,11,33290,9721,0,33301,0,0,132105,5030,143;
21233939500;2419035,44904,1,-897,501,800,34532,9699,7,34452,10113,7,132037,0,0,33311,0,0,33310,11788,0,32408,0,0,32350,10116,11,33290,0,0,33301,0,0,132105,5030,133;
21334109500;2419135,44904,1,-947,455,1000,34532,9701,6,34452,10115,7,132037,0,0,33311,0,0,33310,11807,0,32408,0,0,32350,10117,10,33290,9735,0,33301,0,0,132105,5031,123;
21435302900;2419236,44904,1,-909,486,854,34532,9700,7,34452,10112,8,132037,0,0,33311,0,0,33310,11793,0,32408,0,0,32350,10111,11,33290,9724,0,33301,0,0,132105,5032,126;
21535518300;2419336,44904,1,-923,469,922,34532,9700,6,34452,10110,8,132037,0,0,33311,0,0,33310,11798,0,32408,0,0,32350,10112,11,33290,9721,0,33301,0,0,132105,5031,117;
21632034000;2419433,44904,1,-882,503,778,34532,9696,8,34452,10105,8,132037,0,0,33311,0,0,33310,11781,0,32408,0,0,32350,10109,11,33290,9715,1,33301,0,0,132105,5034,125;
21731570600;2419533,44904,1,-867,506,741,34532,9698,8,34452,10102,6,132037,0,0,33311,0,0,33310,11778,1,32408,0,0,32350,10104,7,33290,9712,1,33301,0,0,132105,5033,133;
21833692300;2419635,44904,1,-874,510,743,34532,9697,9,34452,10106,8,132037,0,0,33311,0,0,33310,11779,1,32408,0,0,32350,10107,9,33290,9715,1,33301,0,0,132105,5035,179;
21937435100;2419738,44904,1,-857,525,690,34532,9695,9,34452,10104,8,132037,0,0,33311,0,0,33310,11772,1,32408,0,0,32350,10103,9,33290,9714,1,33301,0,0,132105,5035,171;
22035203100;2419836,44904,1,-855,517,697,34532,9697,10,34452,10101,7,132037,0,0,33311,0,0,33310,11773,2,32408,0,0,32350,10105,10,33290,9708,2,33301,0,0,132105,5034,162;
22130920100;2419933,44904,1,-3869,7312,1236,34532,9694,7,34452,10102,7,132037,0,0,33311,7234,0,33310,11780,0,32408,0,0,32350,10107,9,33290,9712,1,33301,0,0,132105,5035,170;
22233409700;2420035,44904,1,-883,495,803,34532,9695,6,34452,10101,7,132037,0,0,33311,0,0,33310,11781,0,32408,0,0,32350,10100,9,33290,9714,0,33301,0,0,132105,5035,158;
22334573800;2420136,44904,1,-3875,7346,1284,34532,9690,8,34452,10096,7,132037,0,0,33311,7196,0,33310,11774,0,32408,0,0,32350,10095,9,33290,9710,1,33301,0,0,132105,5041,152;
22432799800;2420235,44904,1,-852,507,735,34532,9690,8,34452,10089,8,132037,0,0,33311,0,0,33310,11767,1,32408,0,0,32350,10091,9,33290,9706,1,33301,0,0,132105,5043,154;
22531007900;2420332,44904,1,-837,520,680,34532,9690,9,34452,10089,7,132037,0,0,33311,7177,0,33310,11762,1,32408,0,0,32350,10087,9,33290,9705,1,33301,0,0,132105,5044,156;
22633781400;2420435,44904,1,-848,510,741,34532,9684,9,34452,10083,7,132037,0,0,33311,0,0,33310,11761,1,32408,0,0,32350,10080,9,33290,9703,1,33301,0,0,132105,5047,157;
22731917200;2420534,44904,1,-839,508,737,34532,9682,10,34452,10077,7,132037,0,0,33311,0,0,33310,11757,0,32408,0,0,32350,10077,9,33290,9697,2,33301,0,0,132105,5051,160;
22833865500;2420636,44904,1,-845,497,772,34532,9682,10,34452,10074,8,132037,0,0,33311,0,0,33310,11759,0,32408,0,0,32350,10074,9,33290,9697,1,33301,0,0,132105,5052,157;
22930634700;2420732,44904,1,-850,499,794,34532,9676,9,34452,10072,8,132037,0,0,33311,6195,0,33310,11756,0,32408,0,0,32350,10068,9,33290,9695,1,33301,0,0,132105,5057,164;
23033924400;2420836,44904,1,-812,513,688,34532,9679,7,34452,10065,8,132037,0,0,33311,6101,0,33310,11745,1,32408,0,0,32350,10065,9,33290,9695,1,33301,0,0,132105,5057,157;
23133030400;2420935,44904,1,-820,515,718,34532,9672,8,34452,10063,8,132037,0,0,33311,6062,0,33310,11742,2,32408,0,0,32350,10062,9,33290,9692,1,33301,0,0,132105,5059,162;
23233855000;2421035,44904,1,-826,506,748,34532,9673,8,34452,10062,9,132037,0,0,33311,6054,0,33310,11745,1,32408,0,0,32350,10062,10,33290,9692,1,33301,0,0,132105,5059,161;
23329758400;2421131,44904,1,-824,514,723,34532,9674,7,34452,10066,8,132037,0,0,33311,6069,0,33310,11745,1,32408,0,0,32350,10064,10,33290,9694,0,33301,0,0,132105,5060,161;
23433636600;2421235,44904,1,-826,510,740,34532,9672,7,34452,10063,9,132037,0,0,33311,6067,0,33310,11744,0,32408,0,0,32350,10063,9,33290,9694,0,33301,0,0,132105,5060,166;
23533368900;2421335,44904,1,-813,506,724,34532,9673,7,34452,10057,9,132037,0,0,33311,6059,0,33310,11741,1,32408,0,0,32350,10053,10,33290,9695,1,33301,0,0,132105,5062,174;
23635318800;2421437,44904,1,-808,516,693,34532,9673,8,34452,10059,9,132037,0,0,33311,6037,0,33310,11739,1,32408,0,0,32350,10058,10,33290,9692,1,33301,0,0,132105,5060,166;
23729822900;2421531,44904,1,-821,520,720,34532,9668,8,34452,10062,9,132037,0,0,33311,6062,0,33310,11739,1,32408,0,0,32350,10057,10,33290,9695,1,33301,0,0,132105,5062,163;
23832925700;2421634,44904,1,-821,511,735,34532,9670,9,34452,10060,9,132037,0,0,33311,6059,0,33310,11741,1,32408,0,0,32350,10062,10,33290,9695,1,33301,0,0,132105,5061,158;
23933601000;2421735,44904,1,-799,521,664,34532,9674,8,34452,10059,9,132037,0,0,33311,6101,0,33310,11737,1,32408,0,0,32350,10060,10,33290,9688,1,33301,0,0,132105,5062,158;
24033680800;2421836,44904,1,-1041,297,1790,34532,9672,3,34452,10058,10,132037,0,0,33311,6080,0,33310,11822,0,32408,0,0,32350,10057,10,33290,9754,0,33301,0,0,132105,5061,149;
25534224900;2423337,44904,1,12883,-235,-4795,34532,9727,0,34452,10011,8,132037,0,0,33311,0,0,33310,12732,0,32408,0,0,32350,10006,10,33290,14490,0,33301,0,0,132105,5088,185;
25634704400;2423436,44904,1,-754,507,707,34532,9645,8,34452,10006,8,132037,0,0,33311,7211,0,33310,11701,1,32408,0,0,32350,10003,11,33290,9667,1,33301,0,0,132105,5090,188;
25729781500;2423532,44904,1,-741,504,691,34532,9646,9,34452,10000,9,132037,0,0,33311,0,0,33310,11698,2,32408,0,0,32350,9996,11,33290,9657,1,33301,0,0,132105,5092,190;
25831700300;2423634,44904,1,-730,530,631,34532,9641,7,34452,10003,8,132037,0,0,33311,0,0,33310,11690,2,32408,0,0,32350,9997,10,33290,9664,0,33301,0,0,132105,5093,186;
25932725300;2423734,44904,1,-729,529,637,34532,9638,8,34452,10000,8,132037,0,0,33311,6117,0,33310,11688,3,32408,0,0,32350,9993,11,33290,9657,1,33301,0,0,132105,5095,184;
26034626600;2423836,44904,1,-720,521,645,34532,9636,10,34452,9991,9,132037,0,0,33311,13010,1,33310,11684,2,32408,0,0,32350,9989,12,33290,9650,2,33301,0,0,132105,5097,170;
26129351200;2423931,44904,1,-612,505,98,34532,9633,9,34452,9986,8,132037,0,0,33311,12990,2,33310,11684,2,32408,0,0,32350,9983,11,33290,9650,1,33301,0,0,132105,5100,157;
26231471200;2424033,44904,1,-605,505,97,34532,9630,7,34452,9978,7,132037,0,0,33311,12990,2,33310,11687,1,32408,0,0,32350,9974,10,33290,9653,1,33301,0,0,132105,5104,154;
26332375700;2424135,44904,1,-592,490,113,34532,9629,10,34452,9976,6,132037,0,0,33311,13000,1,33310,11695,1,32408,0,0,32350,9968,11,33290,9643,2,33301,0,0,132105,5107,146;
26434670200;2424236,44904,1,-549,429,181,34532,9629,12,34452,9968,5,132037,0,0,33311,13040,0,33310,11687,0,32408,0,0,32350,9969,12,33290,0,0,33301,0,0,132105,5110,127;
26528673800;2424331,44904,1,-711,493,732,34532,9624,11,34452,9963,6,132037,0,0,33311,13060,0,33310,11673,1,32408,0,0,32350,9959,12,33290,9637,2,33301,0,0,132105,5113,124;
26631132500;2424433,44904,1,-688,511,663,34532,9621,9,34452,9959,8,132037,0,0,33311,13014,0,33310,11663,1,32408,0,0,32350,9954,10,33290,9647,1,33301,0,0,132105,5116,117;
26732261100;2424535,44904,1,-681,517,643,34532,9619,6,34452,9957,11,132037,0,0,33311,13032,0,33310,11659,2,32408,0,0,32350,9948,9,33290,9654,0,33301,0,0,132105,5118,108;
26832926400;2424635,44904,1,-684,513,668,34532,9615,6,34452,9953,11,132037,0,0,33311,13002,1,33310,11657,2,32408,0,0,32350,9944,10,33290,0,0,33301,0,0,132105,5119,97;
26933487300;2424736,44904,1,-675,509,659,34532,9616,6,34452,9948,10,132037,0,0,33311,13016,0,33310,11655,2,32408,0,0,32350,9946,10,33290,9648,0,33301,0,0,132105,5122,88;
27030340000;2424832,44904,1,-681,503,695,34532,9612,7,34452,9944,8,132037,0,0,33311,13110,0,33310,11654,1,32408,0,0,32350,9937,10,33290,9635,1,33301,0,0,132105,5126,83;
27131199600;2424933,44904,1,-685,498,719,34532,9610,8,34452,9942,5,132037,0,0,33311,13115,0,33310,11654,1,32408,0,0,32350,9940,11,33290,9631,1,33301,0,0,132105,5127,80;
27232431100;2425035,44904,1,-562,505,91,34532,9610,9,34452,9935,6,132037,0,0,33311,12989,1,33310,0,0,32408,0,0,32350,9932,11,33290,0,0,33301,0,0,132105,5130,72;
27332898700;2425135,44904,1,-536,482,119,34532,9604,9,34452,9931,11,132037,0,0,33311,13003,1,33310,11675,0,32408,0,0,32350,9928,9,33290,9623,1,33301,0,0,132105,5134,72;
27433272100;2425236,44904,1,-626,530,573,34532,9603,6,34452,9924,6,132037,0,0,33311,13072,0,33310,11628,3,32408,0,0,32350,9921,11,33290,9631,0,33301,0,0,132105,5136,68;
27528085400;2425331,44904,1,-636,519,631,34532,9597,5,34452,9918,9,132037,0,0,33311,13109,0,33310,11627,2,32408,0,0,32350,9912,10,33290,9631,0,33301,0,0,132105,5138,81;
27630814000;2425433,44904,1,-636,503,661,34532,9599,10,34452,9912,8,132037,0,0,33311,6011,2,33310,11629,1,32408,0,0,32350,9911,14,33290,9607,2,33301,0,0,132105,5140,60;
27733109000;2425535,44904,1,-630,510,651,34532,9594,8,34452,9908,7,132037,0,0,33311,13078,0,33310,11623,2,32408,0,0,32350,9904,8,33290,9613,1,33301,0,0,132105,5144,80;
27833023500;2425635,44904,1,-633,510,668,34532,9590,7,34452,9906,7,132037,0,0,33311,13233,0,33310,11621,1,32408,0,0,32350,9899,9,33290,9609,1,33301,0,0,132105,5148,83;
27933265900;2425736,44904,1,-617,506,651,34532,9590,9,34452,9897,6,132037,0,0,33311,6003,2,33310,11616,1,32408,0,0,32350,9897,10,33290,9604,2,33301,0,0,132105,5148,68;
28035060200;2425837,44904,1,-594,524,584,34532,9587,8,34452,9893,6,132037,0,0,33311,13079,0,33310,11606,3,32408,0,0,32350,9887,9,33290,9603,1,33301,0,0,132105,5151,62;
28129125800;2425932,44904,1,-602,522,605,34532,9585,9,34452,9894,6,132037,0,0,33311,13025,0,33310,11607,2,32408,0,0,32350,9887,12,33290,9602,2,33301,0,0,132105,5153,72;
28333509600;2426136,44904,1,-614,490,714,34532,9580,10,34452,9879,4,132037,0,0,33311,12996,1,33310,11608,2,32408,0,0,32350,9881,12,33290,9590,2,33301,0,0,132105,5157,77;
28429530700;2426232,44904,1,-580,522,596,34532,9577,12,34452,9877,5,132037,0,0,33311,13064,0,33310,11594,3,32408,0,0,32350,9871,10,33290,9586,3,33301,0,0,132105,5158,73;
28530881700;2426333,44904,1,-579,520,616,34532,9571,9,34452,9870,4,132037,0,0,33311,13023,0,33310,11589,3,32408,0,0,32350,9867,11,33290,9586,1,33301,0,0,132105,5162,86;
28631618100;2426435,44904,1,-573,508,624,34532,9574,9,34452,9865,7,132037,0,0,33311,13001,0,33310,11590,3,32408,0,0,32350,9863,12,33290,9585,2,33301,0,0,132105,5165,92;
28733011500;2426535,44904,1,-584,504,656,34532,9572,9,34452,9866,5,132037,0,0,33311,13006,0,33310,11592,2,32408,0,0,32350,9865,12,33290,9581,2,33301,0,0,132105,5167,92;
28828290600;2426631,44904,1,-583,501,664,34532,9571,11,34452,9863,5,132037,0,0,33311,13007,0,33310,11591,2,32408,0,0,32350,9858,12,33290,9578,2,33301,0,0,132105,5168,91;
28931052200;2426733,44904,1,-587,501,680,34532,9568,10,34452,9862,4,132037,0,0,33311,13052,0,33310,11590,1,32408,0,0,32350,9855,13,33290,9580,2,33301,0,0,132105,5170,99;
29032040600;2426834,44904,1,-556,512,607,34532,9568,9,34452,9854,4,132037,0,0,33311,13015,0,33310,11580,3,32408,0,0,32350,9858,13,33290,9578,2,33301,0,0,132105,5172,108;
29133060000;2426936,44904,1,-566,513,634,34532,9563,10,34452,9854,5,132037,0,0,33311,12989,1,33310,11579,3,32408,0,0,32350,9850,14,33290,9577,2,33301,0,0,132105,5172,101;
29232003900;2427034,44904,1,-585,495,709,34532,9562,8,34452,9853,5,132037,0,0,33311,12997,1,33310,11585,2,32408,0,0,32350,9851,14,33290,9578,1,33301,0,0,132105,5175,86;
29333588200;2427136,44904,1,-550,514,604,34532,9564,9,34452,9849,6,132037,0,0,33311,12991,1,33310,11575,2,32408,0,0,32350,9845,14,33290,9576,2,33301,0,0,132105,5176,81;
29428275300;2427230,44904,1,-550,518,611,34532,9559,8,34452,9846,5,132037,0,0,33311,12992,1,33310,11571,2,32408,0,0,32350,9845,14,33290,9576,1,33301,0,0,132105,5175,73;
29530869700;2427333,44904,1,-557,516,624,34532,9559,10,34452,9848,5,132037,0,0,33311,12989,1,33310,11573,2,32408,0,0,32350,9842,14,33290,9571,2,33301,0,0,132105,5177,68;
29630990800;2427434,44904,1,-556,515,629,34532,9558,10,34452,9846,7,132037,0,0,33311,13002,1,33310,11572,2,32408,0,0,32350,9843,13,33290,9570,2,33301,0,0,132105,5180,61;
29731663700;2427535,44904,1,-561,501,665,34532,9559,9,34452,9843,6,132037,0,0,33311,13002,1,33310,11575,2,32408,0,0,32350,9838,12,33290,9571,2,33301,0,0,132105,5179,54;
29832905500;2427636,44904,1,-445,485,117,34532,9558,9,34452,9842,7,132037,0,0,33311,12998,1,33310,11571,1,32408,0,0,32350,9839,12,33290,9568,1,33301,0,0,132105,5180,68;
29928276200;2427731,44904,1,-449,493,106,34532,9558,9,34452,9837,6,132037,0,0,33311,12993,1,33310,11567,1,32408,0,0,32350,9836,12,33290,9567,2,33301,0,0,132105,5181,69;
30031007300;2427834,44904,1,-445,500,101,34532,9553,9,34452,9834,6,132037,0,0,33311,12988,2,33310,11565,1,32408,0,0,32350,9830,12,33290,9564,1,33301,0,0,132105,5184,77;
30132042700;2427934,44904,1,-446,501,97,34532,9554,9,34452,9830,6,132037,0,0,33311,12988,1,33310,11563,1,32408,0,0,32350,9827,12,33290,9563,1,33301,0,0,132105,5186,75;
30231716700;2428035,44904,1,-529,512,623,34532,9548,9,34452,9823,7,132037,0,0,33311,13003,0,33310,11556,1,32408,0,0,32350,9822,12,33290,9556,1,33301,0,0,132105,5189,78;
30332601900;2428135,44904,1,-516,518,604,34532,9543,11,34452,9816,8,132037,0,0,33311,13013,0,33310,11548,2,32408,0,0,32350,9816,12,33290,9552,2,33301,0,0,132105,5193,76;
30428794200;2428231,44904,1,-507,518,588,34532,9544,11,34452,9813,9,132037,0,0,33311,13015,0,33310,11545,2,32408,0,0,32350,9807,11,33290,9550,2,33301,0,0,132105,5195,78;
30530812900;2428334,44904,1,-502,514,595,34532,9542,11,34452,9807,8,132037,0,0,33311,12998,1,33310,11542,2,32408,0,0,32350,9801,11,33290,9550,2,33301,0,0,132105,5199,90;
30631936400;2428434,44904,1,-498,516,601,34532,9535,11,34452,9801,8,132037,0,0,33311,12994,1,33310,11536,2,32408,0,0,32350,9800,11,33290,9545,2,33301,0,0,132105,5202,77;
30731348900;2428535,44904,1,-494,520,592,34532,9533,10,34452,9799,7,132037,0,0,33311,13008,1,33310,11533,2,32408,0,0,32350,9793,12,33290,9543,2,33301,0,0,132105,5205,74;
30829874900;2428632,44904,1,-495,512,630,34532,9527,10,34452,9790,7,132037,0,0,33311,13020,0,33310,11529,2,32408,0,0,32350,9789,12,33290,9538,2,33301,0,0,132105,5206,76;
30930680300;2428733,44904,1,-490,510,619,34532,9529,9,34452,9789,6,132037,0,0,33311,13039,0,33310,11529,1,32408,0,0,32350,9787,11,33290,9538,1,33301,0,0,132105,5209,66;
31031939700;2428834,44904,1,-483,514,618,34532,9523,10,34452,9782,7,132037,0,0,33311,13015,0,33310,11522,1,32408,0,0,32350,9780,12,33290,9533,1,33301,0,0,132105,5212,76;
31132990500;2428936,44904,1,-471,516,592,34532,9524,10,34452,9779,7,132037,0,0,33311,12993,0,33310,11519,2,32408,0,0,32350,9779,13,33290,9531,2,33301,0,0,132105,5214,80;
31232456900;2429035,44904,1,-368,482,124,34532,9519,10,34452,9776,7,132037,0,0,33311,12997,1,33310,11520,1,32408,0,0,32350,9770,13,33290,9530,1,33301,0,0,132105,5216,85;
31327835100;2429131,44904,1,-366,490,114,34532,9516,10,34452,9769,6,132037,0,0,33311,12992,1,33310,11513,1,32408,0,0,32350,9767,12,33290,9527,1,33301,0,0,132105,5220,86;
31431118900;2429234,44904,1,-447,523,560,34532,9517,10,34452,9766,6,132037,0,0,33311,12991,1,33310,11506,2,32408,0,0,32350,9762,12,33290,9523,1,33301,0,0,132105,5224,91;
31532644900;2429335,44904,1,-450,516,592,34532,9513,9,34452,9760,6,132037,0,0,33311,12991,1,33310,11504,2,32408,0,0,32350,9758,11,33290,9522,1,33301,0,0,132105,5228,88;
31632311300;2429435,44904,1,-448,522,588,34532,9509,10,34452,9758,7,132037,0,0,33311,12985,1,33310,11500,2,32408,0,0,32350,9753,11,33290,9518,1,33301,0,0,132105,5229,84;
31728055900;2429531,44904,1,-448,505,631,34532,9507,10,34452,9748,7,132037,0,0,33311,13001,1,33310,11499,2,32408,0,0,32350,9747,11,33290,0,0,33301,0,0,132105,5232,83;
31832604900;2429635,44904,1,-444,513,625,34532,9501,11,34452,9745,8,132037,0,0,33311,13024,0,33310,11493,2,32408,0,0,32350,9745,11,33290,9509,2,33301,0,0,132105,5234,97;
31930682100;2429734,44904,1,-426,517,586,34532,9502,11,34452,9739,8,132037,0,0,33311,13041,0,33310,11488,2,32408,0,0,32350,9737,11,33290,9507,2,33301,0,0,132105,5237,101;
32032213000;2429835,44904,1,-413,532,541,34532,9499,12,34452,9738,11,132037,0,0,33311,12991,1,33310,11481,2,32408,0,0,32350,9734,11,33290,9504,2,33301,0,0,132105,5238,116;
32128548400;2429931,44904,1,-416,513,594,34532,9497,12,34452,9728,10,132037,0,0,33311,12995,1,33310,11481,2,32408,0,0,32350,9728,12,33290,9496,3,33301,0,0,132105,5242,124;
32230540000;2430034,44904,1,-406,524,561,34532,9495,12,34452,9727,11,132037,0,0,33311,12998,0,33310,11476,2,32408,0,0,32350,9720,13,33290,9494,3,33301,0,0,132105,5245,139;
32527397200;2430331,44904,1,-323,511,85,34532,9490,13,34452,9713,12,132037,0,0,33311,12978,2,33310,11464,2,32408,0,0,32350,9709,13,33290,9490,3,33301,0,0,132105,5253,138;
32832366900;2430635,44904,1,-384,532,563,34532,9477,13,34452,9705,11,132037,0,0,33311,12973,1,33310,11455,2,32408,0,0,32350,9703,11,33290,9481,3,33301,0,0,132105,5257,126;
32931977600;2430735,44904,1,-312,524,78,34532,9477,14,34452,9702,10,132037,0,0,33311,12967,2,33310,11451,2,32408,0,0,32350,9697,13,33290,9512,3,33301,0,0,132105,5258,134;
33027032600;2430831,44904,1,-312,526,75,34532,9477,14,34452,9701,11,132037,0,0,33311,12966,3,33310,11452,2,32408,0,0,32350,9700,13,33290,9511,3,33301,0,0,132105,5259,131;
33230438300;2431034,44904,1,-316,528,68,34532,9480,11,34452,9696,10,132037,0,0,33311,12966,4,33310,11456,1,32408,0,0,32350,9698,11,33290,9482,2,33301,0,0,132105,5261,122;
33331163600;2431134,44904,1,-310,527,69,34532,9477,10,34452,9694,10,132037,0,0,33311,12966,4,33310,11455,1,32408,0,0,32350,9693,12,33290,9481,2,33301,0,0,132105,5263,123;
33432338700;2431235,44904,1,-311,528,67,34532,9478,10,34452,9693,10,132037,0,0,33311,12966,4,33310,11453,2,32408,0,0,32350,9689,12,33290,9483,2,33301,0,0,132105,5264,122;
33527938200;2431331,44904,1,-309,524,69,34532,9479,10,34452,9691,10,132037,0,0,33311,12969,4,33310,11451,2,32408,0,0,32350,9688,12,33290,9481,2,33301,0,0,132105,5265,123;
33628936100;2431432,44904,1,-299,523,70,34532,9474,11,34452,9690,11,132037,0,0,33311,12969,4,33310,11443,2,32408,0,0,32350,9683,12,33290,9480,2,33301,0,0,132105,5270,124;
33731102700;2431534,44904,1,-295,519,73,34532,9474,11,34452,9687,12,132037,0,0,33311,12972,3,33310,11445,1,32408,0,0,32350,9680,11,33290,9478,2,33301,0,0,132105,5272,136;
33926294300;2431729,44904,1,-269,497,105,34532,9467,10,34452,9679,11,132037,0,0,33311,12985,1,33310,11439,1,32408,0,0,32350,9671,11,33290,9476,2,33301,0,0,132105,5274,148;
34029583100;2431833,44904,1,-340,523,537,34532,9470,10,34452,9675,10,132037,0,0,33311,13010,1,33310,11435,2,32408,0,0,32350,9672,11,33290,9475,2,33301,0,0,132105,5278,139;
34130575300;2431934,44904,1,-340,520,555,34532,9466,11,34452,9670,10,132037,0,0,33311,12992,1,33310,11432,2,32408,0,0,32350,9667,12,33290,9471,2,33301,0,0,132105,5280,130;
34232360700;2432036,44904,1,-332,527,538,34532,9463,11,34452,9667,11,132037,0,0,33311,13002,1,33310,11427,3,32408,0,0,32350,9660,11,33290,9470,2,33301,0,0,132105,5283,132;
34427369500;2432230,44904,1,-335,510,587,34532,9460,10,34452,9657,11,132037,0,0,33311,13007,1,33310,11426,2,32408,0,0,32350,9653,12,33290,9465,2,33301,0,0,132105,5290,145;
34631212200;2432434,44904,1,-319,513,571,34532,9455,12,34452,9647,11,132037,0,0,33311,12996,1,33310,11417,2,32408,0,0,32350,9642,10,33290,9456,3,33301,0,0,132105,5296,144;
34731243000;2432535,44904,1,-234,502,93,34532,9451,12,34452,9641,12,132037,0,0,33311,12983,2,33310,11410,2,32408,0,0,32350,9635,9,33290,9454,3,33301,0,0,132105,5299,155;
34826890400;2432630,44904,1,-296,522,537,34532,9448,10,34452,9634,12,132037,0,0,33311,13000,1,33310,11404,2,32408,0,0,32350,9629,10,33290,9460,2,33301,0,0,132105,5303,152;
34927991700;2432732,44904,1,-217,505,92,34532,9441,9,34452,9628,10,132037,0,0,33311,12980,3,33310,11403,2,32408,0,0,32350,9624,11,33290,9458,1,33301,0,0,132105,5307,146;
35027479000;2432831,44904,1,-295,504,583,34532,9446,10,34452,9623,8,132037,0,0,33311,13022,1,33310,11403,2,32408,0,0,32350,9615,9,33290,9449,2,33301,0,0,132105,5311,140;
35128788900;2432933,44904,1,-212,511,76,34532,9440,13,34452,9615,11,132037,0,0,33311,12978,4,33310,11411,2,32408,0,0,32350,9607,10,33290,0,0,33301,0,0,132105,5318,138;
35230223600;2433033,44904,1,-260,516,525,34532,9438,9,34452,9607,9,132037,0,0,33311,0,0,33310,11386,3,32408,0,0,32350,9597,7,33290,9448,1,33301,0,0,132105,5323,128;
35331824100;2433135,44904,1,-337,444,820,34532,9433,7,34452,9601,13,132037,0,0,33311,12988,1,33310,11409,5,32408,0,0,32350,9597,12,33290,9451,0,33301,0,0,132105,5327,114;
35426786800;2433230,44904,1,-191,509,75,34532,9431,12,34452,9595,11,132037,0,0,33311,12980,2,33310,11379,2,32408,0,0,32350,9587,10,33290,9432,3,33301,0,0,132105,5332,130;
35528946400;2433332,44904,1,-248,508,555,34532,9427,11,34452,9588,9,132037,0,0,33311,12990,1,33310,11374,2,32408,0,0,32350,9577,9,33290,9433,2,33301,0,0,132105,5337,112;
35630130200;2433434,44904,1,-238,507,546,34532,9426,12,34452,9582,10,132037,0,0,33311,0,0,33310,11370,2,32408,0,0,32350,9566,8,33290,9426,3,33301,0,0,132105,5341,103;
35729954800;2433534,44904,1,-231,506,552,34532,9421,10,34452,9574,11,132037,0,0,33311,13000,1,33310,11364,2,32408,0,0,32350,9562,9,33290,9426,2,33301,0,0,132105,5347,97;
35831883000;2433635,44904,1,-225,503,560,34532,9418,10,34452,9567,11,132037,0,0,33311,0,0,33310,11360,3,32408,0,0,32350,9551,10,33290,9422,1,33301,0,0,132105,5352,107;
35926953700;2433731,44904,1,-209,503,537,34532,9418,9,34452,9560,11,132037,0,0,33311,13039,0,33310,11355,3,32408,0,0,32350,9548,9,33290,9423,1,33301,0,0,132105,5356,114;
36029773400;2433833,44904,1,-207,504,540,34532,9415,9,34452,9557,11,132037,0,0,33311,12985,2,33310,11352,3,32408,0,0,32350,9542,9,33290,9421,1,33301,0,0,132105,5360,110;
36130053000;2433934,44904,1,-198,514,522,34532,9409,10,34452,9552,12,132037,0,0,33311,13094,0,33310,11343,3,32408,0,0,32350,9535,10,33290,9422,2,33301,0,0,132105,5364,129;
36230020000;2434034,44904,1,-119,482,99,34532,9409,13,34452,9547,11,132037,0,0,33311,12999,1,33310,11347,1,32408,0,0,32350,9535,10,33290,9411,3,33301,0,0,132105,5367,126;
36331813800;2434135,44904,1,-186,508,525,34532,9407,11,34452,9542,11,132037,0,0,33311,12995,1,33310,11338,2,32408,0,0,32350,9527,9,33290,9414,2,33301,0,0,132105,5369,114;
36426525000;2434230,44904,1,-192,502,558,34532,9403,11,34452,9537,12,132037,0,0,33311,12994,2,33310,11337,3,32408,0,0,32350,9525,9,33290,9411,2,33301,0,0,132105,5372,106;
36529627400;2434333,44904,1,-111,493,88,34532,9401,12,34452,9535,14,132037,0,0,33311,12991,2,33310,11333,2,32408,0,0,32350,9520,9,33290,9406,2,33301,0,0,132105,5374,115;
36629370800;2434432,44904,1,-110,493,84,34532,9402,10,34452,9532,15,132037,0,0,33311,12992,3,33310,11329,2,32408,0,0,32350,9514,10,33290,9409,1,33301,0,0,132105,5377,131;
36729695200;2434533,44904,1,-114,498,75,34532,9404,11,34452,9527,14,132037,0,0,33311,12990,3,33310,11332,2,32408,0,0,32350,9512,8,33290,9406,2,33301,0,0,132105,5379,131;
36831894400;2434635,44904,1,-107,500,75,34532,9399,12,34452,9524,13,132037,0,0,33311,12988,3,33310,11326,3,32408,0,0,32350,9507,9,33290,9404,2,33301,0,0,132105,5382,147;
36927192700;2434731,44904,1,-107,503,71,34532,9398,12,34452,9523,13,132037,0,0,33311,12986,3,33310,11329,2,32408,0,0,32350,9503,8,33290,9403,2,33301,0,0,132105,5383,153;
37028706500;2434833,44904,1,-102,494,80,34532,9399,12,34452,9523,14,132037,0,0,33311,12992,2,33310,11327,2,32408,0,0,32350,9505,8,33290,9404,2,33301,0,0,132105,5384,161;
37130518700;2434934,44904,1,-174,491,574,34532,9397,10,34452,9518,13,132037,0,0,33311,13003,1,33310,11327,2,32408,0,0,32350,9502,8,33290,9406,2,33301,0,0,132105,5386,155;
37230731300;2435034,44904,1,-82,482,94,34532,9394,10,34452,9512,12,132037,0,0,33311,13000,2,33310,11321,2,32408,0,0,32350,9498,9,33290,0,0,33301,0,0,132105,5391,148;
37331876400;2435135,44904,1,-155,495,552,34532,9392,12,34452,9507,12,132037,0,0,33311,12995,2,33310,11317,3,32408,0,0,32350,9490,9,33290,9399,2,33301,0,0,132105,5393,133;
37428308500;2435232,44904,1,-84,497,73,34532,9391,13,34452,9506,13,132037,0,0,33311,12991,3,33310,11312,3,32408,0,0,32350,9484,9,33290,0,0,33301,0,0,132105,5397,122;
37528833800;2435332,44904,1,-83,494,73,34532,9393,12,34452,9500,13,132037,0,0,33311,12994,2,33310,11311,2,32408,0,0,32350,9481,8,33290,9394,2,33301,0,0,132105,5399,106;
37630812500;2435434,44904,1,-71,487,83,34532,9389,11,34452,9497,13,132037,0,0,33311,12998,2,33310,11308,1,32408,0,0,32350,9478,8,33290,9394,1,33301,0,0,132105,5402,105;
37731785200;2435535,44904,1,-131,491,546,34532,9385,11,34452,9488,12,132037,0,0,33311,13000,1,33310,11304,2,32408,0,0,32350,9470,9,33290,9389,1,33301,0,0,132105,5408,111;
37825779400;2435629,44904,1,-118,497,529,34532,9380,12,34452,9481,11,132037,0,0,33311,13002,1,33310,11296,3,32408,0,0,32350,9464,9,33290,9386,2,33301,0,0,132105,5412,101;
37929713500;2435733,44904,1,-98,502,486,34532,9382,12,34452,9476,12,132037,0,0,33311,13002,2,33310,11291,4,32408,0,0,32350,9456,9,33290,9380,2,33301,0,0,132105,5415,95;
38031203700;2435834,44904,1,-94,497,506,34532,9377,14,34452,9467,11,132037,0,0,33311,12997,2,33310,11286,3,32408,0,0,32350,9447,10,33290,9377,3,33301,0,0,132105,5421,91;
38129782700;2435934,44904,1,-37,495,69,34532,9373,13,34452,9460,13,132037,0,0,33311,12994,3,33310,11278,3,32408,0,0,32350,9440,10,33290,9374,2,33301,0,0,132105,5428,94;
38226915300;2436030,44904,1,-29,496,66,34532,9369,12,34452,9454,11,132037,0,0,33311,12993,3,33310,11276,2,32408,0,0,32350,9435,10,33290,9376,1,33301,0,0,132105,5433,94;
38328575000;2436132,44904,1,-26,495,62,34532,9370,13,34452,9446,13,132037,0,0,33311,12995,3,33310,11271,3,32408,0,0,32350,9429,11,33290,9372,2,33301,0,0,132105,5438,113;
38429691700;2436233,44904,1,-73,492,519,34532,9365,12,34452,9444,10,132037,0,0,33311,13004,2,33310,11270,3,32408,0,0,32350,9422,12,33290,9372,2,33301,0,0,132105,5442,126;
38529762000;2436333,44904,1,-63,486,516,34532,9366,12,34452,9437,10,132037,0,0,33311,13017,1,33310,11268,3,32408,0,0,32350,9420,12,33290,9370,2,33301,0,0,132105,5445,123;
38631618000;2436435,44904,1,-59,492,505,34532,9363,13,34452,9435,11,132037,0,0,33311,13168,0,33310,11264,3,32408,0,0,32350,9413,12,33290,9364,3,33301,0,0,132105,5447,99;
38726473200;2436531,44904,1,-53,491,496,34532,9365,14,34452,9434,11,132037,0,0,33311,0,0,33310,11264,2,32408,0,0,32350,9415,10,33290,9364,3,33301,0,0,132105,5450,89;
38827758200;2436632,44904,1,-61,480,533,34532,9364,12,34452,9431,11,132037,0,0,33311,0,0,33310,11266,1,32408,0,0,32350,9411,10,33290,9366,2,33301,0,0,132105,5450,93;
38929595400;2436733,44904,1,-157,396,874,34532,9362,10,34452,9430,7,132037,0,0,33311,0,0,33310,11298,0,32408,0,0,32350,9413,8,33290,9382,1,33301,0,0,132105,5452,83;
39030648700;2436834,44904,1,-52,486,522,34532,9359,11,34452,9425,10,132037,0,0,33311,6109,0,33310,11259,2,32408,0,0,32350,9403,12,33290,9364,1,33301,0,0,132105,5455,112;
39128863300;2436933,44904,1,-57,483,539,34532,9357,10,34452,9424,9,132037,0,0,33311,6006,0,33310,11259,2,32408,0,0,32350,9401,12,33290,9362,1,33301,0,0,132105,5456,109;
39227073200;2437030,44904,1,-53,471,559,34532,9358,11,34452,9417,9,132037,0,0,33311,6026,0,33310,11259,2,32408,0,0,32350,9399,12,33290,9363,2,33301,0,0,132105,5459,106;
39329632300;2437134,44904,1,-46,483,531,34532,9355,12,34452,9417,10,132037,0,0,33311,6290,0,33310,11254,1,32408,0,0,32350,9396,12,33290,9358,2,33301,0,0,132105,5460,98;
39429431100;2437233,44904,1,-27,489,493,34532,9355,12,34452,9412,11,132037,0,0,33311,0,0,33310,11248,1,32408,0,0,32350,9389,11,33290,9357,2,33301,0,0,132105,5467,96;
39529290600;2437334,44904,1,-13,495,469,34532,9352,12,34452,9406,13,132037,0,0,33311,0,0,33310,11240,2,32408,0,0,32350,9384,11,33290,9355,2,33301,0,0,132105,5468,93;
39631660900;2437435,44904,1,-248,278,1389,34532,9351,6,34452,9403,6,132037,0,0,33311,0,0,33310,11324,0,32408,0,0,32350,9381,6,33290,9387,0,33301,0,0,132105,5474,61;
39727321300;2437531,44904,1,-25,476,534,34532,9349,12,34452,9399,13,132037,0,0,33311,0,0,33310,11242,2,32408,0,0,32350,9376,12,33290,9354,2,33301,0,0,132105,5476,96;
39828051000;2437632,44904,1,-111,403,840,34532,9345,7,34452,9397,9,132037,0,0,33311,0,0,33310,11270,0,32408,0,0,32350,9370,9,33290,9370,1,33301,0,0,132105,5477,78;
39929458900;2437733,44904,1,-6,481,500,34532,9348,11,34452,9392,13,132037,0,0,33311,0,0,33310,11235,1,32408,0,0,32350,9367,12,33290,0,0,33301,0,0,132105,5481,113;
40031458900;2437835,44904,1,-17,467,560,34532,9343,11,34452,9385,13,132037,0,0,33311,0,0,33310,11235,2,32408,0,0,32350,9367,13,33290,9349,2,33301,0,0,132105,5485,120;
44929788100;2442734,44904,1,275,460,493,34532,9232,13,34452,9145,11,132037,0,0,33311,0,0,33310,11056,1,32408,0,0,32350,9120,16,33290,9235,1,33301,0,0,132105,5657,96;
45031490600;2442835,44904,1,282,464,481,34532,9230,13,34452,9142,11,132037,0,0,33311,0,0,33310,11052,1,32408,0,0,32350,9114,16,33290,0,0,33301,0,0,132105,5659,101;
45124895500;2442929,44904,1,283,456,500,34532,9229,12,34452,9135,11,132037,0,0,33311,0,0,33310,11051,1,32408,0,0,32350,9109,16,33290,9232,1,33301,0,0,132105,5663,103;
45228259900;2443032,44904,1,-3060,7918,902,34532,9227,12,34452,9130,12,132037,0,0,33311,6456,0,33310,11066,0,32408,0,0,32350,9103,16,33290,9230,1,33301,0,0,132105,5666,107;
45328391700;2443133,44904,1,-3122,8041,1116,34532,9222,11,34452,9124,12,132037,0,0,33311,6309,0,33310,11070,0,32408,0,0,32350,9100,16,33290,9227,0,33301,0,0,132105,5668,101;
45627237200;2443432,44904,1,-126,40,2767,34532,9214,10,34452,9109,12,132037,0,0,33311,0,0,33310,11200,0,32408,0,0,32350,9084,16,33290,9223,0,33301,0,0,132105,5679,93;
45924539700;2443730,44904,1,217,359,854,34532,9215,10,34452,9102,13,132037,0,0,33311,0,0,33310,11065,0,32408,0,0,32350,9079,16,33290,9221,0,33301,0,0,132105,5682,97;
46026579900;2443832,44904,1,296,437,570,34532,9213,13,34452,9104,12,132037,0,0,33311,14085,0,33310,11034,0,32408,0,0,32350,9077,16,33290,9215,1,33301,0,0,132105,5685,94;
46127852100;2443933,44904,1,316,451,513,34532,9213,10,34452,9102,11,132037,0,0,33311,0,0,33310,11027,0,32408,0,0,32350,9077,16,33290,9224,0,33301,0,0,132105,5685,87;
46229694300;2444035,44904,1,189,345,949,34532,9208,11,34452,9101,13,132037,0,0,33311,0,0,33310,11069,0,32408,0,0,32350,9075,16,33290,9221,0,33301,0,0,132105,5685,78;
46331527300;2444135,44904,1,301,433,590,34532,9207,12,34452,9094,11,132037,0,0,33311,0,0,33310,11028,0,32408,0,0,32350,9073,17,33290,9213,1,33301,0,0,132105,5687,74;
46425646800;2444230,44904,1,335,468,471,34532,9206,11,34452,9096,11,132037,0,0,33311,0,0,33310,11015,0,32408,0,0,32350,9068,16,33290,9214,1,33301,0,0,132105,5691,74;
46526912500;2444332,44904,1,347,465,472,34532,9203,8,34452,9086,9,132037,0,0,33311,0,0,33310,11009,1,32408,0,0,32350,9061,15,33290,9233,0,33301,0,0,132105,5695,74;
46629542300;2444434,44904,1,353,461,485,34532,9199,8,34452,9077,8,132037,0,0,33311,0,0,33310,11004,2,32408,0,0,32350,9058,13,33290,9245,0,33301,0,0,132105,5700,72;
46728687900;2444533,44904,1,379,481,422,34532,9194,11,34452,9071,14,132037,0,0,33311,0,0,33310,10991,4,32408,0,0,32350,9046,18,33290,9205,0,33301,0,0,132105,5704,82;
46824564800;2444629,44904,1,379,481,436,34532,9189,12,34452,9066,13,132037,0,0,33311,0,0,33310,10987,3,32408,0,0,32350,9041,21,33290,9198,0,33301,0,0,132105,5711,87;
46926564900;2444731,44904,1,382,468,466,34532,9187,13,34452,9056,10,132037,0,0,33311,0,0,33310,10985,2,32408,0,0,32350,9032,18,33290,9193,1,33301,0,0,132105,5713,94;
47027184700;2444832,44904,1,241,346,950,34532,9183,8,34452,9054,11,132037,0,0,33311,0,0,33310,11032,1,32408,0,0,32350,9024,12,33290,10406,0,33301,0,0,132105,5719,72;
47127550900;2444932,44904,1,387,468,480,34532,9180,13,34452,9047,20,132037,0,0,33311,0,0,33310,10978,2,32408,0,0,32350,9024,19,33290,9183,0,33301,0,0,132105,5720,85;
47231084700;2445034,44904,1,391,462,490,34532,9179,11,34452,9041,15,132037,0,0,33311,0,0,33310,10976,1,32408,0,0,32350,9018,16,33290,9188,1,33301,0,0,132105,5725,83;
47325671000;2445130,44904,1,401,466,471,34532,9178,13,34452,9038,20,132037,0,0,33311,0,0,33310,10972,1,32408,0,0,32350,9014,19,33290,9184,1,33301,0,0,132105,5730,69;
47426544400;2445231,44904,1,415,476,443,34532,9174,13,34452,9032,16,132037,0,0,33311,0,0,33310,10964,2,32408,0,0,32350,9008,20,33290,9182,1,33301,0,0,132105,5735,86;
47528344300;2445333,44904,1,412,461,488,34532,9171,14,34452,9022,17,132037,0,0,33311,0,0,33310,10963,2,32408,0,0,32350,9000,19,33290,9173,0,33301,0,0,132105,5739,95;
47628500100;2445433,44904,1,425,473,465,34532,9164,11,34452,9016,17,132037,0,0,33311,0,0,33310,10953,1,32408,0,0,32350,8997,20,33290,9183,0,33301,0,0,132105,5744,101;
47728789500;2445534,44904,1,443,482,428,34532,9163,11,34452,9011,16,132037,0,0,33311,6118,0,33310,10946,3,32408,0,0,32350,8988,20,33290,9183,0,33301,0,0,132105,5745,92;
47825438400;2445630,44904,1,461,484,399,34532,9164,11,34452,9005,17,132037,0,0,33311,0,0,33310,10940,4,32408,0,0,32350,8986,21,33290,0,0,33301,0,0,132105,5749,78;
47926748900;2445732,44904,1,462,482,417,34532,9158,12,34452,8998,15,132037,0,0,33311,0,0,33310,10935,3,32408,0,0,32350,8979,22,33290,9167,1,33301,0,0,132105,5754,80;
48027786400;2445833,44904,1,467,481,422,34532,9155,12,34452,8992,15,132037,0,0,33311,13079,0,33310,10931,2,32408,0,0,32350,8973,18,33290,9156,0,33301,0,0,132105,5756,74;
48128387800;2445933,44904,1,483,482,404,34532,9154,12,34452,8984,13,132037,0,0,33311,13152,0,33310,10925,2,32408,0,0,32350,8966,18,33290,9150,1,33301,0,0,132105,5761,82;
48224323900;2446029,44904,1,474,474,442,34532,9150,14,34452,8980,10,132037,0,0,33311,0,0,33310,10925,1,32408,0,0,32350,8963,17,33290,9149,1,33301,0,0,132105,5761,73;
48326437800;2446131,44904,1,477,474,436,34532,9151,12,34452,8980,11,132037,0,0,33311,0,0,33310,10925,1,32408,0,0,32350,8960,18,33290,9154,1,33301,0,0,132105,5767,80;
48426480800;2446232,44904,1,468,473,462,34532,9146,13,34452,8979,11,132037,0,0,33311,13127,0,33310,10924,1,32408,0,0,32350,8956,19,33290,9151,0,33301,0,0,132105,5766,86;
48529977300;2446334,44904,1,604,346,245,34532,9147,11,34452,8975,10,132037,0,0,33311,13110,0,33310,10947,0,32408,0,0,32350,8955,17,33290,9157,0,33301,0,0,132105,5769,73;
48624001700;2446429,44904,1,537,450,99,34532,9146,12,34452,8972,14,132037,0,0,33311,13042,1,33310,10920,1,32408,0,0,32350,8949,20,33290,9147,1,33301,0,0,132105,5771,81;
48726227700;2446532,44904,1,478,461,487,34532,9142,11,34452,8964,13,132037,0,0,33311,14065,0,33310,10918,0,32408,0,0,32350,8946,17,33290,9152,0,33301,0,0,132105,5776,91;
48827667700;2446632,44904,1,1138,-892,3442,34532,9138,10,34452,8960,12,132037,0,0,33311,14010,0,33310,10910,0,32408,0,0,32350,8940,18,33290,9148,0,33301,0,0,132105,5777,89;
48928232900;2446733,44904,1,594,397,178,34532,9134,12,34452,8956,13,132037,0,0,33311,13077,0,33310,10904,0,32408,0,0,32350,8934,20,33290,9140,0,33301,0,0,132105,5781,87;
49023752900;2446829,44904,1,511,480,436,34532,9130,11,34452,8948,15,132037,0,0,33311,13228,0,33310,10898,1,32408,0,0,32350,8929,21,33290,9136,0,33301,0,0,132105,5786,85;
49126116900;2446932,44904,1,631,361,230,34532,9129,11,34452,8945,15,132037,0,0,33311,13101,0,33310,10903,0,32408,0,0,32350,8923,19,33290,9136,0,33301,0,0,132105,5789,87;
49226180000;2447032,44904,1,509,463,486,34532,9126,11,34452,8935,16,132037,0,0,33311,13069,0,33310,10896,1,32408,0,0,32350,8920,19,33290,9135,0,33301,0,0,132105,5793,76;
49328333100;2447133,44904,1,522,472,456,34532,9124,10,34452,8932,17,132037,0,0,33311,13181,0,33310,10890,1,32408,0,0,32350,8913,16,33290,9134,0,33301,0,0,132105,5797,72;
49424085900;2447229,44904,1,516,465,490,34532,9120,11,34452,8927,17,132037,0,0,33311,0,0,33310,10889,1,32408,0,0,32350,8908,16,33290,9135,0,33301,0,0,132105,5798,67;
49528244400;2447333,44904,1,540,476,438,34532,9120,12,34452,8922,16,132037,0,0,33311,13532,0,33310,10881,2,32408,0,0,32350,8906,16,33290,9121,0,33301,0,0,132105,5802,63;
49625756200;2447432,44904,1,541,475,443,34532,9118,12,34452,8919,15,132037,0,0,33311,13155,0,33310,10879,1,32408,0,0,32350,8901,15,33290,9118,0,33301,0,0,132105,5805,63;
49726906300;2447533,44904,1,555,487,414,34532,9113,12,34452,8914,14,132037,0,0,33311,13066,0,33310,10870,2,32408,0,0,32350,8894,16,33290,9115,0,33301,0,0,132105,5808,69;
49829788600;2447635,44904,1,547,482,449,34532,9108,12,34452,8910,15,132037,0,0,33311,13130,0,33310,10869,1,32408,0,0,32350,8892,15,33290,9113,1,33301,0,0,132105,5810,62;
49923716300;2447729,44904,1,556,480,453,34532,9104,13,34452,8901,13,132037,0,0,33311,13051,0,33310,10863,2,32408,0,0,32350,8886,14,33290,9107,0,33301,0,0,132105,5812,65;
50126003600;2447932,44904,1,586,487,416,34532,9099,12,34452,8886,13,132037,0,0,33311,13992,0,33310,10849,2,32408,0,0,32350,8871,13,33290,9097,1,33301,0,0,132105,5826,70;
50228249600;2448034,44904,1,595,497,402,34532,9093,13,34452,8881,15,132037,0,0,33311,13129,0,33310,10840,2,32408,0,0,32350,8865,15,33290,9094,1,33301,0,0,132105,5832,84;
50329233200;2448134,44904,1,611,490,397,34532,9093,13,34452,8870,16,132037,0,0,33311,13063,0,33310,10835,2,32408,0,0,32350,8856,16,33290,9093,0,33301,0,0,132105,5838,86;
50424120700;2448230,44904,1,604,483,437,34532,9087,12,34452,8864,16,132037,0,0,33311,13104,0,33310,10833,2,32408,0,0,32350,8850,17,33290,9091,1,33301,0,0,132105,5841,81;
50625926800;2448432,44904,1,624,494,413,34532,9078,12,34452,8852,17,132037,0,0,33311,13241,0,33310,10819,2,32408,0,0,32350,8838,18,33290,9083,0,33301,0,0,132105,5848,75;
50724730100;2448530,44904,1,635,491,414,34532,9076,13,34452,8843,17,132037,0,0,33311,13168,0,33310,10814,1,32408,0,0,32350,8832,18,33290,9076,0,33301,0,0,132105,5853,77;
50829412100;2448635,44904,1,644,495,409,34532,9071,15,34452,8835,15,132037,0,0,33311,13956,0,33310,10807,1,32408,0,0,32350,8825,18,33290,9069,1,33301,0,0,132105,5858,66;
50926117600;2448731,44904,1,650,489,425,34532,9067,14,34452,8825,13,132037,0,0,33311,13084,0,33310,10802,2,32408,0,0,32350,8817,17,33290,9066,1,33301,0,0,132105,5864,64;
51026924100;2448833,44904,1,663,494,403,34532,9065,14,34452,8820,13,132037,0,0,33311,13064,0,33310,10796,2,32408,0,0,32350,8814,18,33290,9063,1,33301,0,0,132105,5869,71;
51122686700;2448928,44904,1,658,489,433,34532,9060,13,34452,8815,12,132037,0,0,33311,13109,0,33310,10794,2,32408,0,0,32350,8805,18,33290,9060,1,33301,0,0,132105,5873,71;
51226101200;2449032,44904,1,673,497,404,34532,9058,14,34452,8810,13,132037,0,0,33311,13246,0,33310,10787,2,32408,0,0,32350,8802,19,33290,9053,1,33301,0,0,132105,5876,69;
51325817200;2449131,44904,1,671,497,423,34532,9052,15,34452,8805,14,132037,0,0,33311,13070,0,33310,10783,2,32408,0,0,32350,8794,20,33290,9051,1,33301,0,0,132105,5879,60;
51427469900;2449233,44904,1,696,511,372,34532,9050,15,34452,8799,16,132037,0,0,33311,13039,0,33310,10773,2,32408,0,0,32350,8791,21,33290,9044,1,33301,0,0,132105,5883,64;
51523364200;2449329,44904,1,693,510,390,34532,9045,14,34452,8795,16,132037,0,0,33311,13047,0,33310,10770,3,32408,0,0,32350,8789,19,33290,9049,1,33301,0,0,132105,5888,67;
51626051000;2449432,44904,1,704,506,390,34532,9043,16,34452,8786,18,132037,0,0,33311,13025,1,33310,10765,3,32408,0,0,32350,8781,21,33290,9041,1,33301,0,0,132105,5891,79;
51726206000;2449532,44904,1,714,510,378,34532,9041,16,34452,8781,19,132037,0,0,33311,13015,1,33310,10760,3,32408,0,0,32350,8777,21,33290,9035,1,33301,0,0,132105,5895,84;
51826924500;2449633,44904,1,709,500,417,34532,9035,13,34452,8773,18,132037,0,0,33311,13007,2,33310,10758,3,32408,0,0,32350,8768,23,33290,9035,0,33301,0,0,132105,5900,81;
51923660800;2449729,44904,1,747,508,54,34532,9031,16,34452,8764,19,132037,0,0,33311,13008,2,33310,10753,2,32408,0,0,32350,8762,24,33290,9026,1,33301,0,0,132105,5907,81;
52125809700;2449931,44904,1,736,504,415,34532,9021,11,34452,8749,19,132037,0,0,33311,13069,0,33310,10737,3,32408,0,0,32350,8745,23,33290,9034,0,33301,0,0,132105,5917,77;
52228048800;2450034,44904,1,748,507,396,34532,9021,11,34452,8745,16,132037,0,0,33311,13174,0,33310,10733,2,32408,0,0,32350,8737,21,33290,9036,0,33301,0,0,132105,5922,78;
