1052682800;2538922,44904,1,1875,521,514,34532,8545,3,34452,7704,25,132037,0,0,33311,0,0,33310,9971,6,32408,0,0,32350,7782,22,33290,0,0,33301,0,0,132105,6723,46;
1152785000;2539022,44904,1,1811,520,644,34532,8515,2,34452,7707,22,132037,0,0,33311,0,0,33310,9970,5,32408,0,0,32350,7782,22,33290,0,0,33301,0,0,132105,6725,46;
1252813300;2539122,44904,1,1888,534,475,34532,8546,3,34452,7706,23,132037,0,0,33311,0,0,33310,9967,6,32408,0,0,32350,7783,24,33290,0,0,33301,0,0,132105,6726,47;
1352585300;2539222,44904,1,1888,533,474,34532,8547,5,34452,7707,24,132037,0,0,33311,0,0,33310,9968,6,32408,0,0,32350,7782,25,33290,8697,0,33301,0,0,132105,6725,46;
1452808700;2539322,44904,1,1887,530,479,34532,8548,6,34452,7706,25,132037,0,0,33311,0,0,33310,9969,5,32408,0,0,32350,7781,23,33290,8623,0,33301,0,0,132105,6724,45;
1552988000;2539422,44904,1,1885,526,489,34532,8548,9,34452,7705,27,132037,0,0,33311,6149,0,33310,9970,5,32408,0,0,32350,7782,22,33290,8591,0,33301,0,0,132105,6724,46;
1653350700;2539522,44904,1,1893,533,469,34532,8547,9,34452,7704,25,132037,0,0,33311,0,0,33310,9966,6,32408,0,0,32350,7781,21,33290,8606,0,33301,0,0,132105,6725,45;
1752840500;2539622,44904,1,1895,535,460,34532,8549,8,34452,7706,22,132037,0,0,33311,0,0,33310,9967,7,32408,0,0,32350,7781,22,33290,8667,0,33301,0,0,132105,6724,46;
1852961300;2539722,44904,1,1888,529,483,34532,8547,7,34452,7704,23,132037,0,0,33311,0,0,33310,9968,7,32408,0,0,32350,7781,25,33290,8617,0,33301,0,0,132105,6723,48;
1953366000;2539822,44904,1,1891,533,474,34532,8546,10,34452,7704,24,132037,0,0,33311,0,0,33310,9966,6,32408,0,0,32350,7783,26,33290,8568,0,33301,0,0,132105,6724,48;
2053435200;2539922,44904,1,1905,535,445,34532,8552,12,34452,7704,23,132037,0,0,33311,0,0,33310,9966,6,32408,0,0,32350,7782,27,33290,8564,0,33301,0,0,132105,6724,48;
2151800000;2540021,44904,1,1900,534,454,34532,8551,9,34452,7705,24,132037,0,0,33311,0,0,33310,9967,5,32408,0,0,32350,7782,25,33290,8656,0,33301,0,0,132105,6723,48;
2252983200;2540122,44904,1,1883,529,489,34532,8546,7,34452,7706,24,132037,0,0,33311,0,0,33310,9969,5,32408,0,0,32350,7783,22,33290,0,0,33301,0,0,132105,6724,48;
2351724800;2540221,44904,1,1902,536,447,34532,8551,7,34452,7705,25,132037,0,0,33311,0,0,33310,9966,4,32408,0,0,32350,7783,24,33290,0,0,33301,0,0,132105,6724,48;
2451895300;2540321,44904,1,1892,534,464,34532,8549,5,34452,7707,23,132037,0,0,33311,0,0,33310,9968,4,32408,0,0,32350,7782,24,33290,0,0,33301,0,0,132105,6722,48;
2550295300;2540419,44904,1,1874,532,493,34532,8545,3,34452,7711,21,132037,0,0,33311,0,0,33310,9971,5,32408,0,0,32350,7786,23,33290,0,0,33301,0,0,132105,6721,48;
2652640500;2540522,44904,1,1872,533,483,34532,8548,5,34452,7716,22,132037,0,0,33311,0,0,33310,9974,5,32408,0,0,32350,7790,23,33290,0,0,33301,0,0,132105,6718,47;
2752985600;2540623,44904,1,1869,536,465,34532,8554,5,34452,7726,24,132037,0,0,33311,0,0,33310,9980,5,32408,0,0,32350,7796,22,33290,0,0,33301,0,0,132105,6709,45;
2853634700;2540723,44904,1,1858,529,490,34532,8554,5,34452,7727,26,132037,0,0,33311,0,0,33310,9984,5,32408,0,0,32350,7803,25,33290,0,0,33301,0,0,132105,6704,48;
2949427900;2540819,44904,1,1860,539,456,34532,8558,5,34452,7737,24,132037,0,0,33311,0,0,33310,9986,4,32408,0,0,32350,7809,23,33290,8747,0,33301,0,0,132105,6698,47;
3050056100;2540920,44904,1,1835,526,500,34532,8559,7,34452,7744,29,132037,0,0,33311,0,0,33310,9996,5,32408,0,0,32350,7814,26,33290,8650,0,33301,0,0,132105,6691,47;
3153285500;2541023,44904,1,1840,530,473,34532,8565,7,34452,7750,26,132037,0,0,33311,0,0,33310,9999,5,32408,0,0,32350,7821,25,33290,8722,0,33301,0,0,132105,6686,44;
3249427300;2541119,44904,1,1831,534,473,34532,8564,6,34452,7756,25,132037,0,0,33311,0,0,33310,10001,5,32408,0,0,32350,7829,25,33290,1023,0,33301,0,0,132105,6683,35;
3351886800;2541222,44904,1,1831,532,463,34532,8570,9,34452,7761,24,132037,0,0,33311,5899,0,33310,10006,6,32408,0,0,32350,7834,25,33290,8637,0,33301,0,0,132105,6677,32;
3452615200;2541323,44904,1,1834,534,444,34532,8575,5,34452,7766,22,132037,0,0,33311,6036,0,33310,10009,6,32408,0,0,32350,7840,28,33290,0,0,33301,0,0,132105,6672,50;
3554128900;2541424,44904,1,1825,531,455,34532,8576,5,34452,7770,19,132037,0,0,33311,0,0,33310,10013,5,32408,0,0,32350,7845,27,33290,0,0,33301,0,0,132105,6669,61;
3649009300;2541519,44904,1,1819,590,412,34532,8545,1,34452,7777,30,132037,0,0,33311,0,0,33310,9988,4,32408,0,0,32350,7848,20,33290,1580,0,33301,0,0,132105,6664,51;
3751150200;2541621,44904,1,1343,146,2197,34532,8558,0,34452,7781,28,132037,0,0,33311,0,0,33310,10189,1,32408,0,0,32350,7850,18,33290,1179,0,33301,0,0,132105,6657,56;
4054866700;2541925,44904,1,8111,9961,849,34532,9005,0,34452,7804,31,132037,0,0,33311,0,0,33310,3574,0,32408,0,0,32350,7876,27,33290,5083,0,33301,0,0,132105,6638,48;
4149206500;2542019,44904,1,1619,547,-185,34532,8797,0,34452,7810,28,132037,0,0,33311,13115,0,33310,0,0,32408,0,0,32350,7883,17,33290,4843,0,33301,0,0,132105,6634,57;
4352476900;2542223,44904,1,1696,648,-132,34532,8665,0,34452,7827,16,132037,0,0,33311,13014,1,33310,0,0,32408,0,0,32350,7899,23,33290,5029,0,33301,0,0,132105,6619,51;
4452825000;2542323,44904,1,1711,665,-113,34532,8638,0,34452,7833,20,132037,0,0,33311,12995,2,33310,0,0,32408,0,0,32350,7904,25,33290,5253,0,33301,0,0,132105,6613,53;
4550959200;2542421,44904,1,1783,643,4,34532,8583,1,34452,7842,27,132037,0,0,33311,12995,2,33310,0,0,32408,0,0,32350,7910,26,33290,4849,0,33301,0,0,132105,6605,51;
4752925800;2542623,44904,1,1785,631,32,34532,8580,1,34452,7856,21,132037,0,0,33311,12999,2,33310,0,0,32408,0,0,32350,7923,24,33290,1049,0,33301,0,0,132105,6595,52;
4850133900;2542719,44904,1,1781,578,73,34532,8609,4,34452,7864,27,132037,0,0,33311,13039,0,33310,4182,0,32408,0,0,32350,7930,24,33290,5041,0,33301,0,0,132105,6589,53;
4951925200;2542822,44904,1,1736,637,-10,34532,8608,3,34452,7873,23,132037,0,0,33311,12998,1,33310,0,0,32408,0,0,32350,7941,23,33290,5184,0,33301,0,0,132105,6582,54;
5055635600;2542925,44904,1,1721,640,-21,34532,8615,4,34452,7880,26,132037,0,0,33311,12996,2,33310,0,0,32408,0,0,32350,7946,23,33290,5360,0,33301,0,0,132105,6576,54;
5150212700;2543020,44904,1,1745,594,50,34532,8615,5,34452,7885,21,132037,0,0,33311,13024,0,33310,0,0,32408,0,0,32350,7950,23,33290,793,0,33301,0,0,132105,6569,55;
5251023900;2543121,44904,1,1760,554,110,34532,8619,4,34452,7894,23,132037,0,0,33311,13049,1,33310,0,0,32408,0,0,32350,7959,24,33290,1247,0,33301,0,0,132105,6562,52;
5650272000;2543521,44904,1,1717,579,69,34532,8628,10,34452,7920,20,132037,0,0,33311,13030,1,33310,0,0,32408,0,0,32350,7982,28,33290,8691,0,33301,0,0,132105,6544,53;
5752934300;2543623,44904,1,1672,634,-15,34532,8632,9,34452,7925,17,132037,0,0,33311,12994,2,33310,0,0,32408,0,0,32350,7988,29,33290,8700,0,33301,0,0,132105,6540,54;
6253244900;2544123,44904,1,1666,608,23,34532,8639,12,34452,7946,23,132037,0,0,33311,13007,0,33310,0,0,32408,0,0,32350,8006,27,33290,8673,0,33301,0,0,132105,6521,54;
6349773100;2544220,44904,1,1652,618,8,34532,8642,15,34452,7953,24,132037,0,0,33311,13000,1,33310,0,0,32408,0,0,32350,8012,26,33290,8646,0,33301,0,0,132105,6516,55;
6451500500;2544322,44904,1,1646,616,9,34532,8645,17,34452,7959,19,132037,0,0,33311,13001,1,33310,0,0,32408,0,0,32350,8018,24,33290,8642,1,33301,0,0,132105,6512,54;
6553107300;2544423,44904,1,1638,614,12,34532,8648,22,34452,7969,21,132037,0,0,33311,13001,0,33310,0,0,32408,0,0,32350,8024,25,33290,8637,2,33301,0,0,132105,6505,58;
6649922200;2544519,44904,1,1628,613,11,34532,8652,21,34452,7976,20,132037,0,0,33311,13001,1,33310,0,0,32408,0,0,32350,8032,23,33290,8643,2,33301,0,0,132105,6499,53;
6752085400;2544622,44904,1,1616,613,8,34532,8657,23,34452,7986,22,132037,0,0,33311,13000,1,33310,0,0,32408,0,0,32350,8041,25,33290,8641,3,33301,0,0,132105,6492,54;
6850986700;2544721,44904,1,1601,617,-3,34532,8663,23,34452,7994,25,132037,0,0,33311,12997,1,33310,0,0,32408,0,0,32350,8050,25,33290,8647,2,33301,0,0,132105,6486,53;
6951982000;2544822,44904,1,1592,613,3,34532,8666,21,34452,8003,23,132037,0,0,33311,12998,1,33310,14753,0,32408,0,0,32350,8058,25,33290,8651,2,33301,0,0,132105,6478,52;
7054897600;2544925,44904,1,1583,618,-5,34532,8669,20,34452,8009,22,132037,0,0,33311,12995,1,33310,743,0,32408,0,0,32350,8062,25,33290,8660,1,33301,0,0,132105,6475,53;
7153607100;2545024,44904,1,1580,604,11,34532,8674,20,34452,8018,20,132037,0,0,33311,13003,1,33310,14650,0,32408,0,0,32350,8069,25,33290,8665,1,33301,0,0,132105,6468,52;
7248449100;2545119,44904,1,1571,612,3,34532,8674,20,34452,8024,21,132037,0,0,33311,12997,1,33310,0,0,32408,0,0,32350,8074,24,33290,8671,1,33301,0,0,132105,6463,55;
7351927700;2545223,44904,1,1558,608,-1,34532,8683,16,34452,8032,16,132037,0,0,33311,13000,1,33310,0,0,32408,0,0,32350,8081,23,33290,8677,0,33301,0,0,132105,6458,54;
7451705600;2545322,44904,1,1573,572,49,34532,8687,18,34452,8040,17,132037,0,0,33311,13023,0,33310,0,0,32408,0,0,32350,8089,24,33290,8682,1,33301,0,0,132105,6453,58;
7548144400;2545418,44904,1,1565,573,51,34532,8688,18,34452,8048,16,132037,0,0,33311,13021,1,33310,0,0,32408,0,0,32350,8097,27,33290,8684,1,33301,0,0,132105,6446,56;
7650125500;2545521,44904,1,1571,553,77,34532,8692,18,34452,8057,17,132037,0,0,33311,13034,1,33310,14724,0,32408,0,0,32350,8102,24,33290,8684,0,33301,0,0,132105,6443,50;
7752836400;2545623,44904,1,1531,595,12,34532,8697,18,34452,8062,11,132037,0,0,33311,13006,1,33310,708,0,32408,0,0,32350,8108,24,33290,8692,0,33301,0,0,132105,6436,39;
7851168500;2545722,44904,1,1561,532,105,34532,8701,17,34452,8073,17,132037,0,0,33311,13046,0,33310,14638,1,32408,0,0,32350,8115,22,33290,8701,1,33301,0,0,132105,6428,71;
7948908700;2545819,44904,1,-3730,883,-2242,34532,8705,18,34452,8078,16,132037,0,0,33311,13908,0,33310,14672,0,32408,0,0,32350,8123,23,33290,8705,1,33301,0,0,132105,6420,31;
8050190400;2545921,44904,1,1536,535,96,34532,8710,10,34452,8088,10,132037,0,0,33311,13042,1,33310,14747,0,32408,0,0,32350,8129,21,33290,8833,0,33301,0,0,132105,6413,55;
8249414000;2546119,44904,1,1479,598,0,34532,8716,11,34452,8104,17,132037,0,0,33311,13000,1,33310,0,0,32408,0,0,32350,8146,26,33290,8782,0,33301,0,0,132105,6404,56;
8351638900;2546222,44904,1,1479,581,24,34532,8720,9,34452,8113,18,132037,0,0,33311,13010,1,33310,14717,0,32408,0,0,32350,8152,21,33290,8844,0,33301,0,0,132105,6396,55;
8452814200;2546323,44904,1,1494,546,75,34532,8723,10,34452,8117,22,132037,0,0,33311,13032,1,33310,14729,0,32408,0,0,32350,8158,21,33290,8826,0,33301,0,0,132105,6391,58;
8548426700;2546419,44904,1,1464,586,13,34532,8725,9,34452,8121,21,132037,0,0,33311,13006,2,33310,14664,1,32408,0,0,32350,8163,20,33290,0,0,33301,0,0,132105,6390,61;
8650999500;2546521,44904,1,1460,573,26,34532,8732,11,34452,8127,19,132037,0,0,33311,13015,1,33310,3759,0,32408,0,0,32350,8166,24,33290,8845,0,33301,0,0,132105,6385,61;
8752736300;2546623,44904,1,1502,498,135,34532,8737,11,34452,8136,20,132037,0,0,33311,13065,0,33310,14712,0,32408,0,0,32350,8173,25,33290,8786,0,33301,0,0,132105,6381,57;
8853419400;2546723,44904,1,1435,585,3,34532,8740,8,34452,8140,21,132037,0,0,33311,13006,2,33310,14789,0,32408,0,0,32350,8179,27,33290,0,0,33301,0,0,132105,6376,59;
8948322200;2546818,44904,1,1501,481,164,34532,8740,9,34452,8147,19,132037,0,0,33311,13074,0,33310,14702,0,32408,0,0,32350,8185,28,33290,0,0,33301,0,0,132105,6371,60;
9049159100;2546920,44904,1,1503,466,184,34532,8744,6,34452,8154,16,132037,0,0,33311,13084,0,33310,14736,0,32408,0,0,32350,8190,26,33290,0,0,33301,0,0,132105,6367,57;
9151722300;2547022,44904,1,1393,34,377,34532,9077,2,34452,8155,1,132037,0,0,33311,13444,0,33310,152,0,32408,0,0,32350,8174,4,33290,0,0,33301,0,0,132105,6372,11;
9248831600;2547120,44904,1,1418,557,35,34532,8756,6,34452,8168,19,132037,0,0,33311,13023,1,33310,14692,1,32408,0,0,32350,8198,26,33290,0,0,33301,0,0,132105,6356,59;
9351373300;2547222,44904,1,1400,580,3,34532,8756,7,34452,8171,21,132037,0,0,33311,13007,1,33310,14732,0,32408,0,0,32350,8204,25,33290,0,0,33301,0,0,132105,6353,59;
9452280500;2547323,44904,1,1415,549,49,34532,8758,7,34452,8178,23,132037,0,0,33311,13027,1,33310,14697,1,32408,0,0,32350,8211,25,33290,0,0,33301,0,0,132105,6349,59;
9551634400;2547422,44904,1,1418,536,69,34532,8759,8,34452,8186,26,132037,0,0,33311,13034,1,33310,14671,2,32408,0,0,32350,8216,28,33290,0,0,33301,0,0,132105,6344,61;
9647929900;2547518,44904,1,1382,567,16,34532,8767,7,34452,8191,24,132037,0,0,33311,13014,1,33310,14746,0,32408,0,0,32350,8222,27,33290,9441,0,33301,0,0,132105,6338,60;
9750551400;2547621,44904,1,1377,565,21,34532,8769,6,34452,8197,17,132037,0,0,33311,13015,0,33310,14738,1,32408,0,0,32350,8228,27,33290,0,0,33301,0,0,132105,6333,60;
9852039300;2547723,44904,1,1388,546,52,34532,8768,6,34452,8205,24,132037,0,0,33311,13026,1,33310,14744,0,32408,0,0,32350,8232,27,33290,0,0,33301,0,0,132105,6329,62;
9950710700;2547821,44904,1,1392,519,89,34532,8774,8,34452,8214,22,132037,0,0,33311,13043,0,33310,0,0,32408,0,0,32350,8242,26,33290,0,0,33301,0,0,132105,6320,61;
10049785600;2547920,44904,1,1363,557,36,34532,8774,9,34452,8222,24,132037,0,0,33311,13017,1,33310,3673,0,32408,0,0,32350,8252,26,33290,8899,0,33301,0,0,132105,6316,61;
10154478500;2548025,44904,1,1332,570,5,34532,8786,12,34452,8232,26,132037,0,0,33311,13009,2,33310,0,0,32408,0,0,32350,8258,25,33290,8851,0,33301,0,0,132105,6308,62;
10247917200;2548119,44904,1,1382,486,129,34532,8788,12,34452,8239,18,132037,0,0,33311,13064,0,33310,14756,0,32408,0,0,32350,8262,25,33290,8851,0,33301,0,0,132105,6303,62;
10350401700;2548221,44904,1,1325,553,25,34532,8794,8,34452,8246,20,132037,0,0,33311,13019,1,33310,0,0,32408,0,0,32350,8272,22,33290,8959,0,33301,0,0,132105,6297,61;
10450037300;2548322,44904,1,1323,560,22,34532,8790,6,34452,8252,25,132037,0,0,33311,13013,2,33310,0,0,32408,0,0,32350,8275,21,33290,5376,0,33301,0,0,132105,6295,62;
10648639100;2548518,44904,1,1310,563,16,34532,8795,9,34452,8256,22,132037,0,0,33311,13011,2,33310,0,0,32408,0,0,32350,8281,22,33290,8927,0,33301,0,0,132105,6289,60;
11350680300;2549222,44904,1,1335,509,88,34532,8802,5,34452,8264,19,132037,0,0,33311,13047,0,33310,0,0,32408,0,0,32350,8287,24,33290,0,0,33301,0,0,132105,6285,61;
11453006300;2549323,44904,1,1294,559,14,34532,8804,9,34452,8269,19,132037,0,0,33311,13013,1,33310,0,0,32408,0,0,32350,8291,25,33290,0,0,33301,0,0,132105,6280,64;
11547163200;2549418,44904,1,1287,564,6,34532,8806,9,34452,8274,19,132037,0,0,33311,13010,2,33310,0,0,32408,0,0,32350,8296,24,33290,0,0,33301,0,0,132105,6278,61;
11650746900;2549522,44904,1,1281,564,8,34532,8807,13,34452,8282,18,132037,0,0,33311,13009,2,33310,0,0,32408,0,0,32350,8301,21,33290,8838,0,33301,0,0,132105,6273,61;
11751252800;2549623,44904,1,1278,556,19,34532,8810,16,34452,8289,23,132037,0,0,33311,13013,1,33310,0,0,32408,0,0,32350,8308,21,33290,8817,0,33301,0,0,132105,6267,64;
11951303900;2549822,44904,1,1260,558,12,34532,8818,15,34452,8300,21,132037,0,0,33311,13012,2,33310,0,0,32408,0,0,32350,8318,21,33290,8822,0,33301,0,0,132105,6259,66;
12047224000;2549918,44904,1,1274,525,60,34532,8820,7,34452,8306,17,132037,0,0,33311,13032,1,33310,0,0,32408,0,0,32350,8327,20,33290,9103,0,33301,0,0,132105,6253,60;
12150129800;2550021,44904,1,1240,550,17,34532,8829,10,34452,8317,15,132037,0,0,33311,13016,2,33310,14815,0,32408,0,0,32350,8336,25,33290,8914,0,33301,0,0,132105,6245,65;
12251045300;2550122,44904,1,1291,502,121,34532,8809,3,34452,8325,18,132037,0,0,33311,13041,0,33310,0,0,32408,0,0,32350,8345,24,33290,0,0,33301,0,0,132105,6238,53;
12453994800;2550325,44904,1,1214,564,6,34532,8831,2,34452,8341,15,132037,0,0,33311,13003,2,33310,0,0,32408,0,0,32350,8359,29,33290,0,0,33301,0,0,132105,6228,82;
12548212300;2550419,44904,1,1224,542,43,34532,8830,1,34452,8352,11,132037,0,0,33311,13015,2,33310,0,0,32408,0,0,32350,8365,30,33290,0,0,33301,0,0,132105,6220,54;
12649724000;2550521,44904,1,1199,542,24,34532,8848,0,34452,8358,15,132037,0,0,33311,13018,2,33310,0,0,32408,0,0,32350,8374,29,33290,0,0,33301,0,0,132105,6215,69;
12752672300;2550624,44904,1,1192,539,28,34532,8851,1,34452,8365,17,132037,0,0,33311,13019,1,33310,295,0,32408,0,0,32350,8380,25,33290,0,0,33301,0,0,132105,6209,63;
12852531100;2550723,44904,1,1194,521,53,34532,8855,1,34452,8376,17,132037,0,0,33311,13030,0,33310,0,0,32408,0,0,32350,8386,22,33290,0,0,33301,0,0,132105,6202,55;
12952886400;2550824,44904,1,1181,540,34,34532,8851,2,34452,8381,18,132037,0,0,33311,13015,2,33310,14821,0,32408,0,0,32350,8393,23,33290,5851,0,33301,0,0,132105,6197,69;
13048654200;2550920,44904,1,1201,490,98,34532,8860,2,34452,8388,16,132037,0,0,33311,13049,1,33310,0,0,32408,0,0,32350,8401,23,33290,0,0,33301,0,0,132105,6193,85;
13149531800;2551021,44904,1,1177,528,54,34532,8855,3,34452,8394,10,132037,0,0,33311,13022,2,33310,0,0,32408,0,0,32350,8407,22,33290,0,0,33301,0,0,132105,6188,59;
13250680300;2551122,44904,1,1175,440,117,34532,8903,0,34452,8401,8,132037,0,0,33311,13091,0,33310,0,0,32408,0,0,32350,8414,18,33290,0,0,33301,0,0,132105,6185,64;
13450171400;2551321,44904,1,1140,530,38,34532,8872,2,34452,8412,16,132037,0,0,33311,13020,1,33310,0,0,32408,0,0,32350,8426,28,33290,0,0,33301,0,0,132105,6171,62;
13550336800;2551422,44904,1,1114,551,-1,34532,8881,1,34452,8420,14,132037,0,0,33311,13008,2,33310,0,0,32408,0,0,32350,8428,22,33290,0,0,33301,0,0,132105,6169,64;
13647635600;2551519,44904,1,1105,534,8,34532,8894,0,34452,8426,14,132037,0,0,33311,13021,1,33310,0,0,32408,0,0,32350,8438,26,33290,0,0,33301,0,0,132105,6164,75;
13750346200;2551621,44904,1,1101,551,2,34532,8884,1,34452,8431,21,132037,0,0,33311,13006,4,33310,0,0,32408,0,0,32350,8442,29,33290,0,0,33301,0,0,132105,6158,78;
13850658200;2551722,44904,1,1125,532,51,34532,8871,3,34452,8442,17,132037,0,0,33311,13014,2,33310,0,0,32408,0,0,32350,8452,23,33290,0,0,33301,0,0,132105,6152,65;
13946674200;2551818,44904,1,1125,533,53,34532,8869,3,34452,8443,15,132037,0,0,33311,13012,3,33310,4498,0,32408,0,0,32350,8455,24,33290,0,0,33301,0,0,132105,6150,70;
14049307800;2551921,44904,1,1121,536,53,34532,8868,3,34452,8446,17,132037,0,0,33311,13009,3,33310,3796,0,32408,0,0,32350,8456,25,33290,0,0,33301,0,0,132105,6147,72;
14150888700;2552022,44904,1,1127,533,59,34532,8866,3,34452,8452,18,132037,0,0,33311,13011,3,33310,3738,0,32408,0,0,32350,8458,24,33290,0,0,33301,0,0,132105,6148,75;
14250824500;2552122,44904,1,1147,503,106,34532,8865,3,34452,8454,18,132037,0,0,33311,13030,1,33310,0,0,32408,0,0,32350,8458,25,33290,0,0,33301,0,0,132105,6146,71;
14550288000;2552421,44904,1,1101,486,86,34532,8903,7,34452,8468,17,132037,0,0,33311,13047,0,33310,0,0,32408,0,0,32350,8472,22,33290,9100,0,33301,0,0,132105,6134,72;
14746904500;2552619,44904,1,1077,511,54,34532,8904,4,34452,8474,17,132037,0,0,33311,13029,0,33310,0,0,32408,0,0,32350,8483,22,33290,0,0,33301,0,0,132105,6127,69;
14849718300;2552721,44904,1,1103,511,88,34532,8881,2,34452,8479,17,132037,0,0,33311,13023,1,33310,0,0,32408,0,0,32350,8489,23,33290,0,0,33301,0,0,132105,6123,73;
14950562000;2552822,44904,1,1085,514,72,34532,8891,3,34452,8487,15,132037,0,0,33311,13022,1,33310,0,0,32408,0,0,32350,8491,23,33290,0,0,33301,0,0,132105,6119,71;
15051267100;2552923,44904,1,1065,526,50,34532,8898,1,34452,8492,23,132037,0,0,33311,13015,2,33310,0,0,32408,0,0,32350,8498,23,33290,0,0,33301,0,0,132105,6114,75;
15146073400;2553018,44904,1,992,539,-30,34532,8948,0,34452,8498,20,132037,0,0,33311,13017,2,33310,0,0,32408,0,0,32350,8504,22,33290,0,0,33301,0,0,132105,6109,74;
15348697800;2553220,44904,1,1013,539,5,34532,8924,0,34452,8511,19,132037,0,0,33311,13009,3,33310,0,0,32408,0,0,32350,8511,24,33290,0,0,33301,0,0,132105,6101,73;
15450778200;2553322,44904,1,990,542,-16,34532,8940,0,34452,8515,15,132037,0,0,33311,13010,3,33310,4075,0,32408,0,0,32350,8520,23,33290,0,0,33301,0,0,132105,6098,73;
15550517600;2553422,44904,1,978,535,-14,34532,8950,0,34452,8517,14,132037,0,0,33311,13016,2,33310,0,0,32408,0,0,32350,8523,23,33290,0,0,33301,0,0,132105,6092,74;
15647018700;2553519,44904,1,1094,358,245,34532,8950,0,34452,8525,16,132037,0,0,33311,13131,0,33310,0,0,32408,0,0,32350,8528,24,33290,0,0,33301,0,0,132105,6089,73;
16249197800;2554120,44904,1,1006,523,54,34532,8920,1,34452,8543,19,132037,0,0,33311,13012,3,33310,0,0,32408,0,0,32350,8550,24,33290,0,0,33301,0,0,132105,6073,73;
16350312600;2554222,44904,1,1011,523,61,34532,8915,1,34452,8548,20,132037,0,0,33311,13010,2,33310,0,0,32408,0,0,32350,8549,24,33290,0,0,33301,0,0,132105,6072,75;
16447656800;2554319,44904,1,1008,520,71,34532,8915,3,34452,8555,23,132037,0,0,33311,13011,1,33310,0,0,32408,0,0,32350,8560,26,33290,6035,0,33301,0,0,132105,6066,77;
16549484900;2554421,44904,1,995,516,68,34532,8924,3,34452,8562,25,132037,0,0,33311,13014,3,33310,0,0,32408,0,0,32350,8567,24,33290,5975,0,33301,0,0,132105,6060,71;
16650220000;2554522,44904,1,976,528,49,34532,8929,1,34452,8569,24,132037,0,0,33311,13006,2,33310,0,0,32408,0,0,32350,8571,25,33290,5187,0,33301,0,0,132105,6054,76;
16747094100;2554619,44904,1,973,528,56,34532,8927,2,34452,8580,19,132037,0,0,33311,13004,4,33310,0,0,32408,0,0,32350,8580,24,33290,5677,0,33301,0,0,132105,6048,78;
16849643700;2554721,44904,1,984,492,105,34532,8933,3,34452,8591,21,132037,0,0,33311,13027,1,33310,0,0,32408,0,0,32350,8592,22,33290,5358,0,33301,0,0,132105,6040,76;
16950172100;2554821,44904,1,972,500,99,34532,8933,2,34452,8599,22,132037,0,0,33311,13020,0,33310,0,0,32408,0,0,32350,8600,23,33290,5823,0,33301,0,0,132105,6033,76;
17051685000;2554923,44904,1,943,529,53,34532,8940,2,34452,8603,18,132037,0,0,33311,13002,3,33310,0,0,32408,0,0,32350,8607,23,33290,0,0,33301,0,0,132105,6030,76;
17145472700;2555017,44904,1,924,531,41,34532,8950,1,34452,8609,16,132037,0,0,33311,13001,4,33310,0,0,32408,0,0,32350,8613,24,33290,0,0,33301,0,0,132105,6022,79;
17248302800;2555120,44904,1,934,512,72,34532,8949,2,34452,8617,19,132037,0,0,33311,13012,1,33310,0,0,32408,0,0,32350,8619,22,33290,0,0,33301,0,0,132105,6018,77;
17451835200;2555323,44904,1,896,521,42,34532,8968,4,34452,8633,20,132037,0,0,33311,13008,4,33310,0,0,32408,0,0,32350,8633,23,33290,0,0,33301,0,0,132105,6007,77;
17545240300;2555417,44904,1,916,478,101,34532,8972,5,34452,8639,19,132037,0,0,33311,13036,5,33310,0,0,32408,0,0,32350,8643,22,33290,0,0,33301,0,0,132105,6002,78;
17649035500;2555521,44904,1,876,520,39,34532,8978,6,34452,8649,16,132037,0,0,33311,13009,3,33310,0,0,32408,0,0,32350,8646,20,33290,9234,0,33301,0,0,132105,5997,71;
18249963400;2556121,44904,1,824,520,40,34532,8997,9,34452,8691,15,132037,0,0,33311,13005,1,33310,0,0,32408,0,0,32350,8691,20,33290,9068,0,33301,0,0,132105,5962,80;
18547589600;2556419,44904,1,805,515,46,34532,9006,9,34452,8709,11,132037,0,0,33311,13007,1,33310,0,0,32408,0,0,32350,8712,21,33290,9078,0,33301,0,0,132105,5948,82;
18647109800;2556519,44904,1,816,483,88,34532,9011,7,34452,8718,13,132037,0,0,33311,13028,2,33310,0,0,32408,0,0,32350,8720,26,33290,9259,0,33301,0,0,132105,5943,77;
18750025000;2556622,44904,1,912,335,307,34532,9012,10,34452,8722,14,132037,0,0,33311,13125,0,33310,0,0,32408,0,0,32350,8722,21,33290,9075,0,33301,0,0,132105,5940,81;
18844547700;2556717,44904,1,778,522,33,34532,9016,12,34452,8729,15,132037,0,0,33311,13002,3,33310,0,0,32408,0,0,32350,8725,23,33290,9029,0,33301,0,0,132105,5936,82;
19049529300;2556921,44904,1,781,499,63,34532,9022,10,34452,8741,12,132037,0,0,33311,13017,1,33310,0,0,32408,0,0,32350,8735,25,33290,9049,0,33301,0,0,132105,5929,80;
19151188200;2557023,44904,1,804,460,117,34532,9023,9,34452,8741,11,132037,0,0,33311,13042,0,33310,0,0,32408,0,0,32350,8741,22,33290,9090,0,33301,0,0,132105,5927,81;
19250259400;2557122,44904,1,763,515,39,34532,9025,8,34452,8746,12,132037,0,0,33311,13006,2,33310,0,0,32408,0,0,32350,8744,22,33290,9167,0,33301,0,0,132105,5925,84;
19346648000;2557219,44904,1,757,522,30,34532,9025,7,34452,8748,13,132037,0,0,33311,13001,2,33310,0,0,32408,0,0,32350,8742,22,33290,9277,0,33301,0,0,132105,5923,85;
19448676300;2557321,44904,1,759,523,32,34532,9023,6,34452,8748,14,132037,0,0,33311,13000,2,33310,0,0,32408,0,0,32350,8743,23,33290,6160,0,33301,0,0,132105,5923,87;
19547946100;2557420,44904,1,758,517,37,34532,9026,5,34452,8748,14,132037,0,0,33311,13004,2,33310,0,0,32408,0,0,32350,8744,24,33290,6187,0,33301,0,0,132105,5921,83;
19650020800;2557522,44904,1,783,479,91,34532,9026,5,34452,8748,13,132037,0,0,33311,13029,1,33310,0,0,32408,0,0,32350,8749,23,33290,6097,0,33301,0,0,132105,5920,85;
19744460500;2557617,44904,1,760,510,51,34532,9026,6,34452,8756,12,132037,0,0,33311,13008,3,33310,0,0,32408,0,0,32350,8754,23,33290,6017,0,33301,0,0,132105,5917,83;
19848342800;2557721,44904,1,746,513,40,34532,9033,7,34452,8761,13,132037,0,0,33311,13007,1,33310,0,0,32408,0,0,32350,8758,23,33290,9136,0,33301,0,0,132105,5914,85;
19948765700;2557821,44904,1,773,475,97,34532,9031,8,34452,8762,11,132037,0,0,33311,13031,0,33310,0,0,32408,0,0,32350,8758,24,33290,9114,0,33301,0,0,132105,5912,85;
20047967600;2557920,44904,1,743,508,51,34532,9034,7,34452,8770,15,132037,0,0,33311,13009,1,33310,0,0,32408,0,0,32350,8766,24,33290,9212,0,33301,0,0,132105,5907,86;
20149196500;2558021,44904,1,729,515,40,34532,9039,6,34452,8776,15,132037,0,0,33311,13004,1,33310,0,0,32408,0,0,32350,8772,21,33290,0,0,33301,0,0,132105,5902,83;
20249791100;2558122,44904,1,719,513,37,34532,9046,5,34452,8782,14,132037,0,0,33311,13006,2,33310,0,0,32408,0,0,32350,8779,21,33290,0,0,33301,0,0,132105,5898,82;
20344440100;2558217,44904,1,709,522,27,34532,9046,5,34452,8787,15,132037,0,0,33311,12999,3,33310,0,0,32408,0,0,32350,8783,22,33290,0,0,33301,0,0,132105,5894,83;
20446767400;2558319,44904,1,708,517,37,34532,9047,6,34452,8795,16,132037,0,0,33311,13002,1,33310,0,0,32408,0,0,32350,8790,22,33290,9290,0,33301,0,0,132105,5890,85;
20548661000;2558421,44904,1,707,506,49,34532,9051,5,34452,8800,16,132037,0,0,33311,13009,1,33310,0,0,32408,0,0,32350,8795,22,33290,0,0,33301,0,0,132105,5886,82;
20649161400;2558521,44904,1,702,501,55,34532,9055,5,34452,8810,17,132037,0,0,33311,13012,0,33310,0,0,32408,0,0,32350,8801,22,33290,0,0,33301,0,0,132105,5881,87;
20749761500;2558622,44904,1,700,488,68,34532,9061,5,34452,8813,16,132037,0,0,33311,13021,0,33310,0,0,32408,0,0,32350,8803,21,33290,0,0,33301,0,0,132105,5877,83;
20845073500;2558718,44904,1,686,505,46,34532,9062,6,34452,8816,16,132037,0,0,33311,13010,1,33310,0,0,32408,0,0,32350,8808,22,33290,9342,0,33301,0,0,132105,5875,83;
20947765000;2558820,44904,1,689,494,60,34532,9064,6,34452,8820,15,132037,0,0,33311,13017,1,33310,0,0,32408,0,0,32350,8813,22,33290,9289,0,33301,0,0,132105,5873,86;
21047723500;2558920,44904,1,684,487,67,34532,9068,7,34452,8824,15,132037,0,0,33311,13021,1,33310,0,0,32408,0,0,32350,8819,23,33290,9177,0,33301,0,0,132105,5868,87;
21149193100;2559021,44904,1,678,487,67,34532,9071,7,34452,8830,15,132037,0,0,33311,13021,1,33310,0,0,32408,0,0,32350,8821,22,33290,9152,0,33301,0,0,132105,5864,88;
21249763800;2559122,44904,1,667,503,47,34532,9070,7,34452,8838,15,132037,0,0,33311,13010,1,33310,0,0,32408,0,0,32350,8828,21,33290,9162,0,33301,0,0,132105,5863,89;
21346061800;2559217,44904,1,659,503,47,34532,9074,6,34452,8841,17,132037,0,0,33311,13010,1,33310,0,0,32408,0,0,32350,8830,20,33290,9208,0,33301,0,0,132105,5858,86;
21548899900;2559421,44904,1,669,466,88,34532,9083,3,34452,8847,17,132037,0,0,33311,13035,0,33310,0,0,32408,0,0,32350,8838,19,33290,0,0,33301,0,0,132105,5854,86;
21649355100;2559522,44904,1,643,503,40,34532,9083,3,34452,8850,17,132037,0,0,33311,13011,1,33310,0,0,32408,0,0,32350,8841,19,33290,0,0,33301,0,0,132105,5852,87;
21950185700;2559822,44904,1,696,452,139,34532,9064,3,34452,8862,18,132037,0,0,33311,13038,0,33310,0,0,32408,0,0,32350,8848,18,33290,0,0,33301,0,0,132105,5846,83;
22049593600;2559922,44904,1,1280,-432,2028,34532,9070,2,34452,8868,17,132037,0,0,33311,13628,0,33310,0,0,32408,0,0,32350,8857,18,33290,0,0,33301,0,0,132105,5842,85;
22144203800;2560017,44904,1,925,89,727,34532,9068,2,34452,8877,17,132037,0,0,33311,13276,0,33310,0,0,32408,0,0,32350,8866,17,33290,0,0,33301,0,0,132105,5835,88;
22249613900;2560122,44904,1,725,366,262,34532,9076,2,34452,8886,12,132037,0,0,33311,13094,0,33310,0,0,32408,0,0,32350,8873,14,33290,0,0,33301,0,0,132105,5829,75;
22344311200;2560217,44904,1,765,244,410,34532,9107,5,34452,8893,14,132037,0,0,33311,13181,0,33310,0,0,32408,0,0,32350,8876,18,33290,9588,0,33301,0,0,132105,5825,87;
22447433400;2560320,44904,1,672,378,208,34532,9107,6,34452,8899,12,132037,0,0,33311,13092,0,33310,0,0,32408,0,0,32350,8885,18,33290,9267,0,33301,0,0,132105,5821,88;
22548541900;2560421,44904,1,647,399,177,34532,9112,7,34452,8909,12,132037,0,0,33311,13078,1,33310,0,0,32408,0,0,32350,8890,18,33290,9201,0,33301,0,0,132105,5814,87;
22649276000;2560522,44904,1,1060,-232,1351,34532,9117,8,34452,8916,16,132037,0,0,33311,13495,0,33310,0,0,32408,0,0,32350,8899,17,33290,9188,0,33301,0,0,132105,5808,87;
22745268400;2560618,44904,1,612,416,150,34532,9122,11,34452,8929,20,132037,0,0,33311,13066,0,33310,0,0,32408,0,0,32350,8909,17,33290,9156,0,33301,0,0,132105,5801,89;
22846759200;2560720,44904,1,759,180,507,34532,9128,8,34452,8941,17,132037,0,0,33311,13221,0,33310,0,0,32408,0,0,32350,8921,16,33290,9204,0,33301,0,0,132105,5796,83;
23247250800;2561119,44904,1,534,457,89,34532,9145,7,34452,8976,14,132037,0,0,33311,13037,1,33310,0,0,32408,0,0,32350,8955,17,33290,9290,0,33301,0,0,132105,5772,86;
23347345600;2561220,44904,1,509,476,64,34532,9150,5,34452,8985,17,132037,0,0,33311,13024,1,33310,0,0,32408,0,0,32350,8963,18,33290,0,0,33301,0,0,132105,5764,86;
23447457700;2561320,44904,1,498,466,74,34532,9159,6,34452,8996,11,132037,0,0,33311,13031,1,33310,0,0,32408,0,0,32350,8973,18,33290,9441,0,33301,0,0,132105,5755,89;
23650148900;2561522,44904,1,865,-78,1004,34532,9150,1,34452,9015,15,132037,0,0,33311,13385,0,33310,4020,0,32408,0,0,32350,8995,17,33290,0,0,33301,0,0,132105,5742,93;
23847132200;2561720,44904,1,482,434,125,34532,9171,1,34452,9038,14,132037,0,0,33311,13048,1,33310,0,0,32408,0,0,32350,9016,14,33290,0,0,33301,0,0,132105,5727,84;
23949607600;2561822,44904,1,393,446,40,34532,9232,0,34452,9053,15,132037,0,0,33311,13056,1,33310,0,0,32408,0,0,32350,9026,15,33290,0,0,33301,0,0,132105,5721,89;
24047287200;2561920,44904,1,441,461,86,34532,9182,1,34452,9056,11,132037,0,0,33311,13031,1,33310,3980,0,32408,0,0,32350,9039,18,33290,5516,0,33301,0,0,132105,5714,89;
24150197600;2562022,44904,1,431,471,74,34532,9183,1,34452,9063,13,132037,0,0,33311,13024,1,33310,0,0,32408,0,0,32350,9040,20,33290,0,0,33301,0,0,132105,5711,88;
24245317000;2562118,44904,1,396,475,43,34532,9206,0,34452,9069,15,132037,0,0,33311,13026,1,33310,0,0,32408,0,0,32350,9045,19,33290,0,0,33301,0,0,132105,5708,92;
24346287800;2562219,44904,1,391,472,41,34532,9211,0,34452,9071,14,132037,0,0,33311,13029,1,33310,0,0,32408,0,0,32350,9046,18,33290,0,0,33301,0,0,132105,5707,92;
24447709500;2562320,44904,1,429,436,106,34532,9199,0,34452,9071,13,132037,0,0,33311,13049,0,33310,4142,0,32408,0,0,32350,9050,17,33290,0,0,33301,0,0,132105,5705,93;
24549658700;2562422,44904,1,400,476,57,34532,9198,1,34452,9081,11,132037,0,0,33311,13022,1,33310,0,0,32408,0,0,32350,9055,13,33290,0,0,33301,0,0,132105,5701,92;
24650536700;2562523,44904,1,395,472,56,34532,9204,0,34452,9081,8,132037,0,0,33311,13026,1,33310,0,0,32408,0,0,32350,9055,13,33290,0,0,33301,0,0,132105,5700,93;
24747130600;2562619,44904,1,290,482,-44,34532,9282,0,34452,9079,7,132037,0,0,33311,13039,1,33310,0,0,32408,0,0,32350,9059,14,33290,0,0,33301,0,0,132105,5699,94;
25146945300;2563019,44904,1,275,448,-16,34532,9304,0,34452,9098,11,132037,0,0,33311,13065,0,33310,0,0,32408,0,0,32350,9072,15,33290,0,0,33301,0,0,132105,5687,95;
25248404200;2563122,44904,1,357,377,114,34532,9275,0,34452,9104,10,132037,0,0,33311,13103,0,33310,0,0,32408,0,0,32350,9081,16,33290,0,0,33301,0,0,132105,5684,93;
25348832900;2563221,44904,1,459,245,322,34532,9262,0,34452,9108,8,132037,0,0,33311,13185,0,33310,0,0,32408,0,0,32350,9085,16,33290,0,0,33301,0,0,132105,5679,93;
25443540800;2563316,44904,1,446,260,301,34532,9262,0,34452,9116,7,132037,0,0,33311,13174,0,33310,0,0,32408,0,0,32350,9092,16,33290,0,0,33301,0,0,132105,5676,100;
25547230700;2563420,44904,1,393,360,180,34532,9248,0,34452,9119,7,132037,0,0,33311,13104,0,33310,0,0,32408,0,0,32350,9098,16,33290,0,0,33301,0,0,132105,5671,94;
25648048300;2563521,44904,1,439,285,290,34532,9249,0,34452,9130,10,132037,0,0,33311,13152,0,33310,0,0,32408,0,0,32350,9101,16,33290,0,0,33301,0,0,132105,5667,97;
25748567400;2563621,44904,1,410,327,233,34532,9248,0,34452,9136,13,132037,0,0,33311,13124,0,33310,0,0,32408,0,0,32350,9109,17,33290,0,0,33301,0,0,132105,5664,100;
25844683900;2563717,44904,1,362,366,164,34532,9262,0,34452,9142,12,132037,0,0,33311,13101,0,33310,0,0,32408,0,0,32350,9114,17,33290,0,0,33301,0,0,132105,5660,101;
25946134500;2563819,44904,1,439,257,332,34532,9256,0,34452,9147,9,132037,0,0,33311,13170,0,33310,0,0,32408,0,0,32350,9122,17,33290,0,0,33301,0,0,132105,5655,100;
26247318300;2564121,44904,1,269,376,91,34532,9322,0,34452,9163,11,132037,0,0,33311,13107,0,33310,0,0,32408,0,0,32350,9136,16,33290,0,0,33301,0,0,132105,5646,103;
26345965200;2564218,44904,1,251,343,104,34532,9352,0,34452,9164,12,132037,0,0,33311,13135,0,33310,0,0,32408,0,0,32350,9140,16,33290,5755,0,33301,0,0,132105,5643,101;
26446551500;2564319,44904,1,107,502,-125,34532,9380,0,34452,9170,14,132037,0,0,33311,13038,0,33310,0,0,32408,0,0,32350,9144,17,33290,0,0,33301,0,0,132105,5640,101;
26546692600;2564420,44904,1,-127,553,-337,34532,9535,0,34452,9174,12,132037,0,0,33311,13046,0,33310,0,0,32408,0,0,32350,9147,14,33290,0,0,33301,0,0,132105,5639,89;
27746470800;2565619,44904,1,188,449,85,34532,9301,6,34452,9276,16,132037,0,0,33311,13036,2,33310,0,0,32408,0,0,32350,9247,15,33290,9377,0,33301,0,0,132105,5568,106;
27847757600;2565721,44904,1,328,260,371,34532,9286,1,34452,9284,11,132037,0,0,33311,13155,0,33310,0,0,32408,0,0,32350,9263,10,33290,0,0,33301,0,0,132105,5561,78;
27947671100;2565821,44904,1,243,364,224,34532,9292,0,34452,9298,9,132037,0,0,33311,13086,0,33310,0,0,32408,0,0,32350,9272,11,33290,0,0,33301,0,0,132105,5551,85;
29748424400;2567622,44904,1,-37,459,23,34532,9419,0,34452,9398,12,132037,0,0,33311,13040,1,33310,0,0,32408,0,0,32350,9376,14,33290,5344,0,33301,0,0,132105,5476,112;
29944210700;2567817,44904,1,30,472,75,34532,9358,0,34452,9403,7,132037,0,0,33311,13015,1,33310,0,0,32408,0,0,32350,9387,12,33290,5357,0,33301,0,0,132105,5473,109;
30047993000;2567920,44904,1,26,472,74,34532,9360,0,34452,9404,3,132037,0,0,33311,13015,1,33310,0,0,32408,0,0,32350,9385,13,33290,0,0,33301,0,0,132105,5471,106;
30147308700;2568020,44904,1,44,473,89,34532,9345,0,34452,9406,4,132037,0,0,33311,13010,1,33310,0,0,32408,0,0,32350,9388,14,33290,5337,0,33301,0,0,132105,5470,110;
30243302000;2568116,44904,1,49,467,101,34532,9343,1,34452,9413,7,132037,0,0,33311,13013,1,33310,0,0,32408,0,0,32350,9388,13,33290,5335,0,33301,0,0,132105,5468,107;
30345782800;2568218,44904,1,65,459,125,34532,9332,2,34452,9416,9,132037,0,0,33311,13015,2,33310,0,0,32408,0,0,32350,9392,13,33290,6162,0,33301,0,0,132105,5465,109;
30446915400;2568320,44904,1,18,469,84,34532,9362,3,34452,9415,4,132037,0,0,33311,13015,1,33310,0,0,32408,0,0,32350,9398,12,33290,0,0,33301,0,0,132105,5461,110;
30547674300;2568421,44904,1,15,472,83,34532,9361,3,34452,9420,9,132037,0,0,33311,13012,1,33310,0,0,32408,0,0,32350,9401,12,33290,9521,0,33301,0,0,132105,5458,109;
30645432400;2568518,44904,1,28,465,103,34532,9353,0,34452,9425,6,132037,0,0,33311,13014,2,33310,0,0,32408,0,0,32350,9408,12,33290,0,0,33301,0,0,132105,5456,108;
30742481000;2568616,44904,1,-108,489,-20,34532,9447,0,34452,9430,8,132037,0,0,33311,13023,1,33310,0,0,32408,0,0,32350,9412,11,33290,0,0,33301,0,0,132105,5453,104;
31648186300;2569521,44904,1,-395,586,-245,34532,9599,0,34452,9474,14,132037,0,0,33311,12994,3,33310,0,0,32408,0,0,32350,9458,10,33290,0,0,33301,0,0,132105,5419,112;
31747867300;2569621,44904,1,-393,581,-239,34532,9599,0,34452,9478,13,132037,0,0,33311,12997,3,33310,0,0,32408,0,0,32350,9461,11,33290,0,0,33301,0,0,132105,5418,106;
31943390700;2569816,44904,1,-828,693,-554,34532,9869,0,34452,9487,9,132037,0,0,33311,13000,3,33310,0,0,32408,0,0,32350,9472,10,33290,0,0,33301,0,0,132105,5412,107;
32044945700;2569918,44904,1,-880,706,-582,34532,9899,0,34452,9493,10,132037,0,0,33311,13000,2,33310,0,0,32408,0,0,32350,9474,8,33290,0,0,33301,0,0,132105,5408,107;
32443446000;2570317,44904,1,-324,475,-81,34532,9584,0,34452,9517,17,132037,0,0,33311,13056,0,33310,0,0,32408,0,0,32350,9497,8,33290,6333,0,33301,0,0,132105,5388,109;
32645474500;2570519,44904,1,-111,474,92,34532,9414,0,34452,9533,11,132037,0,0,33311,13008,1,33310,0,0,32408,0,0,32350,9519,8,33290,5661,0,33301,0,0,132105,5380,115;
32749011000;2570622,44904,1,-678,634,-387,34532,9764,0,34452,9542,12,132037,0,0,33311,12999,2,33310,0,0,32408,0,0,32350,9528,8,33290,6476,0,33301,0,0,132105,5372,117;
33045958200;2570920,44904,1,-722,520,-322,34532,9845,0,34452,9566,15,132037,0,0,33311,13092,0,33310,4583,0,32408,0,0,32350,9550,8,33290,14243,0,33301,0,0,132105,5355,119;
33148077400;2571021,44904,1,-235,526,3,34532,9467,0,34452,9571,15,132037,0,0,33311,12982,2,33310,4894,0,32408,0,0,32350,9561,10,33290,14248,0,33301,0,0,132105,5350,121;
33547020000;2571420,44904,1,-292,532,-21,34532,9500,0,34452,9593,13,132037,0,0,33311,12984,2,33310,5548,0,32408,0,0,32350,9583,7,33290,14230,0,33301,0,0,132105,5335,122;
33844325000;2571718,44904,1,-330,538,-31,34532,9518,0,34452,9613,15,132037,0,0,33311,12982,2,33310,0,0,32408,0,0,32350,9607,9,33290,14265,0,33301,0,0,132105,5319,117;
33945868000;2571820,44904,1,-197,494,100,34532,9436,0,34452,9620,12,132037,0,0,33311,12988,2,33310,0,0,32408,0,0,32350,9611,7,33290,0,0,33301,0,0,132105,5317,122;
34047082800;2571920,44904,1,-191,478,125,34532,9436,1,34452,9626,9,132037,0,0,33311,12997,1,33310,0,0,32408,0,0,32350,9623,10,33290,14341,0,33301,0,0,132105,5311,118;
34141475200;2572015,44904,1,-201,496,109,34532,9433,1,34452,9630,12,132037,0,0,33311,12984,2,33310,0,0,32408,0,0,32350,9627,8,33290,0,0,33301,0,0,132105,5308,117;
34346630500;2572220,44904,1,-194,493,124,34532,9426,1,34452,9638,19,132037,0,0,33311,12983,3,33310,0,0,32408,0,0,32350,9632,8,33290,0,0,33301,0,0,132105,5303,126;
34446949400;2572320,44904,1,-170,456,174,34532,9425,2,34452,9645,17,132037,0,0,33311,13006,1,33310,0,0,32408,0,0,32350,9638,9,33290,0,0,33301,0,0,132105,5300,123;
34547569700;2572421,44904,1,-229,478,114,34532,9459,3,34452,9648,17,132037,0,0,33311,13000,1,33310,0,0,32408,0,0,32350,9640,10,33290,9612,0,33301,0,0,132105,5298,125;
34643353200;2572517,44904,1,-230,483,109,34532,9458,4,34452,9648,17,132037,0,0,33311,12997,1,33310,0,0,32408,0,0,32350,9642,10,33290,9541,0,33301,0,0,132105,5299,125;
34745869700;2572619,44904,1,-240,495,99,34532,9457,5,34452,9650,16,132037,0,0,33311,12988,3,33310,0,0,32408,0,0,32350,9645,10,33290,9516,0,33301,0,0,132105,5295,124;
34847242000;2572720,44904,1,-168,442,195,34532,9428,2,34452,9659,14,132037,0,0,33311,13015,0,33310,0,0,32408,0,0,32350,9649,10,33290,9649,0,33301,0,0,132105,5294,125;
34946763700;2572820,44904,1,-194,446,176,34532,9444,2,34452,9661,13,132037,0,0,33311,13015,1,33310,0,0,32408,0,0,32350,9657,10,33290,0,0,33301,0,0,132105,5290,123;
35847689100;2573722,44904,1,-1566,849,-758,34532,10251,0,34452,9713,7,132037,0,0,33311,12982,1,33310,0,0,32408,0,0,32350,9709,12,33290,14293,0,33301,0,0,132105,5255,126;
37344101500;2575219,44904,1,-576,531,-59,34532,9657,0,34452,9778,8,132037,0,0,33311,13004,1,33310,0,0,32408,0,0,32350,9772,10,33290,14307,0,33301,0,0,132105,5220,126;
37641168100;2575515,44904,1,-467,492,58,34532,9586,0,34452,9798,8,132037,0,0,33311,13007,1,33310,0,0,32408,0,0,32350,9793,10,33290,6580,0,33301,0,0,132105,5207,129;
37743631700;2575618,44904,1,-453,472,89,34532,9582,0,34452,9807,8,132037,0,0,33311,13017,1,33310,0,0,32408,0,0,32350,9807,10,33290,14360,0,33301,0,0,132105,5201,123;
37845383600;2575719,44904,1,-894,583,-251,34532,9858,0,34452,9818,8,132037,0,0,33311,13022,0,33310,0,0,32408,0,0,32350,9815,10,33290,14429,0,33301,0,0,132105,5196,124;
37944280700;2575818,44904,1,-528,512,28,34532,9612,0,34452,9826,9,132037,0,0,33311,12997,1,33310,0,0,32408,0,0,32350,9826,10,33290,14341,0,33301,0,0,132105,5188,128;
38046355800;2575920,44904,1,-1742,846,-732,34532,10344,0,34452,9831,7,132037,0,0,33311,12999,1,33310,0,0,32408,0,0,32350,9831,10,33290,14344,0,33301,0,0,132105,5185,126;
38141480400;2576015,44904,1,-582,530,-9,34532,9641,0,34452,9844,8,132037,0,0,33311,12992,1,33310,0,0,32408,0,0,32350,9838,10,33290,14300,0,33301,0,0,132105,5181,133;
38343913400;2576219,44904,1,-688,523,-62,34532,9720,0,34452,9857,10,132037,0,0,33311,13017,0,33310,0,0,32408,0,0,32350,9854,11,33290,14394,0,33301,0,0,132105,5173,133;
38447072300;2576320,44904,1,-1335,684,-486,34532,10120,0,34452,9863,11,132037,0,0,33311,13030,0,33310,0,0,32408,0,0,32350,9861,10,33290,14404,0,33301,0,0,132105,5170,130;
38846111500;2576721,44904,1,-2141,951,-846,34532,10560,0,34452,9886,8,132037,0,0,33311,12995,1,33310,0,0,32408,0,0,32350,9881,10,33290,0,0,33301,0,0,132105,5154,134;
38940944700;2576815,44904,1,-514,502,94,34532,9588,0,34452,9888,13,132037,0,0,33311,12990,1,33310,0,0,32408,0,0,32350,9891,11,33290,0,0,33301,0,0,132105,5153,143;
40444823500;2578319,44904,1,-843,7274,2019,34532,5468,1,34452,9970,4,132037,0,0,33311,6000,1,33310,0,0,32408,0,0,32350,9976,10,33290,0,0,33301,0,0,132105,5107,138;
41242816900;2579117,44904,1,-1074,7297,1898,34532,14368,1,34452,10030,5,132037,0,0,33311,6041,0,33310,0,0,32408,0,0,32350,10035,11,33290,5761,0,33301,0,0,132105,5074,149;
41343039800;2579218,44904,1,-922,7259,1988,34532,14422,0,34452,10039,9,132037,0,0,33311,6033,1,33310,0,0,32408,0,0,32350,10038,10,33290,5594,0,33301,0,0,132105,5072,148;
41444474900;2579319,44904,1,-921,7267,2014,34532,14519,0,34452,10040,8,132037,0,0,33311,6018,1,33310,0,0,32408,0,0,32350,10042,9,33290,5584,0,33301,0,0,132105,5070,146;
41643094900;2579518,44904,1,-1289,7342,1804,34532,14611,0,34452,10049,11,132037,0,0,33311,6063,0,33310,4765,0,32408,0,0,32350,10043,9,33290,5989,0,33301,0,0,132105,5066,148;
42243786300;2580119,44904,1,-7925,2606,2371,34532,13412,0,34452,10073,10,132037,0,0,33311,13142,1,33310,5423,0,32408,0,0,32350,10070,9,33290,5814,0,33301,0,0,132105,5055,147;
42344493700;2580219,44904,1,3030,9660,-1088,34532,5521,1,34452,10079,9,132037,0,0,33311,13029,0,33310,7059,0,32408,0,0,32350,10077,9,33290,0,0,33301,0,0,132105,5051,145;
42440729400;2580315,44904,1,5024,9913,-2418,34532,14260,0,34452,10088,9,132037,0,0,33311,13036,0,33310,7069,0,32408,0,0,32350,10084,9,33290,6647,0,33301,0,0,132105,5045,148;
42543283300;2580418,44904,1,5632,10685,-1759,34532,13631,0,34452,10096,8,132037,0,0,33311,13004,1,33310,6563,0,32408,0,0,32350,10096,9,33290,6394,0,33301,0,0,132105,5040,149;
42641791700;2580516,44904,1,5484,10655,-1737,34532,14642,1,34452,10104,7,132037,0,0,33311,12999,1,33310,6584,0,32408,0,0,32350,10110,9,33290,6340,0,33301,0,0,132105,5035,151;
43043307700;2580918,44904,1,-1309,640,-252,34532,10042,0,34452,10153,10,132037,0,0,33311,13002,2,33310,0,0,32408,0,0,32350,10153,7,33290,0,0,33301,0,0,132105,5008,149;
43146305600;2581020,44904,1,-927,535,13,34532,9807,0,34452,10161,11,132037,0,0,33311,13000,1,33310,0,0,32408,0,0,32350,10166,7,33290,0,0,33301,0,0,132105,5003,144;
43240334600;2581115,44904,1,-1122,594,-120,34532,9919,0,34452,10170,6,132037,0,0,33311,12993,2,33310,0,0,32408,0,0,32350,10177,8,33290,0,0,33301,0,0,132105,4996,147;
43342697800;2581218,44904,1,-2789,1055,-800,34532,10882,0,34452,10182,9,132037,0,0,33311,13005,1,33310,0,0,32408,0,0,32350,10188,8,33290,0,0,33301,0,0,132105,4991,137;
43442669500;2581318,44904,1,-2684,952,-737,34532,10854,0,34452,10190,9,132037,0,0,33311,13059,0,33310,0,0,32408,0,0,32350,10196,8,33290,14442,0,33301,0,0,132105,4983,143;
43541934600;2581416,44904,1,-987,561,-4,34532,9826,0,34452,10195,4,132037,0,0,33311,12984,2,33310,0,0,32408,0,0,32350,10210,7,33290,14506,0,33301,0,0,132105,4978,144;
43748146600;2581619,44904,1,-941,531,58,34532,9801,0,34452,10219,9,132037,0,0,33311,12994,1,33310,0,0,32408,0,0,32350,10234,8,33290,14463,0,33301,0,0,132105,4966,140;
43840498400;2581715,44904,1,-638,177,539,34532,9748,0,34452,10225,6,132037,0,0,33311,13207,0,33310,0,0,32408,0,0,32350,10240,8,33290,14611,0,33301,0,0,132105,4960,147;
43943881400;2581818,44904,1,-930,548,69,34532,9778,0,34452,10237,7,132037,0,0,33311,12974,4,33310,0,0,32408,0,0,32350,10252,9,33290,14450,0,33301,0,0,132105,4954,146;
44043934400;2581919,44904,1,-1104,593,-48,34532,9883,0,34452,10249,9,132037,0,0,33311,12974,3,33310,0,0,32408,0,0,32350,10262,6,33290,14777,0,33301,0,0,132105,4948,147;
44144660300;2582019,44904,1,-861,523,143,34532,9732,2,34452,10258,4,132037,0,0,33311,12975,2,33310,0,0,32408,0,0,32350,10274,10,33290,14441,0,33301,0,0,132105,4942,146;
44244649200;2582119,44904,1,-920,538,107,34532,9766,3,34452,10264,6,132037,0,0,33311,12973,3,33310,0,0,32408,0,0,32350,10281,8,33290,9919,0,33301,0,0,132105,4935,150;
44340485000;2582215,44904,1,-925,543,106,34532,9765,4,34452,10269,8,132037,0,0,33311,12969,2,33310,0,0,32408,0,0,32350,10286,7,33290,9837,0,33301,0,0,132105,4931,157;
44442252400;2582317,44904,1,-828,425,253,34532,9750,1,34452,10280,5,132037,0,0,33311,13040,0,33310,0,0,32408,0,0,32350,10270,4,33290,0,0,33301,0,0,132105,4928,106;
44545331400;2582420,44904,1,-921,517,131,34532,9773,2,34452,10281,8,132037,0,0,33311,12987,1,33310,0,0,32408,0,0,32350,10299,8,33290,9922,0,33301,0,0,132105,4927,145;
44644622400;2582519,44904,1,-937,529,122,34532,9776,3,34452,10291,9,132037,0,0,33311,12979,1,33310,0,0,32408,0,0,32350,10306,10,33290,9869,0,33301,0,0,132105,4921,150;
44739740500;2582614,44904,1,-929,516,141,34532,9775,4,34452,10292,8,132037,0,0,33311,12987,1,33310,0,0,32408,0,0,32350,10314,10,33290,0,0,33301,0,0,132105,4917,152;
44842308800;2582717,44904,1,-942,527,129,34532,9778,4,34452,10297,9,132037,0,0,33311,12980,1,33310,0,0,32408,0,0,32350,10317,10,33290,9848,0,33301,0,0,132105,4914,150;
44943126800;2582819,44904,1,-950,537,120,34532,9778,5,34452,10299,9,132037,0,0,33311,12973,1,33310,0,0,32408,0,0,32350,10321,11,33290,9828,0,33301,0,0,132105,4912,156;
45139284600;2583015,44904,1,-954,536,124,34532,9779,5,34452,10306,4,132037,0,0,33311,12973,1,33310,0,0,32408,0,0,32350,10327,12,33290,9836,0,33301,0,0,132105,4908,156;
45243402000;2583118,44904,1,-964,543,117,34532,9782,5,34452,10311,4,132037,0,0,33311,12969,1,33310,0,0,32408,0,0,32350,10332,10,33290,9846,0,33301,0,0,132105,4905,160;
45343330100;2583219,44904,1,-962,543,117,34532,9781,3,34452,10311,6,132037,0,0,33311,12969,1,33310,0,0,32408,0,0,32350,10333,8,33290,9907,0,33301,0,0,132105,4906,162;
45539486800;2583415,44904,1,-968,526,136,34532,9790,3,34452,10324,5,132037,0,0,33311,12981,0,33310,0,0,32408,0,0,32350,10349,8,33290,10072,0,33301,0,0,132105,4898,155;
45642435400;2583518,44904,1,-990,554,111,34532,9790,3,34452,10330,4,132037,0,0,33311,12962,1,33310,0,0,32408,0,0,32350,10351,9,33290,9919,0,33301,0,0,132105,4893,159;
45842548100;2583719,44904,1,-994,548,124,34532,9792,3,34452,10341,4,132037,0,0,33311,12965,2,33310,0,0,32408,0,0,32350,10370,9,33290,9914,0,33301,0,0,132105,4885,156;
45939020700;2583814,44904,1,-1007,557,114,34532,9796,4,34452,10314,2,132037,0,0,33311,12960,2,33310,0,0,32408,0,0,32350,10374,9,33290,9878,0,33301,0,0,132105,4882,158;
46041596000;2583917,44904,1,-1003,542,132,34532,9798,4,34452,10351,4,132037,0,0,33311,12969,0,33310,0,0,32408,0,0,32350,10382,10,33290,9876,0,33301,0,0,132105,4878,161;
46142666500;2584019,44904,1,-1001,534,143,34532,9799,3,34452,10358,3,132037,0,0,33311,12974,0,33310,0,0,32408,0,0,32350,10383,9,33290,9893,0,33301,0,0,132105,4875,158;
46244142500;2584119,44904,1,-1015,556,124,34532,9797,4,34452,10338,2,132037,0,0,33311,12959,2,33310,0,0,32408,0,0,32350,10394,10,33290,9880,0,33301,0,0,132105,4872,162;
46343898100;2584219,44904,1,-1035,566,113,34532,9804,5,34452,10345,2,132037,0,0,33311,12952,1,33310,0,0,32408,0,0,32350,10400,10,33290,9848,0,33301,0,0,132105,4866,164;
46439682200;2584315,44904,1,-1039,569,116,34532,9803,6,34452,10380,3,132037,0,0,33311,12949,2,33310,0,0,32408,0,0,32350,10407,10,33290,9830,0,33301,0,0,132105,4861,163;
46642375200;2584518,44904,1,-1063,581,112,34532,9808,9,34452,10365,3,132037,0,0,33311,12940,2,33310,6588,0,32408,0,0,32350,10431,11,33290,9824,1,33301,0,0,132105,4848,172;
47142121500;2585018,44904,1,-1133,614,101,34532,9826,6,34452,10455,1,132037,0,0,33311,12917,3,33310,0,0,32408,0,0,32350,10495,11,33290,9850,0,33301,0,0,132105,4810,176;
47348685400;2585223,44904,1,-1083,505,226,34532,9835,5,34452,10467,4,132037,0,0,33311,12988,0,33310,0,0,32408,0,0,32350,10521,13,33290,9861,0,33301,0,0,132105,4793,171;
47441683600;2585318,44904,1,-1148,602,135,34532,9831,8,34452,10478,7,132037,0,0,33311,12922,2,33310,6656,0,32408,0,0,32350,10535,13,33290,9859,1,33301,0,0,132105,4785,164;
47538621500;2585414,44904,1,-1159,593,146,34532,9841,7,34452,10490,7,132037,0,0,33311,12929,0,33310,6756,0,32408,0,0,32350,10551,11,33290,9869,1,33301,0,0,132105,4777,161;
47839477400;2585715,44904,1,-1177,587,165,34532,9848,9,34452,10494,2,132037,0,0,33311,12931,1,33310,6818,0,32408,0,0,32350,10581,6,33290,9865,2,33301,0,0,132105,4758,170;
47943548000;2585819,44904,1,-1181,586,170,34532,9849,7,34452,10505,2,132037,0,0,33311,12931,0,33310,12163,0,32408,0,0,32350,10593,7,33290,9878,1,33301,0,0,132105,4753,168;
48042695900;2585919,44904,1,-1214,635,129,34532,9846,6,34452,10517,1,132037,0,0,33311,12897,2,33310,0,0,32408,0,0,32350,10606,8,33290,0,0,33301,0,0,132105,4746,170;
48143077200;2586019,44904,1,-1228,636,131,34532,9852,6,34452,10534,0,132037,0,0,33311,12897,1,33310,12096,0,32408,0,0,32350,10610,7,33290,9884,0,33301,0,0,132105,4739,168;
48243924800;2586120,44904,1,-1243,652,121,34532,9853,6,34452,10594,0,132037,0,0,33311,12886,1,33310,12061,0,32408,0,0,32350,10620,6,33290,9878,1,33301,0,0,132105,4733,178;
48441213300;2586317,44904,1,-1260,659,121,34532,9857,8,34452,10666,1,132037,0,0,33311,12881,1,33310,12053,1,32408,0,0,32350,10638,5,33290,9881,1,33301,0,0,132105,4723,171;
48542002700;2586418,44904,1,-1234,619,167,34532,9855,6,34452,10718,0,132037,0,0,33311,12905,1,33310,12068,0,32408,0,0,32350,10646,4,33290,9893,0,33301,0,0,132105,4717,151;
