3391965300;2643311,44904,1,-1496,665,1034,34532,9858,4,34452,10579,7,132037,0,0,33311,0,0,33310,12089,1,32408,0,0,32350,10665,5,33290,9906,0,33301,0,0,132105,4708,182;
3493388900;2643412,44904,1,-1485,684,965,34532,9858,4,34452,10583,7,132037,0,0,33311,0,0,33310,12085,0,32408,0,0,32350,10663,5,33290,9914,0,33301,0,0,132105,4707,179;
3588683100;2643508,44904,1,-1486,666,997,34532,9862,5,34452,10579,7,132037,0,0,33311,0,0,33310,12089,0,32408,0,0,32350,10663,5,33290,9920,0,33301,0,0,132105,4708,177;
3690329400;2643610,44904,1,-1525,644,1153,34532,9858,5,34452,10582,7,132037,0,0,33311,0,0,33310,12099,0,32408,0,0,32350,10663,5,33290,9922,0,33301,0,0,132105,4708,171;
3791871900;2643712,44904,1,-1529,630,1188,34532,9861,5,34452,10580,7,132037,0,0,33311,0,0,33310,12103,0,32408,0,0,32350,10661,4,33290,0,0,33301,0,0,132105,4708,165;
3893040200;2643813,44904,1,-1489,664,1010,34532,9862,6,34452,10579,7,132037,0,0,33311,0,0,33310,12090,0,32408,0,0,32350,10657,5,33290,9909,0,33301,0,0,132105,4709,172;
3989278200;2643909,44904,1,-1471,680,934,34532,9862,6,34452,10579,8,132037,0,0,33311,0,0,33310,12084,1,32408,0,0,32350,10660,5,33290,9910,0,33301,0,0,132105,4709,172;
4090873000;2644011,44904,1,-1468,693,917,34532,9856,7,34452,10578,7,132037,0,0,33311,0,0,33310,12078,1,32408,0,0,32350,10659,5,33290,9893,1,33301,0,0,132105,4709,169;
4294057500;2644214,44904,1,-1589,571,1495,34532,9862,8,34452,10580,7,132037,0,0,33311,0,0,33310,12125,0,32408,0,0,32350,10660,5,33290,9890,1,33301,0,0,132105,4708,180;
4388548800;2644308,44904,1,-1533,619,1219,34532,9863,7,34452,10578,8,132037,0,0,33311,0,0,33310,12106,0,32408,0,0,32350,10662,5,33290,9888,1,33301,0,0,132105,4709,177;
4491792000;2644411,44904,1,-1569,584,1406,34532,9862,8,34452,10577,8,132037,0,0,33311,0,0,33310,12118,0,32408,0,0,32350,10661,5,33290,9885,1,33301,0,0,132105,4709,187;
4595398300;2644514,44904,1,-1506,654,1076,34532,9860,7,34452,10580,8,132037,0,0,33311,0,0,33310,12094,0,32408,0,0,32350,10664,5,33290,9891,0,33301,0,0,132105,4710,182;
4692546600;2644613,44904,1,-1515,635,1138,34532,9862,8,34452,10577,8,132037,0,0,33311,0,0,33310,12099,0,32408,0,0,32350,10662,5,33290,9887,1,33301,0,0,132105,4710,185;
4788139700;2644708,44904,1,-1456,687,884,34532,9863,7,34452,10577,8,132037,0,0,33311,0,0,33310,12080,0,32408,0,0,32350,10664,5,33290,9884,1,33301,0,0,132105,4710,195;
4891494500;2644811,44904,1,-1460,696,887,34532,9858,7,34452,10578,8,132037,0,0,33311,0,0,33310,12077,1,32408,0,0,32350,10664,5,33290,9887,1,33301,0,0,132105,4711,194;
4992244700;2644912,44904,1,-1487,667,1008,34532,9859,6,34452,10577,8,132037,0,0,33311,0,0,33310,12087,1,32408,0,0,32350,10662,5,33290,9891,0,33301,0,0,132105,4710,176;
5091777900;2645011,44904,1,-1604,555,1577,34532,9863,4,34452,10580,6,132037,0,0,33311,0,0,33310,12131,0,32408,0,0,32350,10632,4,33290,9919,0,33301,0,0,132105,4710,147;
5193342900;2645113,44904,1,-1486,663,1017,34532,9859,7,34452,10575,8,132037,0,0,33311,0,0,33310,12087,0,32408,0,0,32350,10659,5,33290,0,0,33301,0,0,132105,4711,180;
5289614700;2645209,44904,1,-1519,631,1167,34532,9860,8,34452,10575,8,132037,0,0,33311,0,0,33310,12099,0,32408,0,0,32350,10654,5,33290,9887,1,33301,0,0,132105,4712,190;
5391314200;2645310,44904,1,-1518,621,1174,34532,9864,8,34452,10574,9,132037,0,0,33311,0,0,33310,12102,0,32408,0,0,32350,10653,5,33290,9884,1,33301,0,0,132105,4715,194;
5492003600;2645411,44904,1,-1518,633,1164,34532,9858,7,34452,10574,9,132037,0,0,33311,0,0,33310,12097,0,32408,0,0,32350,10647,5,33290,9889,0,33301,0,0,132105,4716,176;
5593997400;2645513,44904,1,-1507,634,1143,34532,9857,6,34452,10569,9,132037,0,0,33311,0,0,33310,12093,0,32408,0,0,32350,10648,5,33290,9892,0,33301,0,0,132105,4718,164;
5687114600;2645608,44904,1,-1540,600,1317,34532,9855,6,34452,10566,9,132037,0,0,33311,0,0,33310,12103,0,32408,0,0,32350,10642,5,33290,0,0,33301,0,0,132105,4722,161;
5790190400;2645711,44904,1,-1573,559,1515,34532,9856,7,34452,10563,10,132037,0,0,33311,0,0,33310,12116,0,32408,0,0,32350,10636,5,33290,9885,1,33301,0,0,132105,4725,168;
5890916600;2645811,44904,1,-1649,467,2051,34532,9857,7,34452,10557,9,132037,0,0,33311,0,0,33310,12146,0,32408,0,0,32350,10630,5,33290,9883,1,33301,0,0,132105,4729,168;
5991960100;2645912,44904,1,-1700,389,2624,34532,9857,7,34452,10548,8,132037,0,0,33311,0,0,33310,12170,0,32408,0,0,32350,10621,5,33290,9880,0,33301,0,0,132105,4734,179;
6087572500;2646008,44904,1,-1472,624,1114,34532,9851,5,34452,10545,8,132037,0,0,33311,0,0,33310,12078,1,32408,0,0,32350,10613,5,33290,9894,0,33301,0,0,132105,4739,171;
6190524000;2646111,44904,1,-1627,455,2056,34532,9851,6,34452,10536,9,132037,0,0,33311,0,0,33310,12135,0,32408,0,0,32350,10605,7,33290,0,0,33301,0,0,132105,4745,173;
6292246800;2646212,44904,1,-1395,670,847,34532,9850,7,34452,10532,9,132037,0,0,33311,0,0,33310,12052,1,32408,0,0,32350,10595,8,33290,9880,0,33301,0,0,132105,4750,175;
6392063000;2646312,44904,1,-1468,583,1221,34532,9849,4,34452,10523,9,132037,0,0,33311,0,0,33310,12077,0,32408,0,0,32350,10591,7,33290,9918,0,33301,0,0,132105,4755,173;
6690019300;2646610,44904,1,-1444,580,1198,34532,9843,4,34452,10506,12,132037,0,0,33311,0,0,33310,12065,0,32408,0,0,32350,10564,9,33290,9906,0,33301,0,0,132105,4771,166;
6890915100;2646811,44904,1,-1450,550,1306,34532,9839,6,34452,10493,11,132037,0,0,33311,0,0,33310,12066,0,32408,0,0,32350,10550,12,33290,9874,0,33301,0,0,132105,4779,164;
6990313000;2646911,44904,1,-1366,665,935,34532,9808,1,34452,10482,7,132037,0,0,33311,0,0,33310,12011,2,32408,0,0,32350,10538,10,33290,10529,0,33301,0,0,132105,4783,164;
7091990800;2647013,44904,1,-1298,657,721,34532,9841,9,34452,10479,7,132037,0,0,33311,0,0,33310,12015,1,32408,0,0,32350,10536,10,33290,9853,1,33301,0,0,132105,4789,172;
7187706300;2647108,44904,1,-1426,534,1323,34532,9832,5,34452,10470,7,132037,0,0,33311,6565,0,33310,12054,0,32408,0,0,32350,10525,12,33290,9878,0,33301,0,0,132105,4794,168;
7291450400;2647212,44904,1,-1457,489,1519,34532,9835,5,34452,10466,7,132037,0,0,33311,0,0,33310,12068,0,32408,0,0,32350,10515,9,33290,9894,0,33301,0,0,132105,4796,153;
7391293600;2647312,44904,1,-1352,594,1008,34532,9830,8,34452,10464,7,132037,0,0,33311,6283,0,33310,12026,1,32408,0,0,32350,10512,10,33290,9855,1,33301,0,0,132105,4801,160;
7491794100;2647413,44904,1,-1417,508,1388,34532,9829,7,34452,10452,6,132037,0,0,33311,0,0,33310,12050,0,32408,0,0,32350,10504,10,33290,9855,0,33301,0,0,132105,4807,165;
7588106900;2647508,44904,1,-1295,612,851,34532,9830,7,34452,10449,8,132037,0,0,33311,0,0,33310,12008,0,32408,0,0,32350,10492,9,33290,9855,1,33301,0,0,132105,4813,166;
7689278400;2647610,44904,1,-1244,641,699,34532,9827,6,34452,10437,7,132037,0,0,33311,6266,0,33310,11989,1,32408,0,0,32350,10483,10,33290,9851,0,33301,0,0,132105,4818,160;
7789282200;2647709,44904,1,-1316,560,1045,34532,9823,7,34452,10427,6,132037,0,0,33311,0,0,33310,12011,0,32408,0,0,32350,10473,9,33290,9852,1,33301,0,0,132105,4824,153;
7891428200;2647812,44904,1,-1240,613,759,34532,9826,6,34452,10422,7,132037,0,0,33311,0,0,33310,11988,1,32408,0,0,32350,10465,10,33290,9863,0,33301,0,0,132105,4829,163;
7991654000;2647912,44904,1,-1246,604,801,34532,9823,5,34452,10418,8,132037,0,0,33311,6494,0,33310,11988,1,32408,0,0,32350,10458,10,33290,9859,0,33301,0,0,132105,4832,157;
8092850900;2648013,44904,1,-1238,617,768,34532,9819,5,34452,10417,7,132037,0,0,33311,6368,0,33310,11982,0,32408,0,0,32350,10457,10,33290,9851,0,33301,0,0,132105,4832,158;
8188660800;2648109,44904,1,-1247,609,803,34532,9819,6,34452,10417,9,132037,0,0,33311,6367,0,33310,11985,1,32408,0,0,32350,10459,10,33290,9853,0,33301,0,0,132105,4833,155;
8292578600;2648213,44904,1,-1233,618,751,34532,9821,7,34452,10417,10,132037,0,0,33311,6454,0,33310,11982,1,32408,0,0,32350,10459,9,33290,9847,0,33301,0,0,132105,4833,158;
8486808900;2648407,44904,1,-1283,561,978,34532,9822,7,34452,10413,7,132037,0,0,33311,0,0,33310,12000,0,32408,0,0,32350,10456,10,33290,9847,0,33301,0,0,132105,4836,162;
8793266500;2648714,44904,1,-1301,530,1143,34532,9809,5,34452,10395,6,132037,0,0,33311,6765,0,33310,11997,0,32408,0,0,32350,10428,11,33290,9861,0,33301,0,0,132105,4851,162;
8888916400;2648809,44904,1,-1250,557,966,34532,9809,6,34452,10386,7,132037,0,0,33311,0,0,33310,11980,1,32408,0,0,32350,10422,10,33290,0,0,33301,0,0,132105,4856,154;
8991928100;2648912,44904,1,-1230,565,926,34532,9804,5,34452,10377,8,132037,0,0,33311,0,0,33310,11970,0,32408,0,0,32350,10412,9,33290,9845,0,33301,0,0,132105,4862,148;
9188653300;2649109,44904,1,-1217,538,981,34532,9800,6,34452,10356,7,132037,0,0,33311,6739,0,33310,11964,0,32408,0,0,32350,10386,9,33290,9835,0,33301,0,0,132105,4875,159;
9290260000;2649211,44904,1,-1168,580,794,34532,9797,6,34452,10352,7,132037,0,0,33311,6272,0,33310,11944,0,32408,0,0,32350,10380,10,33290,9825,1,33301,0,0,132105,4880,163;
9390681200;2649311,44904,1,-1203,547,956,34532,9792,6,34452,10347,7,132037,0,0,33311,0,0,33310,11953,0,32408,0,0,32350,10367,9,33290,9834,0,33301,0,0,132105,4884,161;
40783244700;2680708,44904,1,-1174,166,2619,34532,9708,3,34452,10093,1,132037,0,0,33311,0,0,33310,11903,1,32408,0,0,32350,10123,10,33290,9799,0,33301,0,0,132105,5030,161;
40884498200;2680809,44904,1,-1132,293,1897,34532,9705,7,34452,10125,4,132037,0,0,33311,0,0,33310,11877,1,32408,0,0,32350,10122,9,33290,9721,1,33301,0,0,132105,5028,153;
40979369600;2680904,44904,1,-868,532,664,34532,9704,7,34452,10120,6,132037,0,0,33311,0,0,33310,11782,1,32408,0,0,32350,10123,9,33290,9720,1,33301,0,0,132105,5028,153;
41082127500;2681007,44904,1,-854,547,605,34532,9704,8,34452,10121,8,132037,0,0,33311,0,0,33310,11777,2,32408,0,0,32350,10122,8,33290,9716,1,33301,0,0,132105,5027,153;
41182645500;2681108,44904,1,-861,542,636,34532,9702,11,34452,10120,6,132037,0,0,33311,0,0,33310,11778,2,32408,0,0,32350,10122,8,33290,9712,2,33301,0,0,132105,5027,154;
41283355300;2681208,44904,1,-842,553,569,34532,9705,9,34452,10120,7,132037,0,0,33311,0,0,33310,11774,3,32408,0,0,32350,10121,8,33290,9715,1,33301,0,0,132105,5027,159;
41381300300;2681306,44904,1,-880,519,711,34532,9705,12,34452,10120,6,132037,0,0,33311,0,0,33310,11787,1,32408,0,0,32350,10121,8,33290,9714,2,33301,0,0,132105,5028,159;
41483822900;2681409,44904,1,-990,431,1142,34532,9702,8,34452,10123,8,132037,0,0,33311,0,0,33310,11822,2,32408,0,0,32350,10122,9,33290,9719,1,33301,0,0,132105,5028,158;
41583083600;2681508,44904,1,-1117,294,1848,34532,9706,7,34452,10120,6,132037,0,0,33311,0,0,33310,11873,0,32408,0,0,32350,10121,8,33290,9721,1,33301,0,0,132105,5027,153;
41782512200;2681706,44904,1,-904,536,691,34532,9712,6,34452,10145,6,132037,0,0,33311,0,0,33310,11799,1,32408,0,0,32350,10142,9,33290,9743,0,33301,0,0,132105,5014,149;
41881671000;2681807,44904,1,-928,537,685,34532,9727,10,34452,10169,6,132037,0,0,33311,6236,0,33310,11818,1,32408,0,0,32350,10170,8,33290,0,0,33301,0,0,132105,5000,158;
41982294100;2681907,44904,1,-1008,510,855,34532,9737,7,34452,10199,7,132037,0,0,33311,6020,0,33310,11852,1,32408,0,0,32350,10202,12,33290,9767,0,33301,0,0,132105,4981,153;
42183561800;2682109,44904,1,-4137,7407,1767,34532,9773,7,34452,10286,7,132037,0,0,33311,7170,0,33310,11929,0,32408,0,0,32350,10308,8,33290,9798,1,33301,0,0,132105,4925,154;
42280089900;2682205,44904,1,-1402,303,2285,34532,9787,9,34452,10320,6,132037,0,0,33311,0,0,33310,12025,0,32408,0,0,32350,10346,11,33290,9806,1,33301,0,0,132105,4903,160;
42382736800;2682308,44904,1,-1391,336,2100,34532,9787,5,34452,10329,8,132037,0,0,33311,0,0,33310,12019,0,32408,0,0,32350,10359,12,33290,9814,0,33301,0,0,132105,4897,168;
42482152100;2682407,44904,1,-1160,547,878,34532,9791,10,34452,10327,8,132037,0,0,33311,0,0,33310,11938,1,32408,0,0,32350,10357,12,33290,9799,2,33301,0,0,132105,4897,170;
42583962800;2682509,44904,1,-1319,403,1630,34532,9790,10,34452,10329,8,132037,0,0,33311,0,0,33310,11994,0,32408,0,0,32350,10356,11,33290,9802,2,33301,0,0,132105,4896,160;
42685125900;2682610,44904,1,-1371,357,1951,34532,9787,3,34452,10329,6,132037,0,0,33311,0,0,33310,12011,0,32408,0,0,32350,10360,11,33290,9849,0,33301,0,0,132105,4897,173;
42982494500;2682908,44904,1,-1297,61,2123,34532,9762,1,34452,10303,2,132037,0,0,33311,0,0,33310,12118,0,32408,0,0,32350,10354,10,33290,9966,0,33301,0,0,132105,4896,172;
45880582800;2685804,44904,1,-1174,615,690,34532,9808,8,34452,10380,9,132037,0,0,33311,0,0,33310,11954,2,32408,0,0,32350,10413,12,33290,9829,1,33301,0,0,132105,4861,171;
45982263600;2685907,44904,1,-1200,598,783,34532,9806,8,34452,10381,10,132037,0,0,33311,0,0,33310,11961,1,32408,0,0,32350,10417,12,33290,9829,1,33301,0,0,132105,4861,183;
46081435300;2686007,44904,1,-1257,544,1018,34532,9808,8,34452,10382,10,132037,0,0,33311,0,0,33310,11982,0,32408,0,0,32350,10416,11,33290,9830,1,33301,0,0,132105,4861,174;
46183020300;2686108,44904,1,-1309,497,1251,34532,9808,7,34452,10383,9,132037,0,0,33311,0,0,33310,12000,0,32408,0,0,32350,10416,11,33290,9836,0,33301,0,0,132105,4860,165;
46279542100;2686205,44904,1,-1401,407,1753,34532,9809,6,34452,10383,9,132037,0,0,33311,0,0,33310,12034,0,32408,0,0,32350,10413,10,33290,9848,0,33301,0,0,132105,4861,159;
46380539000;2686306,44904,1,-1491,308,2464,34532,9809,6,34452,10381,10,132037,0,0,33311,0,0,33310,12071,0,32408,0,0,32350,10412,10,33290,9832,0,33301,0,0,132105,4860,163;
46482119500;2686407,44904,1,-1242,564,944,34532,9806,7,34452,10383,9,132037,0,0,33311,0,0,33310,11975,1,32408,0,0,32350,10413,10,33290,9830,1,33301,0,0,132105,4861,171;
46584270000;2686510,44904,1,-1226,579,894,34532,9801,4,34452,10379,9,132037,0,0,33311,0,0,33310,11966,0,32408,0,0,32350,10414,10,33290,9861,0,33301,0,0,132105,4861,167;
46679200800;2686605,44904,1,-1196,605,765,34532,9804,2,34452,10381,9,132037,0,0,33311,0,0,33310,11958,1,32408,0,0,32350,10408,10,33290,9894,0,33301,0,0,132105,4863,164;
46781380100;2686707,44904,1,-1194,600,779,34532,9803,3,34452,10377,8,132037,0,0,33311,0,0,33310,11957,1,32408,0,0,32350,10408,9,33290,9884,0,33301,0,0,132105,4864,157;
46882984900;2686808,44904,1,-1180,607,732,34532,9804,4,34452,10375,9,132037,0,0,33311,0,0,33310,11953,1,32408,0,0,32350,10402,10,33290,9850,0,33301,0,0,132105,4866,166;
46982709900;2686908,44904,1,-1221,556,923,34532,9806,4,34452,10371,9,132037,0,0,33311,0,0,33310,11969,0,32408,0,0,32350,10407,9,33290,9864,0,33301,0,0,132105,4867,157;
47079788300;2687004,44904,1,-1227,555,940,34532,9805,5,34452,10372,11,132037,0,0,33311,0,0,33310,11970,0,32408,0,0,32350,10402,9,33290,9850,0,33301,0,0,132105,4867,176;
47181428400;2687107,44904,1,-1539,234,3375,34532,9805,6,34452,10375,11,132037,0,0,33311,0,0,33310,12096,0,32408,0,0,32350,10403,9,33290,9836,0,33301,0,0,132105,4868,183;
47281493200;2687207,44904,1,-1228,550,947,34532,9807,7,34452,10372,11,132037,0,0,33311,0,0,33310,11972,1,32408,0,0,32350,10405,9,33290,9835,0,33301,0,0,132105,4868,167;
47381462600;2687307,44904,1,-1167,607,707,34532,9804,8,34452,10370,10,132037,0,0,33311,0,0,33310,11948,1,32408,0,0,32350,10402,9,33290,9830,1,33301,0,0,132105,4866,147;
47483325100;2687409,44904,1,-1179,588,768,34532,9806,5,34452,10368,9,132037,0,0,33311,0,0,33310,11955,1,32408,0,0,32350,10399,9,33290,9847,0,33301,0,0,132105,4869,147;
47578804600;2687504,44904,1,-1159,602,695,34532,9807,6,34452,10367,10,132037,0,0,33311,0,0,33310,11948,1,32408,0,0,32350,10395,9,33290,9834,1,33301,0,0,132105,4870,152;
47781604100;2687707,44904,1,-1230,530,1039,34532,9796,5,34452,10354,6,132037,0,0,33311,0,0,33310,11965,1,32408,0,0,32350,10381,9,33290,9831,0,33301,0,0,132105,4878,147;
47881904600;2687808,44904,1,-1161,575,792,34532,9797,7,34452,10347,7,132037,0,0,33311,0,0,33310,11942,0,32408,0,0,32350,10378,9,33290,9822,1,33301,0,0,132105,4883,164;
47984011000;2687910,44904,1,-1291,451,1397,34532,9794,6,34452,10343,8,132037,0,0,33311,0,0,33310,11986,0,32408,0,0,32350,10371,8,33290,9825,0,33301,0,0,132105,4887,171;
48078333800;2688005,44904,1,-1167,573,824,34532,9792,5,34452,10344,9,132037,0,0,33311,0,0,33310,11940,1,32408,0,0,32350,10364,9,33290,9837,0,33301,0,0,132105,4889,171;
48180547400;2688107,44904,1,-1295,436,1453,34532,9793,5,34452,10336,8,132037,0,0,33311,0,0,33310,11987,0,32408,0,0,32350,10360,9,33290,9831,0,33301,0,0,132105,4891,153;
48383036800;2688309,44904,1,-1211,512,1079,34532,9787,6,34452,10329,8,132037,0,0,33311,0,0,33310,11953,1,32408,0,0,32350,10350,9,33290,0,0,33301,0,0,132105,4897,158;
48478449300;2688404,44904,1,-1198,511,1066,34532,9784,6,34452,10321,7,132037,0,0,33311,0,0,33310,11946,1,32408,0,0,32350,10340,10,33290,9833,0,33301,0,0,132105,4901,162;
48579747800;2688506,44904,1,-1175,518,995,34532,9786,4,34452,10316,7,132037,0,0,33311,0,0,33310,11940,1,32408,0,0,32350,10335,10,33290,9848,0,33301,0,0,132105,4903,163;
48682591900;2688609,44904,1,-1177,511,1017,34532,9786,4,34452,10314,7,132037,0,0,33311,0,0,33310,11941,1,32408,0,0,32350,10337,10,33290,9829,0,33301,0,0,132105,4905,159;
48781487400;2688708,44904,1,-1172,502,1033,34532,9785,6,34452,10307,6,132037,0,0,33311,0,0,33310,11939,1,32408,0,0,32350,10329,9,33290,9818,1,33301,0,0,132105,4908,150;
48877716100;2688804,44904,1,-1119,543,830,34532,9785,8,34452,10303,7,132037,0,0,33311,0,0,33310,11921,1,32408,0,0,32350,10323,9,33290,9809,1,33301,0,0,132105,4911,166;
48980449800;2688907,44904,1,-1220,452,1284,34532,9781,6,34452,10301,6,132037,0,0,33311,0,0,33310,11954,0,32408,0,0,32350,10322,7,33290,9831,0,33301,0,0,132105,4914,138;
49383934000;2689310,44904,1,-1208,439,1329,34532,9772,6,34452,10282,8,132037,0,0,33311,6175,0,33310,11943,0,32408,0,0,32350,10299,9,33290,9816,0,33301,0,0,132105,4926,128;
49478462700;2689405,44904,1,-1106,523,899,34532,9771,5,34452,10276,7,132037,0,0,33311,0,0,33310,11907,1,32408,0,0,32350,10292,9,33290,9811,0,33301,0,0,132105,4930,125;
49681697200;2689608,44904,1,-1264,360,1737,34532,9766,6,34452,10266,6,132037,0,0,33311,6160,0,33310,11961,1,32408,0,0,32350,10283,11,33290,9795,0,33301,0,0,132105,4938,133;
49780708400;2689707,44904,1,-1315,301,2132,34532,9763,6,34452,10260,4,132037,0,0,33311,6089,0,33310,11979,0,32408,0,0,32350,10272,9,33290,9790,1,33301,0,0,132105,4941,130;
49878362900;2689804,44904,1,-1104,493,1004,34532,9761,3,34452,10253,7,132037,0,0,33311,6122,0,33310,11900,1,32408,0,0,32350,10263,7,33290,0,0,33301,0,0,132105,4947,139;
49979638700;2689906,44904,1,-1065,510,884,34532,9762,6,34452,10245,10,132037,0,0,33311,6101,0,33310,11888,1,32408,0,0,32350,10259,11,33290,9788,0,33301,0,0,132105,4952,133;
50181215300;2690107,44904,1,-976,573,599,34532,9756,6,34452,10231,8,132037,0,0,33311,6121,0,33310,11854,2,32408,0,0,32350,10240,12,33290,9790,0,33301,0,0,132105,4961,143;
50278774600;2690205,44904,1,-1101,450,1155,34532,9748,3,34452,10220,7,132037,0,0,33311,6296,0,33310,11891,0,32408,0,0,32350,10233,13,33290,9852,0,33301,0,0,132105,4966,120;
50382619200;2690309,44904,1,-1078,465,1066,34532,9749,11,34452,10218,7,132037,0,0,33311,6117,0,33310,11884,0,32408,0,0,32350,10228,11,33290,9758,2,33301,0,0,132105,4970,134;
50480946000;2690407,44904,1,-967,550,649,34532,9751,10,34452,10212,6,132037,0,0,33311,6172,0,33310,11847,1,32408,0,0,32350,10222,10,33290,9762,1,33301,0,0,132105,4970,141;
50577459700;2690504,44904,1,-1168,375,1552,34532,9741,4,34452,10208,7,132037,0,0,33311,6104,0,33310,11910,0,32408,0,0,32350,10216,8,33290,9799,0,33301,0,0,132105,4973,143;
50679813800;2690606,44904,1,-975,535,710,34532,9747,10,34452,10205,8,132037,0,0,33311,6139,0,33310,11847,1,32408,0,0,32350,10210,9,33290,9761,2,33301,0,0,132105,4977,145;
50780157600;2690707,44904,1,-1025,489,923,34532,9743,6,34452,10201,7,132037,0,0,33311,6096,0,33310,11862,0,32408,0,0,32350,10202,8,33290,9766,1,33301,0,0,132105,4981,149;
50881594900;2690808,44904,1,-981,516,797,34532,9736,7,34452,10190,7,132037,0,0,33311,6148,0,33310,11842,0,32408,0,0,32350,10194,11,33290,9757,0,33301,0,0,132105,4984,156;
50981615500;2690908,44904,1,-961,526,732,34532,9738,8,34452,10188,6,132037,0,0,33311,6123,0,33310,11837,1,32408,0,0,32350,10194,9,33290,9756,0,33301,0,0,132105,4988,164;
51077291400;2691004,44904,1,-986,496,865,34532,9732,7,34452,10179,6,132037,0,0,33311,6130,0,33310,11841,1,32408,0,0,32350,10188,10,33290,9755,1,33301,0,0,132105,4993,158;
51181321200;2691107,44904,1,-964,510,808,34532,9727,9,34452,10172,6,132037,0,0,33311,6090,0,33310,11830,1,32408,0,0,32350,10179,10,33290,9751,1,33301,0,0,132105,4993,152;
51279638500;2691206,44904,1,-931,533,685,34532,9731,8,34452,10172,7,132037,0,0,33311,6117,0,33310,11822,1,32408,0,0,32350,10176,10,33290,9748,1,33301,0,0,132105,4997,139;
51381649100;2691308,44904,1,-1001,464,990,34532,9727,11,34452,10166,6,132037,0,0,33311,6040,0,33310,11843,0,32408,0,0,32350,10173,10,33290,0,0,33301,0,0,132105,4998,128;
51779849500;2691707,44904,1,-928,507,765,34532,9723,9,34452,10152,5,132037,0,0,33311,6351,0,33310,11816,1,32408,0,0,32350,10155,7,33290,9737,1,33301,0,0,132105,5009,138;
52376130000;2692303,44904,1,-883,517,723,34532,9704,8,34452,10119,7,132037,0,0,33311,0,0,33310,11787,1,32408,0,0,32350,10120,10,33290,9725,1,33301,0,0,132105,5029,157;
52979341700;2692906,44904,1,-1178,185,2701,34532,9684,5,34452,10083,5,132037,0,0,33311,0,0,33310,11886,0,32408,0,0,32350,10086,8,33290,9726,0,33301,0,0,132105,5043,93;
53080788800;2693008,44904,1,-823,539,628,34532,9686,8,34452,10088,14,132037,0,0,33311,13265,0,33310,11754,2,32408,0,0,32350,10083,10,33290,9706,1,33301,0,0,132105,5049,97;
53181100300;2693108,44904,1,-866,488,847,34532,9677,6,34452,10074,10,132037,0,0,33311,14135,0,33310,11762,0,32408,0,0,32350,10071,8,33290,9713,0,33301,0,0,132105,5053,99;
53281749800;2693208,44904,1,-820,510,715,34532,9677,8,34452,10065,9,132037,0,0,33311,6087,0,33310,11746,1,32408,0,0,32350,10066,8,33290,0,0,33301,0,0,132105,5057,99;
53377104400;2693305,44904,1,-812,502,722,34532,9676,8,34452,10057,9,132037,0,0,33311,13039,0,33310,11743,1,32408,0,0,32350,10053,9,33290,9692,1,33301,0,0,132105,5064,84;
53478886300;2693406,44904,1,-678,500,101,34532,9670,7,34452,10049,10,132037,0,0,33311,12997,1,33310,11742,1,32408,0,0,32350,10047,9,33290,9687,1,33301,0,0,132105,5069,69;
53580335600;2693507,44904,1,-673,505,92,34532,9667,7,34452,10040,10,132037,0,0,33311,12994,1,33310,11727,1,32408,0,0,32350,10033,10,33290,9681,1,33301,0,0,132105,5075,64;
53675844400;2693603,44904,1,-651,495,108,34532,9658,7,34452,10031,10,132037,0,0,33311,12999,1,33310,11722,1,32408,0,0,32350,10023,10,33290,9678,1,33301,0,0,132105,5079,59;
53778861600;2693706,44904,1,-630,480,126,34532,9652,7,34452,10026,9,132037,0,0,33311,13008,1,33310,11717,1,32408,0,0,32350,10018,10,33290,9675,1,33301,0,0,132105,5084,59;
53879351200;2693806,44904,1,-613,463,143,34532,9650,8,34452,10014,9,132037,0,0,33311,13019,1,33310,11710,1,32408,0,0,32350,10011,10,33290,9673,1,33301,0,0,132105,5088,56;
53980983900;2693907,44904,1,-732,519,633,34532,9649,6,34452,10006,8,132037,0,0,33311,13032,0,33310,11697,2,32408,0,0,32350,10003,10,33290,9670,0,33301,0,0,132105,5096,60;
54075743600;2694003,44904,1,-728,510,671,34532,9641,9,34452,9993,8,132037,0,0,33311,13024,1,33310,11690,2,32408,0,0,32350,9990,10,33290,0,0,33301,0,0,132105,5100,59;
54179083000;2694106,44904,1,-765,481,835,34532,9629,7,34452,9985,6,132037,0,0,33311,13025,0,33310,11694,1,32408,0,0,32350,9978,10,33290,9658,1,33301,0,0,132105,5104,66;
54279517700;2694207,44904,1,-571,460,143,34532,9630,11,34452,9973,5,132037,0,0,33311,13020,0,33310,11697,0,32408,0,0,32350,9969,11,33290,9641,2,33301,0,0,132105,5110,72;
54382080000;2694309,44904,1,-561,461,141,34532,9625,10,34452,9960,7,132037,0,0,33311,13019,1,33310,11670,1,32408,0,0,32350,9958,10,33290,9642,2,33301,0,0,132105,5116,72;
54476192500;2694403,44904,1,-692,503,695,34532,9618,5,34452,9954,11,132037,0,0,33311,13004,1,33310,11662,2,32408,0,0,32350,9950,8,33290,9650,0,33301,0,0,132105,5119,61;
54578357800;2694506,44904,1,-678,509,676,34532,9612,8,34452,9946,7,132037,0,0,33311,13019,1,33310,11653,2,32408,0,0,32350,9936,9,33290,9630,1,33301,0,0,132105,5125,64;
54680092300;2694607,44904,1,-558,501,95,34532,9610,9,34452,9934,7,132037,0,0,33311,12992,1,33310,11719,0,32408,0,0,32350,9933,10,33290,9621,1,33301,0,0,132105,5131,63;
54780341500;2694707,44904,1,-646,525,611,34532,9605,7,34452,9932,8,132037,0,0,33311,13406,0,33310,11636,2,32408,0,0,32350,9922,9,33290,9629,1,33301,0,0,132105,5135,62;
54875530900;2694803,44904,1,-655,513,675,34532,9597,6,34452,9923,8,132037,0,0,33311,13072,0,33310,11633,2,32408,0,0,32350,9916,9,33290,9627,0,33301,0,0,132105,5139,71;
54979133900;2694906,44904,1,-628,527,599,34532,9598,12,34452,9919,7,132037,0,0,33311,13014,0,33310,11625,2,32408,0,0,32350,9909,11,33290,9605,3,33301,0,0,132105,5143,69;
55079765000;2695007,44904,1,-619,511,637,34532,9592,9,34452,9902,6,132037,0,0,33311,13022,0,33310,11618,2,32408,0,0,32350,9902,9,33290,9606,2,33301,0,0,132105,5148,83;
55180900100;2695108,44904,1,-512,505,93,34532,9585,9,34452,9897,6,132037,0,0,33311,12987,3,33310,11613,2,32408,0,0,32350,9889,8,33290,9601,1,33301,0,0,132105,5153,74;
55275158200;2695203,44904,1,-614,509,665,34532,9582,8,34452,9890,6,132037,0,0,33311,13039,0,33310,11609,3,32408,0,0,32350,9884,8,33290,9605,1,33301,0,0,132105,5158,65;
55379199700;2695306,44904,1,-595,514,612,34532,9585,10,34452,9887,7,132037,0,0,33311,6041,1,33310,11605,3,32408,0,0,32350,9883,9,33290,9598,2,33301,0,0,132105,5161,60;
55479239400;2695407,44904,1,-593,510,636,34532,9579,8,34452,9879,5,132037,0,0,33311,6061,1,33310,11600,3,32408,0,0,32350,9874,9,33290,9599,1,33301,0,0,132105,5163,53;
55580858000;2695507,44904,1,-582,519,607,34532,9576,8,34452,9876,6,132037,0,0,33311,6021,1,33310,11594,3,32408,0,0,32350,9871,10,33290,9590,1,33301,0,0,132105,5168,64;
55675574800;2695603,44904,1,-580,505,626,34532,9579,11,34452,9871,8,132037,0,0,33311,6022,1,33310,11596,3,32408,0,0,32350,9863,12,33290,9585,2,33301,0,0,132105,5168,50;
55780392100;2695707,44904,1,-591,513,649,34532,9572,8,34452,9873,6,132037,0,0,33311,13049,0,33310,11594,3,32408,0,0,32350,9864,12,33290,9592,1,33301,0,0,132105,5171,57;
55878699700;2695806,44904,1,-591,492,686,34532,9575,9,34452,9866,6,132037,0,0,33311,13036,0,33310,11597,3,32408,0,0,32350,9863,10,33290,9588,2,33301,0,0,132105,5172,58;
55979413600;2695907,44904,1,-575,507,636,34532,9572,9,34452,9863,5,132037,0,0,33311,13008,1,33310,11589,2,32408,0,0,32350,9859,11,33290,9584,1,33301,0,0,132105,5172,48;
56082202400;2696009,44904,1,-569,508,622,34532,9573,8,34452,9862,4,132037,0,0,33311,13009,1,33310,11588,2,32408,0,0,32350,9857,10,33290,9583,1,33301,0,0,132105,5174,57;
56176540100;2696104,44904,1,-582,507,669,34532,9565,9,34452,9860,3,132037,0,0,33311,13015,1,33310,11586,2,32408,0,0,32350,9853,11,33290,9584,2,33301,0,0,132105,5176,61;
56278995000;2696206,44904,1,-559,519,614,34532,9562,7,34452,9853,8,132037,0,0,33311,12995,1,33310,11576,3,32408,0,0,32350,9847,13,33290,9576,1,33301,0,0,132105,5178,70;
56379728400;2696307,44904,1,-451,494,99,34532,9561,8,34452,9841,5,132037,0,0,33311,12994,1,33310,11570,1,32408,0,0,32350,9835,12,33290,9572,1,33301,0,0,132105,5185,64;
56482875300;2696410,44904,1,-433,491,107,34532,9551,9,34452,9830,5,132037,0,0,33311,12994,0,33310,11575,0,32408,0,0,32350,9823,13,33290,9564,2,33301,0,0,132105,5190,54;
56575409600;2696503,44904,1,-532,507,636,34532,9549,10,34452,9823,8,132037,0,0,33311,13030,0,33310,11558,1,32408,0,0,32350,9816,12,33290,9557,2,33301,0,0,132105,5196,45;
56677967800;2696605,44904,1,-512,502,617,34532,9549,10,34452,9812,7,132037,0,0,33311,13013,0,33310,11552,2,32408,0,0,32350,9811,12,33290,9554,2,33301,0,0,132105,5199,47;
56780237700;2696707,44904,1,-511,512,615,34532,9541,10,34452,9809,8,132037,0,0,33311,13018,0,33310,11544,1,32408,0,0,32350,9805,12,33290,9550,2,33301,0,0,132105,5203,53;
56880474100;2696808,44904,1,-495,513,601,34532,9536,11,34452,9799,5,132037,0,0,33311,13010,0,33310,11536,2,32408,0,0,32350,9800,12,33290,9544,2,33301,0,0,132105,5206,65;
56980763100;2696908,44904,1,-389,490,111,34532,9528,10,34452,9796,6,132037,0,0,33311,12993,1,33310,11528,1,32408,0,0,32350,9789,11,33290,9540,2,33301,0,0,132105,5210,56;
57076153800;2697004,44904,1,-383,501,99,34532,9521,9,34452,9782,9,132037,0,0,33311,12985,2,33310,11525,1,32408,0,0,32350,9783,11,33290,9535,1,33301,0,0,132105,5216,59;
57177824400;2697105,44904,1,-379,503,92,34532,9520,8,34452,9777,6,132037,0,0,33311,12985,1,33310,11516,1,32408,0,0,32350,9774,11,33290,9529,1,33301,0,0,132105,5223,66;
57278364300;2697206,44904,1,-462,519,598,34532,9515,9,34452,9768,8,132037,0,0,33311,12991,1,33310,11509,2,32408,0,0,32350,9763,11,33290,9525,1,33301,0,0,132105,5227,55;
57380003000;2697307,44904,1,-444,522,558,34532,9517,9,34452,9764,9,132037,0,0,33311,12986,1,33310,11505,3,32408,0,0,32350,9763,12,33290,0,0,33301,0,0,132105,5228,64;
57475466500;2697403,44904,1,-451,511,612,34532,9511,9,34452,9756,9,132037,0,0,33311,12985,1,33310,11503,3,32408,0,0,32350,9760,11,33290,0,0,33301,0,0,132105,5231,64;
57577617500;2697505,44904,1,-431,531,537,34532,9511,9,34452,9757,8,132037,0,0,33311,12984,1,33310,11496,3,32408,0,0,32350,9753,12,33290,9521,1,33301,0,0,132105,5233,72;
57678748300;2697606,44904,1,-356,503,90,34532,9510,9,34452,9752,8,132037,0,0,33311,12985,2,33310,11498,2,32408,0,0,32350,9749,12,33290,9516,1,33301,0,0,132105,5236,75;
57780534000;2697708,44904,1,-347,508,89,34532,9502,9,34452,9748,6,132037,0,0,33311,12980,1,33310,11493,1,32408,0,0,32350,9747,11,33290,9517,1,33301,0,0,132105,5239,65;
57874724000;2697803,44904,1,-422,521,564,34532,9504,9,34452,9742,7,132037,0,0,33311,12983,1,33310,11488,2,32408,0,0,32350,9738,11,33290,9513,1,33301,0,0,132105,5244,54;
58079627400;2698007,44904,1,-426,502,640,34532,9495,10,34452,9725,8,132037,0,0,33311,13027,0,33310,11483,1,32408,0,0,32350,9725,11,33290,9502,2,33301,0,0,132105,5254,49;
58180111600;2698107,44904,1,-407,500,614,34532,9495,10,34452,9716,8,132037,0,0,33311,0,0,33310,11477,0,32408,0,0,32350,9712,13,33290,9501,2,33301,0,0,132105,5259,50;
58380759300;2698308,44904,1,-376,517,571,34532,9481,10,34452,9698,8,132037,0,0,33311,13014,0,33310,11456,2,32408,0,0,32350,9695,10,33290,9487,2,33301,0,0,132105,5274,44;
58479791800;2698407,44904,1,-264,474,116,34532,9478,10,34452,9688,9,132037,0,0,33311,13004,1,33310,11448,1,32408,0,0,32350,9689,11,33290,9482,2,33301,0,0,132105,5280,29;
58778134800;2698705,44904,1,-338,514,558,34532,9468,11,34452,9668,11,132037,0,0,33311,12997,1,33310,11433,2,32408,0,0,32350,9664,12,33290,9470,2,33301,0,0,132105,5292,42;
58877831700;2698805,44904,1,-340,517,572,34532,9462,11,34452,9665,10,132037,0,0,33311,12994,1,33310,11429,2,32408,0,0,32350,9655,12,33290,9469,2,33301,0,0,132105,5296,39;
59083617700;2699009,44904,1,-325,509,586,34532,9456,12,34452,9649,12,132037,0,0,33311,13026,0,33310,11420,1,32408,0,0,32350,9642,11,33290,9459,2,33301,0,0,132105,5302,34;
59175435400;2699103,44904,1,-228,501,88,34532,9451,12,34452,9644,11,132037,0,0,33311,12985,2,33310,11415,2,32408,0,0,32350,9638,11,33290,9459,2,33301,0,0,132105,5306,32;
59277160200;2699205,44904,1,-303,514,558,34532,9451,11,34452,9636,13,132037,0,0,33311,13012,0,33310,11409,1,32408,0,0,32350,9631,11,33290,9461,2,33301,0,0,132105,5311,32;
59378083800;2699306,44904,1,-284,519,522,34532,9450,11,34452,9629,10,132037,0,0,33311,13010,1,33310,11402,4,32408,0,0,32350,9625,12,33290,9452,2,33301,0,0,132105,5318,29;
59475274900;2699403,44904,1,-295,500,591,34532,9446,11,34452,9621,9,132037,0,0,33311,13240,0,33310,11403,2,32408,0,0,32350,9617,9,33290,9450,2,33301,0,0,132105,5323,21;
59577515700;2699505,44904,1,-301,494,624,34532,9442,11,34452,9617,10,132037,0,0,33311,13158,0,33310,11402,2,32408,0,0,32350,9610,12,33290,9445,2,33301,0,0,132105,5330,25;
59677201100;2699605,44904,1,-236,535,452,34532,9437,7,34452,9605,10,132037,0,0,33311,13257,0,33310,11377,4,32408,0,0,32350,9603,12,33290,9455,0,33301,0,0,132105,5333,26;
59774046800;2699702,44904,1,-179,500,83,34532,9429,5,34452,9598,10,132037,0,0,33311,12986,1,33310,11386,1,32408,0,0,32350,9592,12,33290,9458,0,33301,0,0,132105,5337,30;
59877649700;2699805,44904,1,-234,523,488,34532,9432,11,34452,9594,10,132037,0,0,33311,12993,1,33310,11373,2,32408,0,0,32350,9582,11,33290,9440,2,33301,0,0,132105,5342,29;
59978432100;2699906,44904,1,-245,505,557,34532,9427,8,34452,9585,9,132037,0,0,33311,0,0,33310,11373,1,32408,0,0,32350,9580,12,33290,9438,1,33301,0,0,132105,5346,33;
60080025000;2700008,44904,1,-70,361,258,34532,9423,10,34452,9580,11,132037,0,0,33311,13078,0,33310,11398,0,32408,0,0,32350,9568,10,33290,9434,1,33301,0,0,132105,5347,36;
60174609900;2700102,44904,1,-136,470,113,34532,9421,11,34452,9568,9,132037,0,0,33311,13007,1,33310,11371,1,32408,0,0,32350,9562,10,33290,9427,2,33301,0,0,132105,5354,34;
60277414200;2700205,44904,1,-233,498,587,34532,9417,10,34452,9567,8,132037,0,0,33311,6336,0,33310,11362,1,32408,0,0,32350,9553,10,33290,9424,1,33301,0,0,132105,5356,30;
60380497900;2700308,44904,1,-218,497,563,34532,9418,12,34452,9561,14,132037,0,0,33311,13121,0,33310,11358,1,32408,0,0,32350,9554,9,33290,9417,2,33301,0,0,132105,5363,38;
60477976900;2700406,44904,1,-211,502,559,34532,9412,12,34452,9555,13,132037,0,0,33311,0,0,33310,11351,2,32408,0,0,32350,9540,10,33290,9415,2,33301,0,0,132105,5365,52;
60579952500;2700508,44904,1,-198,506,536,34532,9411,12,34452,9550,16,132037,0,0,33311,13094,0,33310,11345,2,32408,0,0,32350,9536,11,33290,9413,2,33301,0,0,132105,5369,50;
60675695700;2700603,44904,1,-180,510,500,34532,9411,12,34452,9544,15,132037,0,0,33311,13067,1,33310,11339,2,32408,0,0,32350,9531,9,33290,9410,2,33301,0,0,132105,5371,47;
60778444300;2700706,44904,1,-177,518,493,34532,9406,13,34452,9542,12,132037,0,0,33311,13017,1,33310,11334,3,32408,0,0,32350,9525,10,33290,9405,3,33301,0,0,132105,5375,61;
60878475100;2700806,44904,1,-173,509,506,34532,9406,12,34452,9535,11,132037,0,0,33311,13048,0,33310,11333,2,32408,0,0,32350,9525,11,33290,9407,2,33301,0,0,132105,5378,74;
60979380000;2700907,44904,1,-173,505,527,34532,9402,11,34452,9529,11,132037,0,0,33311,13108,0,33310,11330,2,32408,0,0,32350,9513,11,33290,9409,1,33301,0,0,132105,5381,73;
61079766000;2701008,44904,1,-165,502,528,34532,9400,10,34452,9522,12,132037,0,0,33311,6104,0,33310,11326,2,32408,0,0,32350,9507,12,33290,9408,1,33301,0,0,132105,5385,88;
61175171500;2701103,44904,1,-165,493,556,34532,9397,10,34452,9515,13,132037,0,0,33311,13113,0,33310,11324,1,32408,0,0,32350,9500,9,33290,9405,1,33301,0,0,132105,5391,71;
61276246300;2701205,44904,1,-136,504,497,34532,9395,12,34452,9506,14,132037,0,0,33311,13054,0,33310,11313,2,32408,0,0,32350,9494,9,33290,9398,2,33301,0,0,132105,5397,72;
61379973500;2701308,44904,1,-130,499,510,34532,9391,11,34452,9497,10,132037,0,0,33311,13046,1,33310,11308,2,32408,0,0,32350,9482,11,33290,9395,2,33301,0,0,132105,5403,77;
61478083400;2701406,44904,1,-125,493,534,34532,9385,11,34452,9486,11,132037,0,0,33311,13041,1,33310,11302,2,32408,0,0,32350,9473,10,33290,9387,1,33301,0,0,132105,5411,81;
61574250700;2701503,44904,1,-101,501,492,34532,9382,12,34452,9477,14,132037,0,0,33311,13044,1,33310,11292,3,32408,0,0,32350,9462,10,33290,9387,2,33301,0,0,132105,5418,84;
61677378600;2701605,44904,1,-109,477,563,34532,9379,12,34452,9466,12,132037,0,0,33311,13046,1,33310,11293,2,32408,0,0,32350,9453,10,33290,9383,2,33301,0,0,132105,5427,80;
61778058700;2701706,44904,1,-12,461,105,34532,9374,14,34452,9459,14,132037,0,0,33311,13017,1,33310,11280,1,32408,0,0,32350,9442,13,33290,9372,3,33301,0,0,132105,5433,83;
61878660500;2701807,44904,1,-70,493,499,34532,9370,11,34452,9448,14,132037,0,0,33311,13017,1,33310,11273,2,32408,0,0,32350,9431,13,33290,9373,2,33301,0,0,132105,5440,86;
61979168800;2701907,44904,1,-72,484,533,34532,9366,11,34452,9441,11,132037,0,0,33311,13017,1,33310,11271,3,32408,0,0,32350,9427,12,33290,9373,1,33301,0,0,132105,5445,90;
62074652000;2702003,44904,1,-56,491,489,34532,9368,13,34452,9438,11,132037,0,0,33311,13017,1,33310,11267,2,32408,0,0,32350,9421,12,33290,9367,2,33301,0,0,132105,5448,96;
62177721300;2702106,44904,1,-55,486,514,34532,9363,12,34452,9430,10,132037,0,0,33311,13015,2,33310,11263,3,32408,0,0,32350,9413,12,33290,9365,2,33301,0,0,132105,5452,95;
62277480400;2702205,44904,1,15,472,83,34532,9361,11,34452,9425,10,132037,0,0,33311,13012,3,33310,11260,3,32408,0,0,32350,9406,13,33290,9364,1,33301,0,0,132105,5458,98;
62378360900;2702306,44904,1,15,484,67,34532,9358,13,34452,9416,12,132037,0,0,33311,13005,3,33310,11256,2,32408,0,0,32350,9397,12,33290,9357,2,33301,0,0,132105,5464,113;
62479030300;2702407,44904,1,27,477,77,34532,9354,14,34452,9407,14,132037,0,0,33311,13009,3,33310,11248,2,32408,0,0,32350,9389,14,33290,9350,2,33301,0,0,132105,5467,130;
62574688900;2702503,44904,1,27,486,61,34532,9353,12,34452,9407,12,132037,0,0,33311,13004,5,33310,11241,1,32408,0,0,32350,9382,14,33290,9353,2,33301,0,0,132105,5473,143;
62676208900;2702604,44904,1,60,475,93,34532,1,0,34452,9401,11,132037,0,0,33311,13007,3,33310,11240,2,32408,0,0,32350,9378,12,33290,9355,1,33301,0,0,132105,5476,159;
71477223400;2711406,44904,1,-53,485,507,34532,9365,11,34452,9431,11,132037,0,0,33311,0,0,33310,11264,2,32408,0,0,32350,9411,14,33290,9370,1,33301,0,0,132105,5455,103;
71574359500;2711504,44904,1,-55,487,510,34532,9364,12,34452,9432,11,132037,0,0,33311,0,0,33310,11264,2,32408,0,0,32350,9409,15,33290,9367,2,33301,0,0,132105,5456,103;
71672709000;2711601,44904,1,-39,493,479,34532,9362,13,34452,9426,11,132037,0,0,33311,0,0,33310,11257,2,32408,0,0,32350,9406,14,33290,9362,2,33301,0,0,132105,5457,102;
71775995000;2711705,44904,1,-66,462,601,34532,9356,9,34452,9417,11,132037,0,0,33311,0,0,33310,11262,1,32408,0,0,32350,9399,13,33290,9366,1,33301,0,0,132105,5465,105;
71877088300;2711805,44904,1,-57,456,611,34532,9353,8,34452,9407,14,132037,0,0,33311,0,0,33310,11257,2,32408,0,0,32350,9384,12,33290,9361,1,33301,0,0,132105,5475,117;
71978533200;2711907,44904,1,-28,460,568,34532,9351,11,34452,9394,15,132037,0,0,33311,0,0,33310,11245,1,32408,0,0,32350,9367,12,33290,9352,1,33301,0,0,132105,5485,108;
80073680700;2720004,44904,1,233,465,71,34532,9274,15,34452,9234,16,132037,0,0,33311,13025,2,33310,0,0,32408,0,0,32350,9207,15,33290,9274,2,33301,0,0,132105,5596,25;
80175574900;2720105,44904,1,221,471,61,34532,9278,17,34452,9242,15,132037,0,0,33311,13021,2,33310,0,0,32408,0,0,32350,9211,15,33290,9276,3,33301,0,0,132105,5593,36;
81373392600;2721304,44904,1,198,456,81,34532,9292,14,34452,9266,14,132037,0,0,33311,13030,2,33310,0,0,32408,0,0,32350,9242,14,33290,9293,2,33301,0,0,132105,5573,121;
84073328900;2724004,44904,1,242,475,55,34532,9268,12,34452,9219,14,132037,0,0,33311,13019,4,33310,11104,4,32408,0,0,32350,9190,14,33290,9275,1,33301,0,0,132105,5607,124;
91770063000;2731702,44904,1,285,469,64,34532,9251,16,34452,9180,14,132037,0,0,33311,13024,3,33310,11081,2,32408,0,0,32350,9154,16,33290,9247,1,33301,0,0,132105,5631,79;
91871728500;2731803,44904,1,284,476,54,34532,9249,16,34452,9175,13,132037,0,0,33311,13019,3,33310,11075,3,32408,0,0,32350,9148,16,33290,9247,2,33301,0,0,132105,5633,82;
91973171500;2731905,44904,1,267,484,407,34532,9249,16,34452,9176,13,132037,0,0,33311,13021,3,33310,11070,4,32408,0,0,32350,9145,17,33290,9251,2,33301,0,0,132105,5637,82;
92072712000;2732004,44904,1,269,485,409,34532,9247,15,34452,9174,12,132037,0,0,33311,13023,3,33310,11068,4,32408,0,0,32350,9149,15,33290,9250,2,33301,0,0,132105,5636,75;
92168708100;2732100,44904,1,299,456,77,34532,9250,15,34452,9174,13,132037,0,0,33311,13033,2,33310,0,0,32408,0,0,32350,9146,17,33290,9245,1,33301,0,0,132105,5636,83;
92271993300;2732204,44904,1,294,464,67,34532,9250,12,34452,9173,13,132037,0,0,33311,13028,3,33310,11073,2,32408,0,0,32350,9147,16,33290,9253,0,33301,0,0,132105,5636,84;
92371160000;2732302,44904,1,256,486,16,34532,9269,7,34452,9174,14,132037,0,0,33311,13019,4,33310,0,0,32408,0,0,32350,9145,16,33290,9382,0,33301,0,0,132105,5637,82;
92472271100;2732403,44904,1,263,488,22,34532,9262,8,34452,9173,14,132037,0,0,33311,13016,5,33310,0,0,32408,0,0,32350,9148,18,33290,9289,0,33301,0,0,132105,5637,74;
92567543100;2732500,44904,1,327,498,252,34532,9270,7,34452,9176,15,132037,0,0,33311,13075,0,33310,11067,3,32408,0,0,32350,9149,16,33290,9396,0,33301,0,0,132105,5636,72;
92670445500;2732602,44904,1,434,231,380,34532,9262,9,34452,9180,5,132037,0,0,33311,13184,0,33310,0,0,32408,0,0,32350,9146,15,33290,0,0,33301,0,0,132105,5636,73;
117565380100;2757501,44904,1,1495,568,27,34532,8724,19,34452,8110,22,132037,0,0,33311,13023,1,33310,0,0,32408,0,0,32350,8149,30,33290,8717,2,33301,0,0,132105,6411,17;
117664889100;2757601,44904,1,1492,580,8,34532,8723,20,34452,8109,22,132037,0,0,33311,13016,1,33310,0,0,32408,0,0,32350,8151,30,33290,8717,2,33301,0,0,132105,6415,12;
117766108800;2757702,44904,1,1600,424,252,34532,8721,20,34452,8107,22,132037,0,0,33311,13119,0,33310,0,0,32408,0,0,32350,8149,30,33290,8718,2,33301,0,0,132105,6416,5;
117862412100;2757798,44904,1,1474,576,28,34532,8724,20,34452,8108,22,132037,0,0,33311,13013,1,33310,0,0,32408,0,0,32350,8149,30,33290,8715,2,33301,0,0,132105,6392,3;
117965507900;2757900,44904,1,1494,573,26,34532,8721,20,34452,8110,22,132037,0,0,33311,13019,1,33310,0,0,32408,0,0,32350,8153,30,33290,8716,2,33301,0,0,132105,6409,8;
118064088900;2758000,44904,1,1505,547,77,34532,8718,20,34452,8110,22,132037,0,0,33311,13032,0,33310,0,0,32408,0,0,32350,8152,29,33290,8715,2,33301,0,0,132105,6397,53;
118164326800;2758100,44904,1,1485,571,37,34532,8721,20,34452,8109,22,132037,0,0,33311,13017,1,33310,0,0,32408,0,0,32350,8150,29,33290,8715,2,33301,0,0,132105,6397,63;
118262266900;2758198,44904,1,1466,594,0,34532,8723,20,34452,8109,23,132037,0,0,33311,13002,1,33310,0,0,32408,0,0,32350,8153,29,33290,8715,2,33301,0,0,132105,6396,74;
118362847900;2758299,44904,1,1499,546,72,34532,8722,20,34452,8107,23,132037,0,0,33311,13033,0,33310,0,0,32408,0,0,32350,8151,29,33290,8714,1,33301,0,0,132105,6396,70;
119367473700;2759303,44904,1,1497,596,34,34532,8792,0,34452,8109,23,132037,0,0,33311,12995,2,33310,10270,1,32408,0,0,32350,8151,27,33290,0,0,33301,0,0,132105,6397,54;
119465434200;2759401,44904,1,1393,544,-55,34532,918,0,34452,8110,22,132037,0,0,33311,13057,0,33310,10403,0,32408,0,0,32350,8150,28,33290,0,0,33301,0,0,132105,6397,54;
119565712800;2759502,44904,1,1408,514,-17,34532,2009,0,34452,8109,22,132037,0,0,33311,13077,0,33310,10400,0,32408,0,0,32350,8153,28,33290,0,0,33301,0,0,132105,6397,50;
119662479600;2759598,44904,1,1499,583,44,34532,8764,0,34452,8110,23,132037,0,0,33311,13005,1,33310,10274,1,32408,0,0,32350,8149,26,33290,0,0,33301,0,0,132105,6398,47;
119762571700;2759698,44904,1,1518,570,77,34532,9741,0,34452,8111,24,132037,0,0,33311,13012,1,33310,10260,1,32408,0,0,32350,8151,26,33290,0,0,33301,0,0,132105,6398,48;
119864838300;2759800,44904,1,1504,586,48,34532,8760,0,34452,8111,21,132037,0,0,33311,13002,2,33310,10268,1,32408,0,0,32350,8152,25,33290,0,0,33301,0,0,132105,6398,52;
119962342100;2759898,44904,1,1505,568,61,34532,8707,3,34452,8110,20,132037,0,0,33311,13016,1,33310,10287,0,32408,0,0,32350,8151,26,33290,0,0,33301,0,0,132105,6398,53;
120062761600;2759999,44904,1,1452,595,-20,34532,8737,3,34452,8110,20,132037,0,0,33311,13005,1,33310,10323,0,32408,0,0,32350,8149,26,33290,0,0,33301,0,0,132105,6398,52;
120162745300;2760099,44904,1,1507,597,44,34532,8708,2,34452,8111,21,132037,0,0,33311,12993,3,33310,10260,2,32408,0,0,32350,8152,26,33290,0,0,33301,0,0,132105,6398,55;
120263152300;2760199,44904,1,1522,576,77,34532,8760,0,34452,8108,22,132037,0,0,33311,13006,1,33310,10253,2,32408,0,0,32350,8151,26,33290,0,0,33301,0,0,132105,6398,56;
120362455500;2760298,44904,1,1934,-380,1754,34532,9335,0,34452,8110,21,132037,0,0,33311,13685,0,33310,10254,2,32408,0,0,32350,8150,26,33290,0,0,33301,0,0,132105,6398,58;
120464647500;2760400,44904,1,2046,-652,2773,34532,4818,2,34452,8108,21,132037,0,0,33311,13890,2,33310,10252,3,32408,0,0,32350,8150,25,33290,0,0,33301,0,0,132105,6398,61;
120562662000;2760499,44904,1,1439,496,467,34532,8732,5,34452,8110,23,132037,0,0,33311,0,0,33310,10273,6,32408,0,0,32350,8153,26,33290,0,0,33301,0,0,132105,6397,61;
120665558200;2760601,44904,1,1489,546,325,34532,8729,5,34452,8111,23,132037,0,0,33311,0,0,33310,10252,2,32408,0,0,32350,8151,27,33290,0,0,33301,0,0,132105,6399,57;
120760607000;2760696,44904,1,1488,548,330,34532,8725,7,34452,8109,23,132037,0,0,33311,0,0,33310,10249,2,32408,0,0,32350,8151,27,33290,8929,0,33301,0,0,132105,6399,54;
120863484300;2760799,44904,1,1508,561,279,34532,8729,13,34452,8110,22,132037,0,0,33311,0,0,33310,10245,3,32408,0,0,32350,8152,27,33290,8753,0,33301,0,0,132105,6399,52;
121064070800;2761000,44904,1,1481,552,341,34532,8720,16,34452,8109,20,132037,0,0,33311,0,0,33310,10247,2,32408,0,0,32350,8152,25,33290,8721,1,33301,0,0,132105,6398,49;
121160988700;2761096,44904,1,1484,554,322,34532,8725,16,34452,8114,19,132037,0,0,33311,0,0,33310,10250,2,32408,0,0,32350,8152,24,33290,8720,1,33301,0,0,132105,6397,51;
121265978600;2761202,44904,1,1477,551,339,34532,8723,15,34452,8114,20,132037,0,0,33311,0,0,33310,10251,3,32408,0,0,32350,8151,23,33290,8724,1,33301,0,0,132105,6397,52;
121363991900;2761300,44904,1,1483,557,327,34532,8721,10,34452,8112,20,132037,0,0,33311,0,0,33310,10247,4,32408,0,0,32350,8154,22,33290,8764,0,33301,0,0,132105,6398,52;
121465703800;2761401,44904,1,1480,550,338,34532,8723,10,34452,8112,22,132037,0,0,33311,0,0,33310,10250,3,32408,0,0,32350,8153,22,33290,8798,0,33301,0,0,132105,6396,55;
121562056200;2761498,44904,1,1488,559,314,34532,8723,9,34452,8113,21,132037,0,0,33311,0,0,33310,10247,4,32408,0,0,32350,8153,23,33290,8782,0,33301,0,0,132105,6397,58;
121662805400;2761599,44904,1,1492,552,313,34532,8728,7,34452,8112,19,132037,0,0,33311,0,0,33310,10250,3,32408,0,0,32350,8153,23,33290,8818,0,33301,0,0,132105,6396,59;
121865091500;2761801,44904,1,1508,570,250,34532,8733,4,34452,8120,23,132037,0,0,33311,0,0,33310,10248,4,32408,0,0,32350,8160,22,33290,0,0,33301,0,0,132105,6392,52;
121960592800;2761897,44904,1,1482,566,284,34532,8731,5,34452,8128,25,132037,0,0,33311,0,0,33310,10255,4,32408,0,0,32350,8164,22,33290,0,0,33301,0,0,132105,6388,53;
122062898800;2762000,44904,1,1452,548,348,34532,8731,2,34452,8134,23,132037,0,0,33311,0,0,33310,10266,3,32408,0,0,32350,8169,27,33290,0,0,33301,0,0,132105,6384,54;
122163597900;2762100,44904,1,1459,549,320,34532,8740,6,34452,8139,20,132037,0,0,33311,0,0,33310,10270,3,32408,0,0,32350,8175,29,33290,0,0,33301,0,0,132105,6379,56;
122363778600;2762300,44904,1,1415,560,358,34532,8730,1,34452,8158,17,132037,0,0,33311,0,0,33310,10277,3,32408,0,0,32350,8189,29,33290,0,0,33301,0,0,132105,6367,57;
122461778800;2762398,44904,1,1523,503,160,34532,8822,0,34452,8164,17,132037,0,0,33311,0,0,33310,10316,4,32408,0,0,32350,8194,26,33290,0,0,33301,0,0,132105,6360,61;
122564745500;2762501,44904,1,1319,478,593,34532,8743,1,34452,8171,18,132037,0,0,33311,0,0,33310,10322,4,32408,0,0,32350,8203,25,33290,0,0,33301,0,0,132105,6356,60;
122664849100;2762601,44904,1,1379,545,398,34532,8740,2,34452,8177,17,132037,0,0,33311,0,0,33310,10297,3,32408,0,0,32350,8209,25,33290,0,0,33301,0,0,132105,6350,62;
122763917600;2762700,44904,1,1392,518,374,34532,8768,0,34452,8183,17,132037,0,0,33311,0,0,33310,10316,1,32408,0,0,32350,8216,25,33290,0,0,33301,0,0,132105,6346,59;
123064696900;2763001,44904,1,1270,464,619,34532,8763,1,34452,8208,20,132037,0,0,33311,0,0,33310,10356,1,32408,0,0,32350,8238,27,33290,0,0,33301,0,0,132105,6327,59;
123863658000;2763801,44904,1,-8483,3213,558,34532,14000,0,34452,8264,24,132037,0,0,33311,13280,0,33310,0,0,32408,0,0,32350,8288,25,33290,5901,0,33301,0,0,132105,6283,56;
124062261100;2763998,44904,1,-4479,2211,-2278,34532,8830,0,34452,8296,21,132037,0,0,33311,13012,2,33310,14708,5,32408,0,0,32350,8316,25,33290,5980,0,33301,0,0,132105,6263,60;
124159876800;2764097,44904,1,-4549,2224,-2252,34532,868,0,34452,8311,26,132037,0,0,33311,13015,1,33310,14750,2,32408,0,0,32350,8328,26,33290,0,0,33301,0,0,132105,6253,60;
124262596000;2764199,44904,1,-4621,2253,-2230,34532,8909,0,34452,8322,22,132037,0,0,33311,13006,3,33310,14789,1,32408,0,0,32350,8339,23,33290,0,0,33301,0,0,132105,6245,64;
124363530300;2764300,44904,1,-4587,2233,-2227,34532,8819,3,34452,8330,26,132037,0,0,33311,13010,2,33310,14768,3,32408,0,0,32350,8349,31,33290,0,0,33301,0,0,132105,6237,69;
124458813700;2764396,44904,1,-4669,2261,-2207,34532,8857,0,34452,8340,36,132037,0,0,33311,13007,2,33310,14816,2,32408,0,0,32350,8353,27,33290,0,0,33301,0,0,132105,6234,51;
124562369900;2764500,44904,1,-4628,2245,-2211,34532,9015,0,34452,8340,31,132037,0,0,33311,13007,3,33310,14790,3,32408,0,0,32350,8355,22,33290,0,0,33301,0,0,132105,6230,88;
124762874700;2764700,44904,1,-4624,2227,-2206,34532,8841,2,34452,8352,10,132037,0,0,33311,13018,1,33310,14791,2,32408,0,0,32350,8362,32,33290,0,0,33301,0,0,132105,6226,80;
124859835200;2764797,44904,1,-4668,2198,-2186,34532,8897,0,34452,8354,22,132037,0,0,33311,13049,0,33310,14830,1,32408,0,0,32350,8365,33,33290,0,0,33301,0,0,132105,6221,69;
124962836400;2764899,44904,1,-4504,2117,-2211,34532,827,0,34452,8361,27,132037,0,0,33311,13071,0,33310,14737,3,32408,0,0,32350,8371,31,33290,0,0,33301,0,0,132105,6217,64;
125062547900;2764999,44904,1,-4566,1989,-2167,34532,10045,0,34452,8366,21,132037,0,0,33311,13181,0,33310,14820,2,32408,0,0,32350,8380,29,33290,0,0,33301,0,0,132105,6209,60;
125564561200;2765501,44904,1,-4025,827,-1927,34532,5050,0,34452,8403,15,132037,0,0,33311,13915,0,33310,14799,1,32408,0,0,32350,8413,25,33290,0,0,33301,0,0,132105,6183,70;
126362960400;2766300,44904,1,891,473,-80,34532,9061,0,34452,8511,18,132037,0,0,33311,13086,0,33310,4088,0,32408,0,0,32350,8515,25,33290,0,0,33301,0,0,132105,6101,79;
126458936400;2766396,44904,1,969,517,-14,34532,8968,0,34452,8518,14,132037,0,0,33311,13032,0,33310,0,0,32408,0,0,32350,8523,23,33290,0,0,33301,0,0,132105,6093,76;
126561231200;2766499,44904,1,807,572,-204,34532,9065,0,34452,8529,14,132037,0,0,33311,13018,2,33310,0,0,32408,0,0,32350,8537,23,33290,0,0,33301,0,0,132105,6086,78;
126662401200;2766599,44904,1,903,549,-85,34532,8996,0,34452,8538,18,132037,0,0,33311,13015,2,33310,0,0,32408,0,0,32350,8542,23,33290,0,0,33301,0,0,132105,6081,80;
126762989200;2766700,44904,1,790,581,-210,34532,9067,0,34452,8543,19,132037,0,0,33311,13010,1,33310,0,0,32408,0,0,32350,8549,24,33290,0,0,33301,0,0,132105,6075,81;
126959570300;2766897,44904,1,979,538,24,34532,8930,1,34452,8557,20,132037,0,0,33311,13003,3,33310,0,0,32408,0,0,32350,8559,26,33290,5890,0,33301,0,0,132105,6067,78;
127060135300;2766997,44904,1,952,543,-4,34532,8948,0,34452,8558,21,132037,0,0,33311,13003,3,33310,0,0,32408,0,0,32350,8563,26,33290,5416,0,33301,0,0,132105,6065,79;
127263230700;2767200,44904,1,982,526,44,34532,8931,2,34452,8564,23,132037,0,0,33311,13010,3,33310,0,0,32408,0,0,32350,8566,24,33290,5248,0,33301,0,0,132105,6062,78;
127358185400;2767296,44904,1,994,504,80,34532,8929,2,34452,8569,23,132037,0,0,33311,13022,1,33310,0,0,32408,0,0,32350,8570,24,33290,5278,0,33301,0,0,132105,6057,82;
127563049500;2767500,44904,1,935,524,23,34532,8959,0,34452,8587,21,132037,0,0,33311,13013,2,33310,0,0,32408,0,0,32350,8590,25,33290,5376,0,33301,0,0,132105,6044,78;
129262728600;2769200,44904,1,-717,802,-1125,34532,9997,0,34452,8811,13,132037,0,0,33311,13075,0,33310,0,0,32408,0,0,32350,8804,23,33290,0,0,33301,0,0,132105,5881,89;
131062418400;2771000,44904,1,-55,7098,1065,34532,14496,0,34452,9009,16,132037,0,0,33311,6392,0,33310,0,0,32408,0,0,32350,8987,20,33290,5220,0,33301,0,0,132105,5748,87;
134956097000;2774894,44904,1,-470,578,-343,34532,9683,0,34452,9425,7,132037,0,0,33311,13031,1,33310,0,0,32408,0,0,32350,9407,12,33290,0,0,33301,0,0,132105,5460,112;
135059933900;2774998,44904,1,-473,588,-349,34532,9680,0,34452,9424,10,132037,0,0,33311,13024,2,33310,0,0,32408,0,0,32350,9408,13,33290,0,0,33301,0,0,132105,5459,111;
135160577900;2775098,44904,1,-94,495,-22,34532,9435,0,34452,9423,13,132037,0,0,33311,13017,1,33310,0,0,32408,0,0,32350,9407,14,33290,0,0,33301,0,0,132105,5459,111;
135262475700;2775200,44904,1,-1423,872,-956,34532,10243,0,34452,9426,7,132037,0,0,33311,13008,2,33310,0,0,32408,0,0,32350,9406,14,33290,0,0,33301,0,0,132105,5459,108;
135960911000;2775898,44904,1,-383,7292,1811,34532,5109,0,34452,9487,12,132037,0,0,33311,5987,1,33310,0,0,32408,0,0,32350,9470,11,33290,0,0,33301,0,0,132105,5412,110;
136360841200;2776298,44904,1,-594,7312,1656,34532,5360,0,34452,9526,16,132037,0,0,33311,6026,0,33310,0,0,32408,0,0,32350,9513,9,33290,0,0,33301,0,0,132105,5385,113;
136760336000;2776699,44904,1,-1060,7394,1444,34532,5860,0,34452,9588,11,132037,0,0,33311,6073,0,33310,5554,0,32408,0,0,32350,9576,10,33290,0,0,33301,0,0,132105,5343,120;
141257190700;2781195,44904,1,-1041,7080,1538,34532,14110,0,34452,10071,8,132037,0,0,33311,6337,0,33310,7063,0,32408,0,0,32350,10072,9,33290,5884,0,33301,0,0,132105,5055,157;
141459285100;2781398,44904,1,2944,9536,-1175,34532,14079,0,34452,10084,8,132037,0,0,33311,0,0,33310,7147,0,32408,0,0,32350,10081,9,33290,5591,0,33301,0,0,132105,5049,150;
141561759600;2781497,44904,1,3066,9621,-1195,34532,13601,0,34452,10084,8,132037,0,0,33311,0,0,33310,7097,0,32408,0,0,32350,10080,9,33290,5599,0,33301,0,0,132105,5048,155;
141660421600;2781599,44904,1,3028,9593,-1185,34532,13811,0,34452,10081,9,132037,0,0,33311,0,0,33310,7109,0,32408,0,0,32350,10083,9,33290,5592,0,33301,0,0,132105,5048,157;
141761438900;2781700,44904,1,9968,-487,-5729,34532,13864,0,34452,10083,8,132037,0,0,33311,0,0,33310,12739,0,32408,0,0,32350,10080,9,33290,5566,0,33301,0,0,132105,5047,150;
141855815000;2781794,44904,1,13126,1221,-5126,34532,14118,0,34452,10083,8,132037,0,0,33311,0,0,33310,12206,0,32408,0,0,32350,10082,9,33290,5579,0,33301,0,0,132105,5047,152;
141960783200;2781899,44904,1,13243,10742,-140,34532,9991,0,34452,10078,8,132037,0,0,33311,0,0,33310,7217,0,32408,0,0,32350,10079,8,33290,5577,0,33301,0,0,132105,5051,152;
142361392700;2782301,44904,1,-724,530,518,34532,9676,0,34452,10032,9,132037,0,0,33311,0,0,33310,11715,2,32408,0,0,32350,10025,11,33290,0,0,33301,0,0,132105,5078,156;
142462644300;2782401,44904,1,-319,577,-449,34532,9814,0,34452,10013,8,132037,0,0,33311,0,0,33310,11699,2,32408,0,0,32350,10012,11,33290,0,0,33301,0,0,132105,5089,141;
142558246700;2782498,44904,1,-764,505,778,34532,9628,0,34452,9995,8,132037,0,0,33311,0,0,33310,11692,1,32408,0,0,32350,9990,11,33290,5563,0,33301,0,0,132105,5100,138;
142759558900;2782698,44904,1,-742,505,819,34532,9603,1,34452,9963,8,132037,0,0,33311,0,0,33310,11666,2,32408,0,0,32350,9957,11,33290,0,0,33301,0,0,132105,5115,127;
142860901200;2782799,44904,1,15896,2607,-2968,34532,14266,4,34452,9953,12,132037,0,0,33311,0,0,33310,11659,2,32408,0,0,32350,9945,9,33290,14553,0,33301,0,0,132105,5122,132;
142962067500;2782901,44904,1,-825,353,1316,34532,9620,3,34452,9943,5,132037,0,0,33311,0,0,33310,11711,0,32408,0,0,32350,9937,11,33290,9675,0,33301,0,0,132105,5128,149;
143056127700;2782995,44904,1,-944,250,2005,34532,9608,5,34452,9937,8,132037,0,0,33311,0,0,33310,11746,0,32408,0,0,32350,9926,9,33290,9657,0,33301,0,0,132105,5132,146;
143159173500;2783098,44904,1,-649,506,651,34532,9607,4,34452,9926,8,132037,0,0,33311,0,0,33310,11639,2,32408,0,0,32350,9921,8,33290,9664,0,33301,0,0,132105,5135,135;
143259167600;2783199,44904,1,-683,476,793,34532,9602,5,34452,9922,9,132037,0,0,33311,0,0,33310,11647,0,32408,0,0,32350,9914,8,33290,9631,0,33301,0,0,132105,5140,158;
143354644500;2783294,44904,1,-685,464,836,34532,9598,11,34452,9914,9,132037,0,0,33311,0,0,33310,11645,0,32408,0,0,32350,9910,9,33290,9607,3,33301,0,0,132105,5144,129;
143655312700;2783594,44904,1,-664,471,825,34532,9585,11,34452,9896,6,132037,0,0,33311,0,0,33310,11628,1,32408,0,0,32350,9884,10,33290,9596,2,33301,0,0,132105,5155,107;
143958659600;2783898,44904,1,-606,507,662,34532,9579,8,34452,9883,11,132037,0,0,33311,0,0,33310,11604,2,32408,0,0,32350,9877,8,33290,9600,1,33301,0,0,132105,5163,132;
144057195100;2783996,44904,1,-570,525,563,34532,9580,9,34452,9877,4,132037,0,0,33311,0,0,33310,11593,2,32408,0,0,32350,9871,9,33290,9593,1,33301,0,0,132105,5165,146;
144159211900;2784098,44904,1,-567,525,571,34532,9576,10,34452,9872,5,132037,0,0,33311,6193,0,33310,11589,3,32408,0,0,32350,9865,10,33290,9582,2,33301,0,0,132105,5166,144;
144254890500;2784194,44904,1,-555,511,574,34532,9579,10,34452,9863,3,132037,0,0,33311,6234,0,33310,11588,3,32408,0,0,32350,9863,9,33290,9582,2,33301,0,0,132105,5168,135;
153656550000;2793596,44904,1,244,469,445,34532,9258,12,34452,9187,15,132037,0,0,33311,13037,1,33310,11085,2,32408,0,0,32350,9157,14,33290,9258,1,33301,0,0,132105,5633,38;
153756572000;2793697,44904,1,259,469,447,34532,9250,12,34452,9173,13,132037,0,0,33311,13046,1,33310,11074,2,32408,0,0,32350,9149,15,33290,9253,1,33301,0,0,132105,5641,41;
153856955500;2793797,44904,1,270,463,463,34532,9244,12,34452,9159,12,132037,0,0,33311,13054,1,33310,11066,2,32408,0,0,32350,9133,16,33290,9246,1,33301,0,0,132105,5651,45;
153958794400;2793899,44904,1,280,468,459,34532,9236,12,34452,9150,13,132037,0,0,33311,13085,0,33310,11057,2,32408,0,0,32350,9125,17,33290,9243,1,33301,0,0,132105,5659,51;
154053705900;2793994,44904,1,290,471,453,34532,9231,13,34452,9143,12,132037,0,0,33311,13051,1,33310,11050,3,32408,0,0,32350,9113,18,33290,9234,1,33301,0,0,132105,5664,45;
154155531300;2794096,44904,1,310,466,457,34532,9225,13,34452,9124,13,132037,0,0,33311,13073,0,33310,11038,2,32408,0,0,32350,9100,17,33290,9225,1,33301,0,0,132105,5676,43;
154357849600;2794297,44904,1,410,429,116,34532,9209,10,34452,9097,12,132037,0,0,33311,13054,0,33310,11021,0,32408,0,0,32350,9073,16,33290,9215,0,33301,0,0,132105,5690,42;
154453317600;2794393,44904,1,349,463,482,34532,9200,8,34452,9081,12,132037,0,0,33311,13030,1,33310,11006,2,32408,0,0,32350,9058,14,33290,9288,0,33301,0,0,132105,5700,37;
154554547900;2794495,44904,1,377,466,455,34532,9195,9,34452,9065,15,132037,0,0,33311,13025,1,33310,10993,2,32408,0,0,32350,9041,21,33290,9213,0,33301,0,0,132105,5715,31;
154656562500;2794597,44904,1,371,460,499,34532,9186,9,34452,9056,16,132037,0,0,33311,13130,0,33310,10988,1,32408,0,0,32350,9026,18,33290,9215,0,33301,0,0,132105,5725,31;
154756178600;2794697,44904,1,596,252,370,34532,9182,9,34452,9043,14,132037,0,0,33311,13173,0,33310,10980,0,32408,0,0,32350,9019,16,33290,9198,0,33301,0,0,132105,5734,17;
154855041200;2794795,44904,1,474,440,100,34532,9180,11,34452,9039,15,132037,0,0,33311,13049,1,33310,12188,0,32408,0,0,32350,9014,19,33290,9180,0,33301,0,0,132105,5736,26;
154958832200;2794899,44904,1,531,348,223,34532,9183,11,34452,9039,15,132037,0,0,33311,13110,0,33310,12165,0,32408,0,0,32350,9016,18,33290,9182,0,33301,0,0,132105,5736,15;
155053316100;2794993,44904,1,499,403,144,34532,9182,11,34452,9039,15,132037,0,0,33311,13075,0,33310,11483,0,32408,0,0,32350,9015,18,33290,9180,0,33301,0,0,132105,5740,9;
155155138500;2795095,44904,1,26,107,2124,34532,9183,11,34452,9035,16,132037,0,0,33311,13078,0,33310,11117,0,32408,0,0,32350,9013,18,33290,9181,0,33301,0,0,132105,5735,11;
155255899100;2795196,44904,1,461,455,80,34532,9181,11,34452,9036,16,132037,0,0,33311,13039,1,33310,11445,0,32408,0,0,32350,9017,18,33290,9181,0,33301,0,0,132105,5734,17;
155356904400;2795297,44904,1,454,459,73,34532,9183,11,34452,9035,17,132037,0,0,33311,13036,0,33310,11350,0,32408,0,0,32350,9014,19,33290,9180,0,33301,0,0,132105,5732,24;
155453045400;2795394,44904,1,454,464,71,34532,9180,13,34452,9038,16,132037,0,0,33311,13032,1,33310,11162,0,32408,0,0,32350,9013,19,33290,9179,1,33301,0,0,132105,5731,39;
155555381500;2795496,44904,1,391,453,507,34532,9180,8,34452,9036,15,132037,0,0,33311,0,0,33310,10977,1,32408,0,0,32350,9014,19,33290,9309,0,33301,0,0,132105,5731,54;
155655173700;2795596,44904,1,449,485,387,34532,9173,10,34452,9020,17,132037,0,0,33311,0,0,33310,10952,1,32408,0,0,32350,8998,19,33290,9174,0,33301,0,0,132105,5742,75;
155756316200;2795697,44904,1,447,478,434,34532,9162,11,34452,9006,15,132037,0,0,33311,13049,0,33310,10943,3,32408,0,0,32350,8986,20,33290,9171,0,33301,0,0,132105,5752,93;
155853272500;2795794,44904,1,451,469,460,34532,9157,12,34452,8995,15,132037,0,0,33311,13019,2,33310,10938,3,32408,0,0,32350,8976,20,33290,9162,0,33301,0,0,132105,5757,95;
155955871100;2795897,44904,1,472,481,423,34532,9152,13,34452,8987,14,132037,0,0,33311,13074,0,33310,10927,2,32408,0,0,32350,8969,20,33290,9155,1,33301,0,0,132105,5765,97;
156055235200;2795996,44904,1,480,473,435,34532,9150,12,34452,8977,12,132037,0,0,33311,14173,0,33310,10923,1,32408,0,0,32350,8958,18,33290,9153,0,33301,0,0,132105,5770,88;
156155652400;2796097,44904,1,486,472,440,34532,9147,12,34452,8971,15,132037,0,0,33311,0,0,33310,10919,1,32408,0,0,32350,8953,18,33290,9154,1,33301,0,0,132105,5775,87;
156252960200;2796194,44904,1,357,348,900,34532,9144,13,34452,8963,10,132037,0,0,33311,14110,0,33310,10964,0,32408,0,0,32350,8948,19,33290,9144,0,33301,0,0,132105,5780,95;
156355141100;2796296,44904,1,488,473,456,34532,9139,13,34452,8963,12,132037,0,0,33311,13644,0,33310,10912,1,32408,0,0,32350,8943,17,33290,9138,0,33301,0,0,132105,5781,92;
156455453100;2796397,44904,1,496,476,449,34532,9135,14,34452,8958,19,132037,0,0,33311,13350,0,33310,10907,2,32408,0,0,32350,8941,18,33290,9138,1,33301,0,0,132105,5781,105;
156557452000;2796499,44904,1,515,486,401,34532,9138,14,34452,8956,17,132037,0,0,33311,0,0,33310,10902,3,32408,0,0,32350,8935,17,33290,9132,1,33301,0,0,132105,5783,102;
156655412000;2796597,44904,1,518,487,396,34532,9138,12,34452,8955,15,132037,0,0,33311,13121,0,33310,10901,3,32408,0,0,32350,8938,18,33290,9138,0,33301,0,0,132105,5783,101;
156752162000;2796693,44904,1,498,469,456,34532,9138,11,34452,8955,12,132037,0,0,33311,0,0,33310,10908,0,32408,0,0,32350,8937,19,33290,9152,0,33301,0,0,132105,5787,92;
156856555500;2796798,44904,1,489,458,488,34532,9139,13,34452,8954,11,132037,0,0,33311,0,0,33310,10912,0,32408,0,0,32350,8937,18,33290,9139,0,33301,0,0,132105,5786,91;
156955289500;2796896,44904,1,506,482,433,34532,9132,14,34452,8953,13,132037,0,0,33311,0,0,33310,10901,1,32408,0,0,32350,8931,19,33290,9132,1,33301,0,0,132105,5788,87;
157055589800;2796997,44904,1,507,467,473,34532,9128,14,34452,8941,16,132037,0,0,33311,0,0,33310,10898,1,32408,0,0,32350,8921,16,33290,9130,1,33301,0,0,132105,5793,90;
157151309500;2797092,44904,1,530,476,437,34532,9125,11,34452,8931,15,132037,0,0,33311,13147,0,33310,10888,1,32408,0,0,32350,8915,17,33290,9129,0,33301,0,0,132105,5798,86;
157255475500;2797197,44904,1,536,480,445,34532,9116,11,34452,8922,14,132037,0,0,33311,0,0,33310,10879,1,32408,0,0,32350,8903,18,33290,9123,0,33301,0,0,132105,5806,77;
157355016100;2797296,44904,1,559,483,419,34532,9113,11,34452,8910,13,132037,0,0,33311,14198,0,33310,10869,2,32408,0,0,32350,8890,17,33290,9117,0,33301,0,0,132105,5815,78;
157455293900;2797397,44904,1,563,477,442,34532,9107,11,34452,8899,12,132037,0,0,33311,0,0,33310,10863,3,32408,0,0,32350,8882,17,33290,9113,0,33301,0,0,132105,5820,89;
157551059600;2797492,44904,1,580,484,416,34532,9104,13,34452,8892,11,132037,0,0,33311,0,0,33310,10855,3,32408,0,0,32350,8875,17,33290,9102,1,33301,0,0,132105,5827,89;
157653418800;2797595,44904,1,580,474,457,34532,9097,13,34452,8880,13,132037,0,0,33311,13163,0,33310,10850,1,32408,0,0,32350,8868,19,33290,9097,0,33301,0,0,132105,5833,98;
157754440900;2797695,44904,1,592,482,441,34532,9091,12,34452,8873,15,132037,0,0,33311,13107,0,33310,10840,2,32408,0,0,32350,8861,18,33290,9093,0,33301,0,0,132105,5836,104;
157856772800;2797798,44904,1,617,497,390,34532,9088,14,34452,8866,15,132037,0,0,33311,13096,0,33310,10829,3,32408,0,0,32350,8854,17,33290,9086,1,33301,0,0,132105,5841,93;
157950659100;2797892,44904,1,623,496,397,34532,9083,13,34452,8858,15,132037,0,0,33311,13052,0,33310,10823,3,32408,0,0,32350,8847,18,33290,9082,0,33301,0,0,132105,5847,84;
158054917900;2797996,44904,1,621,488,428,34532,9079,13,34452,8851,14,132037,0,0,33311,13038,0,33310,10821,2,32408,0,0,32350,8840,19,33290,9081,0,33301,0,0,132105,5852,85;
158155561600;2798097,44904,1,711,423,155,34532,9076,12,34452,8843,14,132037,0,0,33311,13064,0,33310,10815,0,32408,0,0,32350,8833,19,33290,9074,0,33301,0,0,132105,5859,82;
158250870800;2798192,44904,1,692,466,97,34532,9071,15,34452,8834,14,132037,0,0,33311,13035,0,33310,10806,0,32408,0,0,32350,8822,21,33290,9068,1,33301,0,0,132105,5864,89;
158353736100;2798295,44904,1,683,496,54,34532,9067,14,34452,8826,13,132037,0,0,33311,13016,1,33310,10799,1,32408,0,0,32350,8816,21,33290,9064,1,33301,0,0,132105,5872,91;
158455181700;2798397,44904,1,694,502,53,34532,9058,13,34452,8814,13,132037,0,0,33311,13011,2,33310,10795,2,32408,0,0,32350,8808,20,33290,9063,0,33301,0,0,132105,5877,91;
158555975600;2798497,44904,1,698,504,49,34532,9056,13,34452,8810,15,132037,0,0,33311,13010,2,33310,10786,2,32408,0,0,32350,8799,22,33290,9056,1,33301,0,0,132105,5881,89;
158651039100;2798592,44904,1,686,503,395,34532,9052,14,34452,8801,15,132037,0,0,33311,13019,1,33310,10778,2,32408,0,0,32350,8795,22,33290,9053,1,33301,0,0,132105,5886,85;
158754340300;2798696,44904,1,760,493,102,34532,1,0,34452,8791,17,132037,0,0,33311,13011,1,33310,10769,2,32408,0,0,32350,8785,22,33290,9043,1,33301,0,0,132105,5893,85;
158856384200;2798797,44904,1,714,508,381,34532,9041,16,34452,8780,17,132037,0,0,33311,13015,1,33310,10760,2,32408,0,0,32350,8777,22,33290,9039,1,33301,0,0,132105,5898,60;
158955233700;2798897,44904,1,752,487,77,34532,9038,14,34452,8776,16,132037,0,0,33311,13023,1,33310,10758,1,32408,0,0,32350,8771,24,33290,9032,1,33301,0,0,132105,5906,54;
159051109900;2798992,44904,1,708,486,438,34532,9039,14,34452,8769,19,132037,0,0,33311,13017,1,33310,10761,3,32408,0,0,32350,8766,24,33290,9038,1,33301,0,0,132105,5912,43;
159152512500;2799094,44904,1,729,498,404,34532,9033,16,34452,8761,20,132037,0,0,33311,13012,1,33310,10750,2,32408,0,0,32350,8758,24,33290,9027,1,33301,0,0,132105,5918,33;
159254755200;2799196,44904,1,739,505,397,34532,9026,12,34452,8753,18,132037,0,0,33311,13046,0,33310,10740,1,32408,0,0,32350,8748,24,33290,9035,0,33301,0,0,132105,5928,25;
159355071600;2799297,44904,1,744,498,411,34532,9024,14,34452,8745,16,132037,0,0,33311,0,0,33310,10737,1,32408,0,0,32350,8740,23,33290,9021,1,33301,0,0,132105,5937,23;
159452443100;2799394,44904,1,387,164,1840,34532,9021,21,34452,8737,19,132037,0,0,33311,13958,0,33310,10870,0,32408,0,0,32350,8733,26,33290,9006,3,33301,0,0,132105,5942,34;
159556075200;2799497,44904,1,706,442,596,34532,9016,13,34452,8724,16,132037,0,0,33311,0,0,33310,10746,5,32408,0,0,32350,8722,27,33290,9016,0,33301,0,0,132105,5947,43;
159655716800;2799597,44904,1,746,468,507,34532,9011,10,34452,8714,15,132037,0,0,33311,0,0,33310,10727,1,32408,0,0,32350,8711,24,33290,9027,0,33301,0,0,132105,5955,36;
159751336400;2799693,44904,1,789,495,416,34532,9006,18,34452,8703,20,132037,0,0,33311,13179,0,33310,10708,2,32408,0,0,32350,8707,25,33290,8996,1,33301,0,0,132105,5962,28;
159853197700;2799795,44904,1,801,511,384,34532,9000,13,34452,8701,19,132037,0,0,33311,0,0,33310,10699,4,32408,0,0,32350,8698,24,33290,9004,1,33301,0,0,132105,5966,30;
159954923300;2799896,44904,1,793,497,435,34532,8995,15,34452,8692,17,132037,0,0,33311,13197,0,33310,10698,2,32408,0,0,32350,8690,27,33290,8993,1,33301,0,0,132105,5972,34;
160053366800;2799995,44904,1,816,506,388,34532,8996,16,34452,8687,18,132037,0,0,33311,13571,0,33310,10691,2,32408,0,0,32350,8687,26,33290,8990,1,33301,0,0,132105,5974,39;
160152041200;2800093,44904,1,822,504,398,34532,8992,17,34452,8679,21,132037,0,0,33311,13074,0,33310,10686,1,32408,0,0,32350,8679,26,33290,8987,1,33301,0,0,132105,5982,24;
160251732900;2800193,44904,1,830,502,401,34532,8989,17,34452,8671,21,132037,0,0,33311,0,0,33310,10681,1,32408,0,0,32350,8673,26,33290,8985,1,33301,0,0,132105,5991,6;
